0 0.45949074038461535 0.5723291009615384 0.48444058653846156 0.6025927740384616 0.51146990625 0.6420703125 0.5166705240384615 0.6815429687500001 0.5093942908653847 0.7341748052884616 0.5405825625 0.7328564447115385 0.5821682091346154 0.7302246105769231 0.6164737644230769 0.7249609375 0.6539004639423076 0.6881201177884615 0.6518209879807693 0.6394384759615386 0.638306326923077 0.6052246105769231 0.626871141826923 0.571015625 0.6133564807692308 0.5525927740384615 0.5759297836538462 0.5131201177884616 0.5104320985576923 0.4368066418269231 0.4740432091346154 0.5078564447115385 0.4626080240384616 0.5394384759615385 0.45949074038461535 0.5723291009615384
0 1 0.4611865240384615 0.9979128076923077 0.44955078125000003 0.9862152788461539 0.44584961057692307 0.9527893509615384 0.43633300721153845 0.9302276225961539 0.43474609375 0.9202006177884615 0.43844726682692303 0.9151851850961539 0.4548388677884615 0.9268865745192307 0.4876220697115385 0.9385841057692308 0.5066601562499999 0.9678317908653846 0.509833985576923 0.9920640432692308 0.5119482427884615 1 0.49872558653846155 1 0.4796923822115385 1 0.4611865240384615
0 0.4452893509615385 0.3866845697115385 0.41581018509615386 0.38135253846153844 0.39294753125 0.37982910096153844 0.35925540144230766 0.3828759759615385 0.33458719230769235 0.39353515624999996 0.32917438221153844 0.41028808653846155 0.3297762355769231 0.43313476442307697 0.3490277788461539 0.4476025384615384 0.3923456778846154 0.45521484375 0.44709490625 0.45064453125 0.4783796298076923 0.43313476442307697 0.5084606490384616 0.400390625 0.4837962956730769 0.3927783197115385 0.4741666658653846 0.39049316346153845 0.4452893509615385 0.3866845697115385
0 0.6179591057692307 0.48186523557692307 0.6317978389423077 0.45292968749999996 0.6299922836538462 0.4377001947115385 0.61375 0.4095263677884615 0.5956983028846154 0.38896972596153845 0.5824652788461538 0.38592285096153844 0.5692283942307692 0.3866845697115385 0.5259104927884615 0.4201855480769231 0.5427546298076923 0.46511230528846154 0.5644135793269232 0.4826269519230769 0.6059297836538462 0.49785644471153845 0.6179591057692307 0.48186523557692307
0 0.25432870432692306 0.39041503846153847 0.2880208341346154 0.3782324206730769 0.30667052403846157 0.3713769543269231 0.3084760793269231 0.3424462884615384 0.30787422836538464 0.32036132932692307 0.29584105048076925 0.3127490240384615 0.2711728389423077 0.2967578125 0.25553240625 0.29599609375 0.23928626442307693 0.29447265625 0.22364583413461536 0.30208496153846154 0.2182291658653846 0.3058935552884615 0.20258873557692308 0.3310205072115385 0.19416280769230768 0.34625 0.19957947596153847 0.3683349615384615 0.23026234615384616 0.3835644543269231 0.25432870432692306 0.39041503846153847
0 0.1360378076923077 0.39121581971153846 0.1244328701923077 0.39121581971153846 0.11746913461538461 0.39635253846153845 0.11311728365384616 0.40443359375 0.10615355048076923 0.4143505865384615 0.09483796394230769 0.4312402355769231 0.09976851923076922 0.44629394471153844 0.11079475240384616 0.4565771490384615 0.12675154326923077 0.45584472596153847 0.14184027884615386 0.44739746153846155 0.14822144951923077 0.43197265625000003 0.1577970673076923 0.40847168028846154 0.1540239206730769 0.39488769471153845 0.1467708341346154 0.39268066346153846 0.1360378076923077 0.39121581971153846
0 0.7611072524038461 0.057460937499999996 0.7541743822115384 0.0728125 0.7515740745192308 0.09913086057692308 0.7455092596153846 0.1495703125 0.7689043221153846 0.1550488293269231 0.78709490625 0.16930663942307692 0.7992245360576924 0.16711425721153847 0.814818673076923 0.1353125 0.8217515432692307 0.07610351682692308 0.7940277788461538 0.060751954326923076 0.7784336418269231 0.0563671875 0.7611072524038461 0.057460937499999996
0 0.8558989206730769 0.2773779302884615 0.8696875000000001 0.26891601442307694 0.8826388894230769 0.25728515625 0.8884876538461538 0.24723632932692308 0.8834760793269231 0.22132812500000001 0.8713580240384615 0.2038769543269231 0.8588233028846154 0.19224121153846155 0.8375154326923078 0.1753222644230769 0.8237307091346153 0.18061035096153846 0.8067901225961538 0.19135742067307693 0.7788194447115384 0.2166015625 0.768171295673077 0.23964843749999998 0.7702507716346154 0.2604589831730769 0.7723379639423077 0.2668017572115385 0.7614737644230769 0.2863671875 0.7710841057692307 0.2964160144230769 0.8270717596153846 0.2863671875 0.8412770072115384 0.28425293028846155 0.8558989206730769 0.2773779302884615
0 0.8734066346153846 0.4981982427884616 0.8813425937499999 0.5124755865384615 0.8876118822115384 0.5225244134615384 0.8997260793269231 0.5383886706730769 0.9064120360576923 0.5389160168269231 0.9306442908653847 0.5383886706730769 0.9419251538461538 0.5331005865384616 0.9431790120192307 0.5235791009615385 0.9398379639423078 0.5114208990384616 0.9335686730769232 0.4992578125 0.9202006177884615 0.48550781249999997 0.9068287043269231 0.47123046875 0.8717361105769231 0.470703125 0.8675578701923077 0.484453125 0.8734066346153846 0.4981982427884616
0 0.39196759374999995 0.3415722668269231 0.4003240745192308 0.3463330072115385 0.4278973774038462 0.3489746105769231 0.45380401201923076 0.32940918028846156 0.4625771610576923 0.30402831971153843 0.4738580240384615 0.2844628918269231 0.4830478389423077 0.25432128846153845 0.4763657403846154 0.24269043028846154 0.4467013894230769 0.23845703125 0.41703703605769227 0.24216308653846155 0.39739969230769234 0.24956543028846154 0.3731674375 0.2680712884615385 0.33640046394230766 0.27600097596153844 0.3355632716346154 0.2939794927884615 0.32887731490384614 0.31989257692307693 0.34809799278846154 0.3341699230769231 0.3689891971153846 0.32940918028846156 0.3811033942307693 0.33152343749999996 0.39196759374999995 0.3415722668269231
0 0.15634644951923077 0.4132470697115384 0.1537345673076923 0.4279345697115385 0.15721836538461537 0.4451953125 0.16533950721153845 0.46245117307692307 0.17752700721153847 0.47750976682692303 0.19551697596153844 0.4664941418269231 0.20857253125 0.45437500000000003 0.21292438221153848 0.4268359375 0.21205246875 0.40847168028846154 0.21002314903846153 0.3919482427884615 0.17085262259615386 0.4022314447115385 0.16940200721153845 0.40406738221153843 0.15634644951923077 0.4132470697115384
0 0.96790509375 0.8038134759615385 0.9827044759615385 0.7869238269230769 0.9806712956730769 0.7795800793269231 0.9722608028846154 0.7722314447115385 0.9612345673076923 0.7637890625 0.9470177475961539 0.7579101562499999 0.9380208341346153 0.7604833990384615 0.9211921298076924 0.7733349615384615 0.9037847211538461 0.7961035144230769 0.9507870360576922 0.8085888677884616 0.9589120360576923 0.8104248052884616 0.96790509375 0.8038134759615385
0 0.8649228389423077 0.5504833990384616 0.8619174375 0.517490233173077 0.8498842596153846 0.492109375 0.844868826923077 0.47307128846153845 0.8368479927884616 0.4514990240384616 0.8313310192307692 0.4369042956730769 0.82732253125 0.4292871105769231 0.8203009254807692 0.42230956971153844 0.7912229927884616 0.40961913942307693 0.7857098774038461 0.40517578125 0.7701658942307692 0.3943896490384615 0.7546219134615384 0.3874072259615385 0.7315625 0.38169921875 0.6899459879807692 0.38232910096153844 0.666381173076923 0.3956591802884616 0.6508410504807693 0.41913574278846155 0.6363001538461539 0.45847656249999996 0.60571759375 0.49591308653846156 0.5971952163461538 0.5136816418269231 0.6062191346153847 0.54287109375 0.6287808653846153 0.5790380865384616 0.6593634254807692 0.62853515625 0.681423610576923 0.6608984375 0.7004745360576923 0.6589941394230769 0.7145138894230769 0.62345703125 0.72053240625 0.59998046875 0.7450964495192308 0.5891943365384615 0.7870138894230769 0.5934423822115384 0.8120794759615385 0.5961083990384616 0.8275231490384616 0.6040429687500001 0.8442168221153845 0.6177490240384615 0.8634220673076923 0.6507421875 0.8849807091346154 0.6456689447115385 0.8764544759615384 0.6145751947115385 0.8669290120192308 0.5803076177884615 0.8649228389423077 0.5504833990384616
0 0.9257021610576923 0.25300293028846155 0.8989891971153846 0.25939941346153844 0.8693865745192307 0.26853515624999996 0.8412307091346154 0.29046875 0.7899691346153846 0.3087402331730769 0.7632561730769231 0.32792968749999996 0.7704783942307691 0.37087890625000003 0.8044097211538461 0.39189453124999996 0.8477276225961539 0.38092773317307693 0.9062075625 0.33158691346153846 0.9451929014423077 0.28224609375000004 0.9430285504807692 0.2703662115384616 0.9257021610576923 0.25300293028846155
0 0.08834105048076922 0.2157519543269231 0.037395834134615384 0.2157519543269231 0.029081790865384614 0.23022461057692306 0.019722221153846156 0.24732910096153848 0.012445987980769232 0.2973291009615385 0.033240740384615386 0.35259277403846156 0.050914350961538464 0.3881201177884615 0.09665509375 0.3868066418269231 0.1361612644230769 0.38285644471153846 0.19749999999999998 0.35785644471153844 0.21045524759615386 0.30424804807692307 0.1798263894230769 0.23022461057692306 0.14655864182692308 0.23154296875000002 0.12680555528846155 0.22364746153846154 0.08834105048076922 0.2157519543269231
0 0.2880208341346154 0.18177734375000001 0.26636188221153845 0.18177734375000001 0.25011574038461537 0.16197753846153845 0.23387345673076923 0.13608886778846155 0.21582561778846154 0.11934081971153845 0.2001813269230769 0.11781738221153847 0.1845370360576923 0.14142089903846153 0.18032793269230768 0.17111816346153846 0.1731057091346154 0.20385742307692306 0.17611496875000002 0.24649902403846152 0.18935185096153845 0.24726074278846152 0.2061959879807692 0.2716308581730769 0.21221450721153845 0.29294921874999996 0.21582561778846154 0.301328125 0.2687692908653846 0.2853369134615385 0.28140432211538463 0.23888671875 0.28862268509615385 0.21680664182692308 0.2898263894230769 0.19167480528846154 0.2880208341346154 0.18177734375000001
0 0.66267746875 0.32015625000000003 0.67428240625 0.32970703125 0.6873109567307693 0.34329101442307697 0.7099691346153846 0.34182617067307697 0.7317283942307693 0.3396191418269231 0.7453395072115385 0.3359472668269231 0.7505594134615384 0.3245654302884615 0.7471064807692307 0.31318359375000004 0.7433371923076924 0.301796875 0.7337307091346154 0.2786621105769231 0.7232870360576923 0.2738916009615385 0.7050077163461539 0.27425781250000003 0.6861766971153845 0.2782958990384615 0.6792129639423077 0.2900488293269231 0.6502006177884615 0.2973925769230769 0.64642746875 0.30657226682692307 0.6536535504807692 0.3106103509615385 0.66267746875 0.32015625000000003
0 0.8431558653846154 0 0.8278356490384616 0.001484375 0.8156520072115385 0.015585937499999999 0.809733795673077 0.030566406249999997 0.809733795673077 0.05083496153846154 0.8198302475961537 0.062294920673076924 0.8396759254807692 0.06141113221153846 0.8602160504807692 0.03629394471153846 0.8664853389423077 0.024399413461538462 0.8619598774038462 0.004570312500000001 0.8497723774038461 0 0.8431558653846154 0
0 1 0.05855956971153846 0.9750964495192308 0.06623535096153846 0.9638348774038461 0.09803222596153846 0.9499729927884615 0.14627929567307693 0.9161844134615384 0.21097168028846153 0.9205169759615385 0.2471582043269231 0.9517052475961538 0.2394824206730769 1 0.24057617067307693 1 0.0728125 1 0.05855956971153846
0 0.9192322524038462 0.2034375 0.9272415120192308 0.17787597596153845 0.9394251538461538 0.16333496153846155 0.9314197524038461 0.1545214831730769 0.9181867283653846 0.14438964903846155 0.9049575625 0.13777831971153848 0.8927700624999999 0.13557617307692307 0.8851118822115385 0.14042480528846155 0.88615740625 0.16598144471153847 0.8837191346153846 0.192421875 0.8948611105769231 0.19374023317307693 0.9133140432692308 0.20255371153846152 0.9192322524038462 0.2034375
0 0.03673611057692308 0.09086425721153847 0.03451774759615384 0.10387206971153845 0.036535492788461535 0.1163671875 0.04378857932692308 0.12325195432692307 0.06635416586538462 0.13166503846153846 0.07622685096153846 0.12427246153846154 0.08187114182692307 0.10948242307692307 0.08327932211538462 0.08754882932692308 0.05930169711538461 0.07811523317307692 0.0496296298076923 0.07938964903846155 0.03673611057692308 0.09086425721153847
0 0.1756211418269231 0.09772460817307692 0.18045910576923077 0.08426269471153845 0.17344521634615384 0.07354980528846154 0.1688503076923077 0.0695703125 0.15797067788461538 0.06375976682692308 0.14322144951923077 0.05916992307692308 0.1393557091346154 0.059472656250000006 0.12944058653846155 0.07110351442307693 0.14249614182692308 0.09038085817307692 0.1562808653846154 0.10017578125 0.1661921298076923 0.10598632932692308 0.1756211418269231 0.09772460817307692
0 0.37441357932692304 0.021577149038461536 0.3660570985576923 0.024663086538461537 0.33854938221153846 0.037880858173076924 0.3340239206730769 0.048896483173076925 0.3054745360576923 0.05110351442307692 0.29363811778846155 0.05639160096153846 0.2807561730769231 0.07137206971153846 0.2734413581730769 0.09208007692307693 0.2696141971153846 0.11896484375000001 0.2748341057692308 0.13218261778846155 0.27866512259615384 0.15465331971153845 0.2856288581730769 0.17228027403846152 0.29537808653846154 0.18505859375 0.30478009375 0.19387206971153845 0.31696373557692303 0.19916015625 0.3281057091346154 0.19034668028846152 0.3430787043269231 0.16302734375 0.3712808653846154 0.13174316346153844 0.3771990745192308 0.12160644471153846 0.3942515432692308 0.12382812500000001 0.4054012355769231 0.09076171875 0.41445216105769234 0.0726953125 0.40679398076923073 0.06564453125 0.3925192908653846 0.039204100961538466 0.38067901201923077 0.028188475961538464 0.37441357932692304 0.021577149038461536
0 0.2097337956730769 0.428671875 0.21466435096153846 0.43711425721153846 0.22511188221153844 0.4451953125 0.24164737740384615 0.4576806634615384 0.25325617307692305 0.44850097596153843 0.27182484615384617 0.42315918028846156 0.27298611057692307 0.40810546875 0.26021990625 0.4011279302884615 0.24629243750000002 0.39158203124999996 0.21727623557692308 0.3967236322115385 0.2097337956730769 0.40663574278846154 0.2097337956730769 0.428671875
0 0.6181558653846154 0.0881640625 0.5973611105769231 0.08268066346153846 0.5375848774038462 0.09145507932692308 0.5375848774038462 0.10022461057692308 0.5375848774038462 0.11667480528846154 0.5531790120192308 0.17588378846153846 0.5835030865384615 0.21535644471153845 0.5886998461538462 0.2120703125 0.6614737644230769 0.20329589903846154 0.6891975312499999 0.19123535096153846 0.7238503076923077 0.15285644471153848 0.7359799375 0.10790038942307692 0.6917978389423076 0.09254882692307692 0.6736033942307693 0.09145507932692308 0.6181558653846154 0.0881640625
0 0.2432445985576923 0.5986474615384615 0.2214120360576923 0.6144384759615384 0.2089390432692308 0.6486474615384614 0.19957947596153847 0.696015625 0.20581790144230772 0.761806641826923 0.2328510793269231 0.7670703125 0.35344521634615383 0.7789111322115385 0.4553317908653846 0.7473291009615385 0.4834027788461538 0.7447021490384615 0.5135493822115385 0.6828564447115385 0.5052353389423077 0.63154296875 0.4615702163461538 0.5986474615384615 0.41790509375 0.5762792980769231 0.31498070913461534 0.5881201177884615 0.2910686730769231 0.590751951923077 0.2432445985576923 0.5986474615384615
0 1 0.6328564447115385 0.99178240625 0.5973291009615385 0.9782677475961539 0.5828564447115384 0.9470794759615385 0.5670703125000001 0.908611110576923 0.5512792980769231 0.883661264423077 0.5539111322115384 0.8711844134615384 0.5578564447115385 0.8607908942307693 0.6025927740384616 0.9106905865384616 0.6539111322115385 0.9689120360576923 0.6670703125 1 0.6618066418269231 1 0.6328564447115385
0 0.8466396610576923 0.05700683653846154 0.8386304014423077 0.08212402403846154 0.8539506177884615 0.08564941346153845 0.8682253076923078 0.08300293028846153 0.9006057091346154 0.07639648557692308 0.9194058653846154 0.055244139423076925 0.9211458341346154 0.037177735576923075 0.889463735576923 0.020874024038461537 0.8703125 0.0296875 0.8616087956730769 0.04114257932692308 0.8466396610576923 0.05700683653846154
0 0.6225964495192307 0.03360839903846154 0.6175848774038462 0.03360839903846154 0.6042129639423077 0.032021483173076924 0.5870833341346153 0.03783691346153846 0.5833217596153847 0.03942382692307692 0.5762191346153845 0.040483399038461536 0.5352739206730769 0.06004882932692308 0.510625 0.06903808653846154 0.5064467596153845 0.08014160096153847 0.5235763894230769 0.10182128846153846 0.5290084879807693 0.10234863221153846 0.5407060192307692 0.09494628846153846 0.5503163581730769 0.09177246153846154 0.5649382716346154 0.086484375 0.5916782403846154 0.08595703125 0.6008719134615385 0.08595703125 0.6029591057692307 0.08595703125 0.6267746923076923 0.08808593749999999 0.6322067908653846 0.0785546875 0.6347145072115384 0.06216308653846154 0.6342939807692307 0.04577148317307692 0.6225964495192307 0.03360839903846154
0 0.3984529326923077 0.9135058605769231 0.3994560192307692 0.8862207043269231 0.39694830288461536 0.8703613269230769 0.38742283894230767 0.8633789062499999 0.3668672836538462 0.8747998052884616 0.3553356490384615 0.8830517572115385 0.3488155865384615 0.8970117187500001 0.34330246875000003 0.9058935552884615 0.3463078701923077 0.9198535168269231 0.3553356490384615 0.9426953124999999 0.3663657403846154 0.9630029302884615 0.38892746875 0.9426953124999999 0.3984529326923077 0.9135058605769231
0 0.35561728365384615 0.26595703125000003 0.3702430552884615 0.26225586057692307 0.38486496875 0.25644043028846153 0.40241126442307695 0.24691894471153847 0.4366743822115385 0.23898925721153846 0.4550578701923077 0.2331738293269231 0.45965277884615385 0.22523925721153845 0.4709336418269231 0.19245605528846152 0.46633873557692307 0.16231445432692307 0.45881558653846155 0.14063476442307693 0.45045910576923076 0.14063476442307693 0.39363811778846153 0.1401074206730769 0.36063271634615385 0.14645019471153847 0.33890432211538457 0.17553222596153845 0.32428240625 0.22259765625 0.3188503076923077 0.28552246153846156 0.32428240625 0.30191406249999997 0.3276273149038461 0.30561523317307693 0.33263888942307696 0.2717724615384615 0.35561728365384615 0.26595703125000003
0 0.8025694447115386 0.7210156249999999 0.8420756177884615 0.7236474615384616 0.8566319447115384 0.705224608173077 0.8514313269230769 0.6473291009615385 0.8347993822115385 0.6236474615384615 0.815046295673077 0.61048828125 0.80048996875 0.6039111322115385 0.7869753076923077 0.5986474615384615 0.717318673076923 0.6039111322115385 0.7142013894230769 0.671015625 0.7100424375000001 0.70654296875 0.7557870360576923 0.7078564447115384 0.8025694447115386 0.7210156249999999
0 0.9054861105769232 0.47138671875000004 0.9329205240384616 0.43940918028846154 0.9423070985576923 0.395546875 0.9509683653846154 0.3772705072115385 0.9271450625 0.3736181634615384 0.8982638894230769 0.37179199278846153 0.884548610576923 0.36813476682692303 0.8578356490384615 0.38275390625 0.8354552475961537 0.4229589855769231 0.8376195985576923 0.45037109375 0.8787731490384616 0.47595703125 0.9054861105769232 0.47138671875000004
0 0.44597607932692307 0.5447021490384615 0.41790509375 0.5157519519230769 0.3971103389423077 0.49732910096153843 0.3659220673076923 0.4749609375 0.31706018509615386 0.46838378846153844 0.2952276225961538 0.48548828125 0.2910686730769231 0.5131201177884616 0.28587191346153845 0.5407519519230769 0.3077044759615385 0.5749609375 0.3336959879807692 0.5775927740384615 0.45636959855769227 0.5723291009615384 0.45429012259615387 0.5631201177884615 0.44597607932692307 0.5447021490384615
0 0.7598726850961538 0.2492871105769231 0.7656751538461539 0.22982421875 0.7877276225961538 0.21219726442307693 0.794691358173077 0.1982421875 0.7807368822115385 0.19530761778846153 0.7549421298076923 0.19420410096153845 0.727638889423077 0.19934570432692308 0.7204128076923078 0.21807128846153848 0.7146103389423076 0.22982421875 0.7151929014423076 0.24965331971153845 0.7395331778846154 0.2547949230769231 0.7598726850961538 0.2492871105769231
0 0.19189429086538462 0.07642578125 0.20229166586538463 0.06388183653846154 0.21921682211538462 0.05316894471153846 0.22888888942307692 0.043071288461538466 0.22405092548076924 0.03174804567307692 0.21317129567307694 0.03205566346153846 0.20277392067307692 0.02807617307692308 0.18633487740384616 0.02042480528846154 0.17835262259615386 0.016142579326923076 0.17255015384615383 0.014916992788461538 0.16844135817307693 0.024404298076923077 0.16481481490384614 0.05378418028846154 0.16554012259615383 0.06388183653846154 0.1778703701923077 0.07948730528846154 0.19189429086538462 0.07642578125
0 0.37734567788461537 0.35637695432692307 0.40658950721153847 0.3574365240384615 0.4028317908653846 0.3479199230769231 0.39071373557692307 0.33839843750000004 0.3668981490384615 0.32888183653846154 0.3577083341346154 0.33734375 0.36271990625 0.34421874999999996 0.36271990625 0.3558496081730769 0.37065972115384616 0.3569091802884615 0.37734567788461537 0.35637695432692307
0 0.5136805552884616 0.12204589903846154 0.5098533942307693 0.10441894471153847 0.5063695985576924 0.08503418028846153 0.5053240745192308 0.06079589903846154 0.50428240625 0.04581543028846154 0.49871142067307694 0.040083007211538464 0.49174768509615385 0.0383203125 0.4868711418269231 0.03744140625 0.4638927475961539 0.039643555288461536 0.4419598774038462 0.044052733173076924 0.4304668221153846 0.046254882211538464 0.4221141971153846 0.06123535096153846 0.41549768509615387 0.09076171875 0.4168904326923077 0.10397949278846154 0.4207214495192308 0.11103027403846154 0.43464506249999996 0.1119140625 0.4457870360576923 0.12292968750000001 0.4774729927884615 0.12380859375 0.5133333341346155 0.13218261778846155 0.5136805552884616 0.12204589903846154