0 0.4949845673076923 0.42296875 0.49516589423076923 0.4134863269230769 0.5036882716346154 0.40313964903846156 0.4793171298076923 0.4203271490384616 0.45773148076923076 0.45205566346153847 0.43370756250000003 0.4842236322115384 0.40689814903846155 0.5203564447115384 0.40097993750000005 0.536220704326923 0.4135108028846154 0.5423876947115385 0.43788580288461537 0.54458984375 0.4465895072115385 0.5459130865384615 0.4521604927884615 0.5459130865384615 0.4678279326923077 0.53357421875 0.47026620432692307 0.53357421875 0.4845408942307692 0.5168310552884615 0.48732638942307693 0.49920410096153844 0.4855825625 0.4679150384615385 0.4848881177884615 0.4467675769230769 0.4949845673076923 0.42296875
0 0.3568711418269231 0.6205615240384615 0.33848765384615387 0.6274365240384616 0.3276273149038461 0.6311376947115386 0.3234490745192308 0.6343066394230769 0.3188503076923077 0.6501708990384615 0.318433641826923 0.66603515625 0.3175964495192308 0.6914160144230769 0.3276273149038461 0.7041064447115384 0.3368171298076923 0.704638670673077 0.37400077163461537 0.7141552740384616 0.40366512259615384 0.7141552740384616 0.44503086538461534 0.6998779302884616 0.4751118822115385 0.6760839831730769 0.46633873557692307 0.6702685552884616 0.45045910576923076 0.65916015625 0.43291280769230767 0.6475292956730769 0.41494598798076926 0.633251954326923 0.4049189807692307 0.6142138677884615 0.3689891971153846 0.6179150384615385 0.36271990625 0.6179150384615385 0.3568711418269231 0.6205615240384615
0 0.4900424375 0.9145654302884616 0.5029243822115385 0.9207324230769232 0.5196334879807692 0.9198535168269231 0.5370447524038462 0.9158886706730769 0.5520138894230769 0.9044287115384615 0.55236496875 0.89208984375 0.5464429014423077 0.8837207043269231 0.5363464495192308 0.8819580072115384 0.505358795673077 0.8837207043269231 0.48447144951923077 0.89208984375 0.47750771634615385 0.9119238269230769 0.48203317788461536 0.9128027331730769 0.4900424375 0.9145654302884616
0 0.4184567908653846 0.807705079326923 0.41393132692307694 0.8015380865384615 0.39791280769230764 0.7909619134615385 0.3926929014423077 0.79228515625 0.39478009375 0.7997753918269231 0.3968711418269231 0.8094677740384615 0.3972183653846154 0.824453125 0.3968711418269231 0.843837891826923 0.41393132692307694 0.8491259759615384 0.4410879639423077 0.8469238269230769 0.45396990625 0.8323828125 0.4536226850961539 0.8240087884615386 0.4386496923076923 0.8165185552884615 0.4289004639423077 0.8121142572115385 0.4184567908653846 0.807705079326923
0 0.4776195985576923 0.7754931634615385 0.5035223774038461 0.758046875 0.5356944447115385 0.74376953125 0.5348572524038462 0.7294921875 0.5210686730769231 0.72314453125 0.5051929014423077 0.7141552740384616 0.4880632716346154 0.711513673076923 0.4755285504807692 0.70833984375 0.4730208341346154 0.70833984375 0.45631172836538464 0.7300195312500001 0.4400154326923077 0.7680908197115385 0.4400154326923077 0.7839550793269231 0.46299382692307695 0.7892431634615384 0.4776195985576923 0.7754931634615385
0 0.1452507716346154 0.6666699206730768 0.14344521634615384 0.6849462884615385 0.14585262259615386 0.7070263677884616 0.15487654326923075 0.727587889423077 0.1753317908653846 0.7352001947115384 0.19338348798076924 0.7359619134615384 0.22105709855769232 0.7214941394230769 0.2282793221153846 0.69712890625 0.22527006249999998 0.6659082019230769 0.20962577163461538 0.643828125 0.1753317908653846 0.6377343750000001 0.15848765384615385 0.6499169927884616 0.1452507716346154 0.6666699206730768
0 0.4081674375 0.5387451177884615 0.3967361105769231 0.5456005865384616 0.3720717596153846 0.5463623052884615 0.3431905865384615 0.5593066394230769 0.3281520072115385 0.5737744134615385 0.31912422836538457 0.5981396490384616 0.32514274759615386 0.6194580072115384 0.3383796298076923 0.6194580072115384 0.3630439807692308 0.606513673076923 0.40576003125000004 0.608798826923077 0.42140432211538464 0.6423046875 0.44847993750000004 0.6483935552884615 0.4526890432692308 0.610322266826923 0.4514853389423077 0.5494091802884615 0.4322337956730769 0.535703125 0.4238117283653846 0.53494140625 0.4081674375 0.5387451177884615
0 1 0.6868066418269231 0.9564351850961538 0.6631201177884616 0.9231674375 0.6644384759615385 0.8950964495192307 0.6907519543269232 0.8857253076923077 0.755224610576923 0.8722260793269231 0.8170703125000001 0.8597492283653847 0.8591748052884616 0.861828704326923 0.8789111322115384 0.9512384254807693 0.871015625 1 0.8552246105769231 1 0.7591748052884615 1 0.6868066418269231
0 0.20962577163461538 0.643828125 0.21660493749999998 0.6571533197115385 0.24006944471153846 0.6815185552884616 0.25631558653846154 0.6990332019230769 0.2882021610576923 0.6921777355769231 0.2990316346153846 0.6777099615384615 0.31647762259615386 0.6442089831730768 0.2996334879807692 0.61755859375 0.2845910504807692 0.5916650384615385 0.2617283942307692 0.580244139423077 0.2358603389423077 0.5741552740384616 0.22561728365384617 0.5589355480769231 0.1805092596153846 0.5665380865384615 0.14320601923076923 0.5680615240384616 0.10109182211538462 0.590908204326923 0.08063657451923077 0.6320263677884616 0.08785493750000001 0.6434472644230769 0.12419367307692308 0.6613378894230769 0.15102623557692307 0.6579150384615384 0.17989969230769232 0.63505859375 0.20962577163461538 0.643828125
0 0.6954861105769231 0.6381201177884616 0.6767746923076923 0.630224610576923 0.6684567908653847 0.6197021490384615 0.6528626538461538 0.5999609375 0.6445447524038461 0.5920703125 0.6258333341346154 0.5881201177884615 0.5894444447115385 0.5986474615384615 0.5530555552884615 0.6118066394230769 0.5353819447115384 0.6328564447115385 0.537461420673077 0.65654296875 0.5447415120192308 0.6907519543269232 0.55513503125 0.7012792980769231 0.5842476850961538 0.6920703125000001 0.5904822524038461 0.7012792980769231 0.6434027788461538 0.719873045673077 0.6861304014423077 0.696015625 0.7038040120192307 0.646015625 0.7027662043269232 0.6447021490384616 0.6954861105769231 0.6381201177884616
0 0.46469521634615385 0.5974707019230769 0.4848881177884615 0.59703125 0.49393904326923077 0.6014355480769231 0.5040354927884615 0.587333983173077 0.5092592596153847 0.5749951177884616 0.5068209879807692 0.5639794927884615 0.4967245360576923 0.5582519519230769 0.4848881177884615 0.552080079326923 0.4678279326923077 0.5388623052884616 0.44937499999999997 0.5459130865384615 0.4486766971153846 0.5613378894230769 0.4591242283653846 0.5838085937499999 0.46469521634615385 0.5974707019230769
0 0.4957523149038462 0.86146484375 0.512461420673077 0.8544140625 0.521516204326923 0.8478076177884616 0.5378780865384616 0.843837891826923 0.5671257716346154 0.8517724615384614 0.6116936730769231 0.8746875000000001 0.6308410504807692 0.87248046875 0.6385030865384616 0.8530957019230769 0.6322337956730769 0.8213671875 0.6200462956730769 0.7825878894230769 0.6029861105769231 0.7724560552884616 0.5918479927884616 0.7658447259615385 0.5688657403846153 0.7508642572115385 0.5356944447115385 0.74376953125 0.5187307091346154 0.7513037115384615 0.5079359567307692 0.7552685552884615 0.4891358028846154 0.768046875 0.4654591057692308 0.793603514423077 0.4567554014423077 0.8151953125 0.4678973774038461 0.8517724615384614 0.4786921298076923 0.8716015625 0.4814737644230769 0.868076170673077 0.4957523149038462 0.86146484375
0 0.4612808653846154 0.8517724615384614 0.45327546394230767 0.84736328125 0.4410879639423077 0.8469238269230769 0.43029320913461533 0.850009764423077 0.42507330288461537 0.86146484375 0.4208950625 0.8790917980769231 0.4191512355769231 0.8998046875000001 0.4271604927884616 0.899365235576923 0.4365625 0.89671875 0.4518827163461539 0.8949560552884616 0.4682445985576923 0.8870263677884616 0.47694830288461537 0.8663134759615385 0.47242283894230774 0.8579394519230769 0.4699845673076923 0.85353515625 0.4612808653846154 0.8517724615384614
0 0.1790084879807692 0.7993701177884615 0.17099922836538461 0.8200830072115385 0.17865740625 0.8434375000000001 0.18283564903846153 0.8734033197115385 0.18736496875 0.8773681634615385 0.19780864182692307 0.8778076177884616 0.2086033942307692 0.8615039062500001 0.21695601923076924 0.83947265625 0.22705632692307692 0.8310986322115385 0.24028549278846154 0.8155273437499999 0.23535107932692306 0.8019433605769231 0.22084490625 0.7938623052884615 0.20024691346153847 0.7887939447115385 0.1790084879807692 0.7993701177884615
0 0.6798263894230769 0.7619189447115384 0.6782137355769231 0.7637060552884616 0.6759992283653846 0.776455079326923 0.6739853389423077 0.8009375 0.6749922836538461 0.8185351562500001 0.6888927475961538 0.8269482427884616 0.7066242283653845 0.82796875 0.7187152788461538 0.8210839855769231 0.73080246875 0.80552734375 0.7233487644230769 0.7907373052884614 0.6927237644230769 0.7642187500000001 0.6890933653846154 0.7631982427884616 0.6798263894230769 0.7619189447115384
0 0.0832831778846154 0.6758056634615385 0.07786651201923077 0.6879931634615384 0.0832831778846154 0.6994140625 0.09351080288461538 0.7123583990384615 0.10854938221153845 0.7260644543269231 0.13321759375 0.7367236322115385 0.14585262259615386 0.7268261730769231 0.14886188221153845 0.7039794927884616 0.1410416658653846 0.6780908197115385 0.12419367307692308 0.6613378894230769 0.1073495360576923 0.6522021490384616 0.0898996923076923 0.6560107427884615 0.08388503124999999 0.6659082019230769 0.0832831778846154 0.6758056634615385
0 0.4893441346153846 0.611396485576923 0.4614891971153846 0.6281396490384614 0.45487654326923077 0.6329882812500001 0.4562692908653846 0.6400390625000001 0.47715663461538466 0.6435644519230769 0.49735339423076924 0.6462060552884614 0.5105825625 0.6475292956730769 0.5192862644230769 0.64708984375 0.5259027788461539 0.6431201177884615 0.56071759375 0.6109521490384615 0.5547993822115385 0.5990576177884616 0.5440084879807693 0.593330079326923 0.5102353389423077 0.597734375 0.4893441346153846 0.611396485576923
0 0.7564621923076923 0.549228514423077 0.7694135793269231 0.5486962884615385 0.7873804014423077 0.5518701177884615 0.7903047836538462 0.5481689447115385 0.7886342596153846 0.53865234375 0.7731751538461539 0.5212011730769232 0.7652353389423077 0.510625 0.7401658942307693 0.51697265625 0.7339004639423077 0.52384765625 0.7410030865384616 0.54658203125 0.7489429014423077 0.549228514423077 0.7564621923076923 0.549228514423077
0 0.7176041658653846 0.5016357427884615 0.7092515432692307 0.506923829326923 0.6929552475961539 0.51009765625 0.6641280865384616 0.5153857427884615 0.6586959879807692 0.5233154302884615 0.6561882716346153 0.5338916009615384 0.6599498461538461 0.5518701177884615 0.6724845673076923 0.5777832019230769 0.6812577163461538 0.5862402331730769 0.7142631177884616 0.606865233173077 0.7339004639423077 0.6084521490384616 0.7455979927884615 0.5936474615384616 0.7493595673076924 0.5730224615384615 0.7422569447115385 0.5587451177884616 0.7263811730769232 0.506923829326923 0.7238734567307692 0.5021630865384615 0.7176041658653846 0.5016357427884615
0 0.25540894951923077 0.7877246105769231 0.22665894951923077 0.83076171875 0.20134644951923075 0.8653564447115384 0.19095293269230768 0.9074609375 0.22630015384615382 0.9482519519230769 0.2574884254807692 0.9456201177884616 0.3167476850961538 0.9298291009615384 0.3437770072115385 0.9258837884615385 0.38640432211538467 0.9403564447115385 0.39085648076923074 0.91796875 0.3967592596153846 0.8942871105769231 0.4033564807692308 0.8408203125 0.3812037043269231 0.7443066394230768 0.3250655865384615 0.7535156249999999 0.2793209879807692 0.76798828125 0.25540894951923077 0.7877246105769231
0 0.7627276225961539 0.54552734375 0.7527006177884614 0.5555712884615385 0.7410030865384616 0.54658203125 0.7493595673076924 0.5730224615384615 0.7501967596153847 0.58888671875 0.7552083341346154 0.6047509759615385 0.7677430552884614 0.6089794927884615 0.791558641826923 0.607392579326923 0.8061805552884616 0.58994140625 0.803256173076923 0.5772509759615384 0.7961535504807693 0.5592724615384616 0.7744290120192308 0.5460546875 0.767326389423077 0.5444677740384616 0.7627276225961539 0.54552734375
0 0.09665509375 0.8157519543269232 0.06650848798076923 0.821015625 0.05403163461538462 0.8354882812500001 0.033240740384615386 0.8578564447115385 0.004128086538461539 0.9144384759615385 0.012445987980769232 0.9736474615384616 0.03532021634615385 0.9815429687499999 0.07170524759615385 0.9710156249999999 0.11848765384615384 0.9736474615384616 0.16527392067307692 0.9578564447115384 0.15487654326923075 0.91048828125 0.12576774759615386 0.871015625 0.12472607932692308 0.8473291009615385 0.11952932211538461 0.8328564447115384 0.09665509375 0.8157519543269232
0 0.4278973774038462 0.7791943365384615 0.43416666586538466 0.7691503918269231 0.44711805528846155 0.7464111322115384 0.46173996875 0.7226171874999999 0.4709336418269231 0.7120410168269231 0.4696797836538461 0.7019921875 0.4609066346153846 0.6977636706730769 0.44503086538461534 0.6998779302884616 0.40658950721153847 0.7130957019230769 0.3953086418269231 0.7294921875 0.3932214495192307 0.7432373052884615 0.41118827163461535 0.7728515625000001 0.4278973774038462 0.7791943365384615
0 1 0.4344824206730769 0.9983719134615385 0.42231933653846154 0.9799884254807693 0.4434716802884615 0.9699614206730769 0.4683203125 0.9716319447115385 0.4979345697115385 0.9791512355769231 0.52384765625 0.9954475312500001 0.5365380865384616 1 0.4646191418269231 1 0.4344824206730769
0 0.642226079326923 0.7803857427884615 0.6537152788461539 0.7847949230769231 0.6589390432692308 0.7737744134615384 0.6620717596153847 0.7552685552884615 0.6599845673076923 0.717373048076923 0.6571990745192308 0.7129638677884615 0.6481442908653846 0.7164892572115384 0.6390933653846154 0.7235400384615385 0.6342206778846153 0.7358789062500001 0.6258641971153847 0.7592333990384615 0.6282986105769232 0.7728955072115385 0.6335223774038461 0.7768603509615384 0.642226079326923 0.7803857427884615
0 0.8566936730769231 0.4742041009615384 0.8604668221153846 0.46098632932692307 0.8610455240384615 0.43931640625 0.8564043221153846 0.4341796875 0.8482793221153847 0.41691894471153845 0.8395756177884616 0.4128808605769231 0.8314506177884616 0.4147167980769231 0.8146257716346154 0.42095703125 0.8015663581730769 0.44188964903846156 0.8065007716346154 0.4606152355769231 0.8157831778846153 0.46282226682692307 0.8337731490384616 0.4705322259615385 0.8477006177884616 0.47530761778846153 0.8566936730769231 0.4742041009615384
0 0.9793094134615384 0.5841748052884616 0.974108795673077 0.5749609375 0.9616358028846155 0.565751954326923 0.937723764423077 0.555224608173077 0.927326389423077 0.5289111322115384 0.9096527788461538 0.50654296875 0.8950964495192307 0.50654296875 0.8909374999999999 0.5328564447115385 0.9054938269230769 0.5789111322115384 0.9314853389423077 0.5933837884615385 0.9533179014423077 0.6328564447115385 0.9897029326923078 0.6144384759615384 0.9865856490384615 0.5999609375 0.9793094134615384 0.5841748052884616
0 0.5336689807692307 0.5513085937500001 0.55232253125 0.5452197259615384 0.5685648149038461 0.5581640625 0.5805979927884615 0.5772021490384616 0.5962422836538461 0.5962353509615385 0.6028587956730769 0.5916650384615385 0.6088773149038461 0.5825292980769231 0.6263233028846155 0.5688232427884615 0.6413657403846155 0.5551171875 0.6377546298076923 0.5231347668269231 0.6227121923076923 0.4736425793269231 0.5998495360576923 0.44318359375 0.5805979927884615 0.43785644471153845 0.5493132716346154 0.4264306634615384 0.5126118822115384 0.40206543028846153 0.49516589423076923 0.4134863269230769 0.48373456730769226 0.44013671875000004 0.4903510793269231 0.49876953125 0.49877700721153845 0.535322264423077 0.5126118822115384 0.577958985576923 0.5192322524038462 0.55283203125 0.5240432091346153 0.55283203125 0.5336689807692307 0.5513085937500001
0 0.8500501538461538 0.613740235576923 0.8680169759615384 0.621669923076923 0.8751195985576923 0.607392579326923 0.8830555552884616 0.5867724615384615 0.8818055552884616 0.5693212884615385 0.8713580240384615 0.564033204326923 0.8634220673076923 0.5592724615384616 0.8538117283653845 0.5608593749999999 0.8157908942307692 0.5730224615384615 0.8061805552884616 0.58201171875 0.7994945985576922 0.59576171875 0.8187152788461538 0.607392579326923 0.8500501538461538 0.613740235576923
0 0.85875 0.8264404302884615 0.8714429014423076 0.8210839855769231 0.8762770072115385 0.8024658197115385 0.8756751538461539 0.7958398437499999 0.8738618822115385 0.7881884759615385 0.8619714495192308 0.7787499999999999 0.8514930552884615 0.7721240240384616 0.8440393509615384 0.7705908197115385 0.8271141971153846 0.7728857427884616 0.8158333341346153 0.77798828125 0.7950771610576923 0.7917578125 0.79125 0.807568360576923 0.8039429014423077 0.81904296875 0.845451389423077 0.8254199206730769 0.8514930552884615 0.8284765625 0.85875 0.8264404302884615
0 0.7944753076923077 0.8677490240384615 0.8059567908653846 0.8731054687500001 0.8150270072115385 0.8715771490384616 0.8365856490384616 0.868515625 0.850891204326923 0.8557666009615384 0.85290509375 0.8417382812499999 0.8506905865384616 0.8345996105769231 0.8434336418269232 0.8264404302884615 0.82892746875 0.821337889423077 0.8035416658653846 0.8159814447115384 0.7966898149038462 0.8409716802884616 0.7886304014423077 0.8537255865384614 0.7944753076923077 0.8677490240384615
0 0.9850038581730769 0.3847753918269231 0.9586805552884615 0.38794921875 0.947816358173077 0.3905908197115385 0.9361188269230769 0.4006396490384615 0.9223302475961539 0.4212597668269231 0.8897415120192308 0.4778417956730769 0.893086420673077 0.49687499999999996 0.9223302475961539 0.5053369134615384 0.9436381177884615 0.49000488221153843 0.9657831778846154 0.4646191418269231 0.9900154326923077 0.4276074230769231 0.9975347211538461 0.41174316346153844 0.9916859567307692 0.40328125 0.9850038581730769 0.3847753918269231
0 0.9171180552884616 0.3650097668269231 0.9191242283653847 0.3504150384615385 0.9171180552884616 0.3256689447115385 0.9085918221153846 0.33010742067307697 0.8970640432692308 0.3389941394230769 0.8790123461538462 0.34787597596153846 0.8674807091346154 0.3548535168269231 0.8664776225961539 0.35802734375 0.8489313269230769 0.38023925721153845 0.8689853389423077 0.3961035168269231 0.8875347211538462 0.3948339831730769 0.9000694447115385 0.3751611322115384 0.9171180552884616 0.3650097668269231
0 0.8538233028846154 0.69419921875 0.8535339495192308 0.7096240240384616 0.8515007716346153 0.7239453124999999 0.8485995360576923 0.7408349615384615 0.8517901225961538 0.74046875 0.8750038581730769 0.7309228509615384 0.8776157403846153 0.7301855456730769 0.8860300937500001 0.7044824206730769 0.8918325625 0.6971386706730769 0.9063387355769231 0.6791455072115385 0.9040162043269231 0.6710644519230768 0.888931326923077 0.6626220697115385 0.8694830240384616 0.678759764423077 0.8538233028846154 0.69419921875
0 0.6597415120192308 0.8712939447115384 0.67053240625 0.863359375 0.6799344134615384 0.8488183605769231 0.6754089495192308 0.8267871105769231 0.6778433653846154 0.8087207043269231 0.6586959879807692 0.815771485576923 0.6423302475961539 0.82017578125 0.6388503076923077 0.8382421875 0.6475540120192308 0.8571923822115385 0.6597415120192308 0.8712939447115384
0 1 0.5439404302884616 0.9854205240384615 0.5259619134615384 0.9770640432692308 0.5021630865384615 0.9707947524038462 0.48259765625 0.962858795673077 0.4704394519230769 0.9540856490384615 0.48418456971153845 0.9369560192307692 0.500048826923077 0.9344483028846154 0.5164404302884615 0.9331944447115385 0.520673826923077 0.9323572524038461 0.52490234375 0.9323572524038461 0.5423535168269231 0.9357021610576923 0.5460546875 0.9473996923076923 0.553984375 0.982496141826923 0.5841259759615385 1 0.5777832019230769 1 0.5555712884615385 1 0.5439404302884616
0 0.5398726850961538 0.6908886730769231 0.5398726850961538 0.6692089855769231 0.5394521610576923 0.6581054687500001 0.5269174375 0.6528173822115384 0.5143865745192308 0.6538720697115384 0.5010146610576923 0.6565185552884615 0.49098765384615384 0.6607470697115385 0.48179783894230765 0.6750244134615385 0.4763657403846154 0.6898291009615385 0.4751118822115385 0.6956494134615384 0.49516589423076923 0.7067529302884614 0.5160570985576923 0.7125683581730768 0.5281712956730769 0.71521484375 0.5365277788461539 0.7088671875 0.5398726850961538 0.6908886730769231
0 0.5282561730769231 0.5924267572115385 0.5440084879807693 0.593330079326923 0.5655594134615385 0.6038525384615384 0.5896219134615385 0.6053759759615385 0.5878202163461539 0.5718701177884615 0.5715740745192307 0.55359375 0.5451003076923077 0.5360791009615384 0.5240432091346153 0.5459814447115384 0.5126118822115384 0.5619726562499999 0.5126118822115384 0.577958985576923 0.5071990745192307 0.5947119134615385 0.5156211418269231 0.5954736322115385 0.5282561730769231 0.5924267572115385
0 0.7287538581730769 0.6539111322115385 0.7131597211538462 0.6578564447115384 0.7006867283653846 0.6657519519230769 0.6954861105769231 0.680224608173077 0.692368826923077 0.7012792980769231 0.6851080240384615 0.7302246105769231 0.6778125 0.7499609374999999 0.7048456778846154 0.7723291009615385 0.7339544759615385 0.7999609375 0.7630632716346154 0.8039111322115384 0.8098456778846154 0.7841748052884616 0.8211805552884616 0.771435548076923 0.7869753076923077 0.7210156249999999 0.7568248461538462 0.680224608173077 0.7537075625 0.6644384759615385 0.7287538581730769 0.6539111322115385
0 0 0.6994140625 0.005069444711538461 0.7253027331730769 0.02432098798076923 0.7207324206730769 0.042368826923076926 0.7123583990384615 0.058013117788461535 0.6879931634615384 0.0459799375 0.672763670673077 0.027932098557692304 0.6697167980769231 0.018306326923076925 0.6697167980769231 0.0038657403846153846 0.6689550769230769 0 0.6780908197115385 0 0.6994140625