0 0.8379552475961538 0.5913183605769231 0.8490354927884615 0.5811181634615384 0.8530671298076923 0.56607421875 0.8637461418269231 0.5484765625 0.8744251538461539 0.5324121105769231 0.8806712956730769 0.522978514423077 0.8830864206730769 0.5127783197115384 0.8752314807692307 0.5130322259615384 0.8607214495192307 0.5148193365384615 0.848433641826923 0.5171142572115385 0.8389621923076922 0.5252734375 0.8331172836538462 0.5347070312500001 0.8172029326923076 0.55689453125 0.813171295673077 0.5698974615384615 0.8139776225961538 0.5826513677884615 0.8244560192307693 0.5920849615384616 0.8379552475961538 0.5913183605769231
0 0.6055902788461538 0.5001025384615384 0.6143672836538461 0.5080322259615385 0.6223032403846154 0.519140625 0.6298263894230769 0.5207275384615385 0.6444483028846153 0.5164941394230769 0.6494598774038463 0.5043310552884616 0.6444483028846153 0.4937597668269231 0.6306597211538462 0.4874121105769231 0.6039197524038461 0.4932275384615385 0.6039197524038461 0.4942871081730769 0.6055902788461538 0.5001025384615384
0 0 0.586337889423077 0.0024459879807692307 0.5826806634615385 0.01688657451923077 0.5781152331730769 0.04432098798076923 0.5580126947115385 0.05659336538461539 0.53333984375 0.07969521634615385 0.49313476682692303 0.07969521634615385 0.47029296875 0.07103394951923077 0.4648095697115385 0.041431326923076925 0.46298339903846153 0.027716050480769232 0.46298339903846153 0.0031674375 0.46298339903846153 0 0.5653222644230769 0 0.586337889423077
0 0.29597222115384614 0.5077197259615385 0.28444058653846155 0.51279296875 0.27692129567307694 0.5197753894230769 0.2704012355769231 0.5292919927884616 0.26939814903846154 0.5483300769230769 0.27942901201923076 0.5616552740384615 0.2934645072115385 0.5679980456730769 0.3275578701923077 0.569267576923077 0.3466087956730769 0.5686328125 0.3556365745192308 0.5534033197115384 0.3365817908653846 0.5083544927884616 0.3195370360576923 0.5058154302884615 0.3075038581730769 0.5058154302884615 0.29597222115384614 0.5077197259615385
0 1 0.6775292980769231 0.9946759254807692 0.6830126947115385 0.9790817908653846 0.68958984375 0.9565586418269232 0.70603515625 0.9383641971153847 0.7290625000000001 0.9271026225961538 0.7586669927884616 0.9106404326923077 0.8277490240384615 0.9045756177884615 0.8683203125 0.9296990745192308 0.8880566394230769 0.9574228389423076 0.89353515625 0.9998765432692308 0.8858642572115384 1 0.747705076923077 1 0.6775292980769231
0 0.11241512259615384 0.3480615240384616 0.11380787019230769 0.33351562500000004 0.11415509374999999 0.31060546875 0.11206404326923078 0.29077636778846155 0.1113695985576923 0.2753515625 0.10927855048076923 0.26389160096153846 0.1037075625 0.2586083990384615 0.09013117307692307 0.25596191346153846 0.07794367307692308 0.25552246153846153 0.06366898076923076 0.26081054567307693 0.03895061778846154 0.2616894543269231 0.024324846153846152 0.26653808653846156 0.020497685096153847 0.2819628918269231 0.013182870192307692 0.31016113221153846 0.02850308653846154 0.3207373052884615 0.036859567307692305 0.3291113293269231 0.05252700721153846 0.34101074278846155 0.09988040144230768 0.3564306634615385 0.10997685096153845 0.35378906250000003 0.11241512259615384 0.3480615240384616
0 0.3044753076923077 0.43938476682692307 0.30124999999999996 0.43403320192307693 0.2966165120192308 0.4284228509615385 0.2917785504807692 0.4251074206730769 0.2873456778846154 0.4251074206730769 0.2813040120192308 0.4263818365384615 0.2734452163461538 0.42791015625 0.26961805528846156 0.4360693365384615 0.2688117283653846 0.45187988221153846 0.2740509254807692 0.47687011778846156 0.27969135817307694 0.4929394543269231 0.2843248461538461 0.4916650384615385 0.2915779326923077 0.48834960817307693 0.31212962980769227 0.48783691346153846 0.3145486105769231 0.48069824278846157 0.31676311778846156 0.46845703125000004 0.3163580240384615 0.4610839831730769 0.31233024759615385 0.4529003918269231 0.3103163581730769 0.44780273557692307 0.3044753076923077 0.43938476682692307
0 0.5700771610576922 0.48688476442307693 0.5650655865384615 0.4810644543269231 0.558796295673077 0.4837109375 0.5508603389423077 0.49005371153846156 0.5445910504807693 0.5032763677884615 0.5416666658653846 0.5201953125000001 0.5533680552884616 0.5291845697115385 0.5654822524038461 0.52759765625 0.5784336418269231 0.5249560552884616 0.6022492283653846 0.5254833990384615 0.6110223774038461 0.5180810552884615 0.6068441346153846 0.50591796875 0.5989081778846154 0.4942871081730769 0.5776003076923076 0.48899902403846157 0.5725848774038462 0.48899902403846157 0.5700771610576922 0.48688476442307693
0 0.35786651201923075 0.4827392572115385 0.36733796394230767 0.4710058581730769 0.37378472115384614 0.4613183581730769 0.3828510793269231 0.45111816346153844 0.40098765384615387 0.43938476682692307 0.40138888942307693 0.43301269471153847 0.3937345673076923 0.4296972668269231 0.3816435192307692 0.4281640625 0.3532330240384616 0.42893066346153846 0.329861110576923 0.44015136778846153 0.3222067908653846 0.44678222596153844 0.318576389423077 0.4602978509615384 0.3189814807692307 0.47942382932692307 0.32542824038461543 0.48962402403846156 0.35242669711538466 0.48962402403846156 0.35786651201923075 0.4827392572115385
0 0.6180285504807692 0.2545068365384615 0.6180285504807692 0.2659667980769231 0.6229050937499999 0.28138671875 0.6267322524038461 0.2853515625 0.6514544759615385 0.27521972596153843 0.6552816346153846 0.26552246153846154 0.6514544759615385 0.24393066346153847 0.647276235576923 0.23247558653846154 0.6434452163461538 0.2302734375 0.6295177475961539 0.2417285144230769 0.6204668221153846 0.24701660096153846 0.6180285504807692 0.2545068365384615
0 0.8401080240384615 0.29812988221153847 0.8325848774038461 0.29178222596153847 0.8215547836538462 0.2879736322115385 0.815038579326923 0.2886083990384615 0.8065162043269231 0.29241699278846156 0.7934799375 0.30955078124999996 0.782951389423077 0.3209716802884615 0.7764313269230769 0.33175781249999997 0.7744290120192308 0.3400097668269231 0.7899691346153846 0.3495263677884616 0.8020023149038462 0.34254394471153843 0.8270717596153846 0.33175781249999997 0.8365972211538462 0.31145507932692307 0.8401080240384615 0.29812988221153847
0 0.18741126442307693 0.3112744134615385 0.21623842548076924 0.31180175721153847 0.23336805528846155 0.31021484374999997 0.24005401201923077 0.30387206971153846 0.2417245360576923 0.2827197259615385 0.2304436730769231 0.27161621153846155 0.2187461418269231 0.26579589903846157 0.20370370432692309 0.26420898557692307 0.1869907403846154 0.25998046875 0.16401234615384613 0.25892578125 0.15106095673076922 0.25310546875 0.13058642067307694 0.23988769471153845 0.12265046394230769 0.23724121153846156 0.10927855048076923 0.25733886778846154 0.10927855048076923 0.28324706971153846 0.11638117307692308 0.2991113293269231 0.1264081778846154 0.31550293028846155 0.1401967596153846 0.32819335817307693 0.14855324038461537 0.31973144471153847 0.15732638942307692 0.3176171875 0.18741126442307693 0.3112744134615385
0 0.5171990745192308 0.4300634759615385 0.5328665120192307 0.42037109375 0.5311265432692308 0.40715331971153845 0.5259027788461539 0.39745605528846156 0.5165007716346154 0.38820312500000004 0.5029243822115385 0.3824755865384616 0.49282793269230774 0.3846777331730769 0.4851658942307692 0.39084472596153846 0.4813348774038462 0.41508300721153846 0.4813348774038462 0.4260986322115385 0.5071026225961538 0.4384375 0.5046643509615385 0.43358886778846156 0.5077970673076924 0.4309472668269231 0.5171990745192308 0.4300634759615385
0 0.31853394951923075 0.32687011778846153 0.3059992283653846 0.32687011778846153 0.2834375 0.32306640625 0.25987268509615385 0.3224316418269231 0.21074074038461538 0.3160839855769231 0.18516975240384617 0.31354492067307693 0.17012731490384617 0.31291015625 0.1560918221153846 0.31354492067307693 0.1495717596153846 0.3160839855769231 0.14405864182692307 0.31989257692307693 0.14405864182692307 0.3300439447115385 0.1485686730769231 0.35479003846153845 0.16712191346153846 0.39857421875 0.18216049278846155 0.43728515625000003 0.20672839423076922 0.4588574230769231 0.23229938221153848 0.4525097668269231 0.2628819447115385 0.43728515625000003 0.28341049278846153 0.42177734375 0.3155246923076923 0.4042871081730769 0.3290625 0.36240722596153846 0.32805941346153844 0.3389306634615385 0.3250501538461539 0.33131347596153843 0.31853394951923075 0.32687011778846153
0 0.7957368822115385 0.5922998052884615 0.7812268509615384 0.5849560552884616 0.768753858173077 0.5787109375 0.762368826923077 0.5787109375 0.7562770072115386 0.5823828125 0.7542438269230769 0.5867919927884615 0.7548263894230769 0.6044189447115385 0.76701003125 0.6088232427884616 0.7823881177884615 0.6106591802884616 0.7916743822115385 0.6080908197115384 0.7957368822115385 0.5922998052884615
0 0.44101851923076923 0.23499023557692308 0.43650462980769233 0.2381640625 0.4299884254807692 0.24704589903846155 0.4179552475961538 0.261640625 0.41695216105769234 0.27623535096153845 0.42497299278846157 0.292734375 0.4294868822115384 0.30479003846153846 0.4530516971153846 0.2959082043269231 0.47310570913461536 0.2660839855769231 0.46157407451923077 0.2514892572115385 0.4550578701923077 0.2375292956730769 0.44101851923076923 0.23499023557692308
0 0.7327160504807692 0.21493652403846156 0.7361998461538461 0.21185058653846156 0.7306288581730769 0.20083496153846153 0.72053240625 0.18981933653846153 0.7100848774038462 0.18541503846153845 0.701381173076923 0.18453125 0.6944174375000001 0.18629394471153848 0.6926774687499999 0.18937988221153848 0.6937191346153846 0.19951660096153848 0.6975501538461538 0.21625976442307693 0.7104320985576924 0.22375 0.7274922836538462 0.22331054807692308 0.7327160504807692 0.21493652403846156
0 0.4854436730769231 0.60095703125 0.5114351850961538 0.6091796875 0.5352584879807692 0.6128369134615385 0.5504205240384615 0.615576173076923 0.5583603389423077 0.6128369134615385 0.5511419759615385 0.5708056634615384 0.5424807091346154 0.5324267572115384 0.5287615745192308 0.5031884759615385 0.49988425961538463 0.5022705072115385 0.4500655865384615 0.51689453125 0.4002507716346154 0.5315136730769231 0.37714892067307687 0.5452197259615384 0.36270833413461534 0.5534423822115385 0.3663194447115385 0.5826806634615385 0.4031404326923077 0.6110107427884615 0.4269637355769231 0.6110107427884615 0.4507870360576923 0.60095703125 0.4854436730769231 0.60095703125
0 0.5588734567307692 0.48115234375000004 0.60169753125 0.49169921875 0.6473109567307692 0.47232421874999997 0.6741203701923077 0.46747558653846155 0.6974459879807693 0.4670361322115385 0.7051080240384615 0.4485302740384615 0.709286264423077 0.4264941394230769 0.7019714495192309 0.40005859374999997 0.6800385793269231 0.38992187500000003 0.6598456778846155 0.3744970697115385 0.6427854927884616 0.3595166009615385 0.6225887355769231 0.3462988293269231 0.6076195985576923 0.3458544927884616 0.5905594134615385 0.3476171875 0.574193673076923 0.35466796875 0.5647916658653845 0.37097168028846156 0.55330246875 0.37934570192307693 0.5379822524038461 0.39873535096153845 0.5296296298076923 0.4172412115384615 0.5271913581730769 0.42693847596153844 0.5216203701923077 0.4353076177884615 0.5146566346153846 0.47893554807692307 0.5174421298076923 0.49435546874999997 0.53240740625 0.50712890625 0.5588734567307692 0.48115234375000004
0 0.21903549278846152 0.7032958990384616 0.22914351923076925 0.679541016826923 0.22408950721153845 0.6576074206730769 0.19625771634615383 0.6144042956730769 0.17719907451923078 0.61123046875 0.1591049375 0.609423826923077 0.13356481490384617 0.62255859375 0.12326388942307692 0.63447265625 0.12638888942307694 0.658056641826923 0.1403433653846154 0.7042089855769231 0.19160107932692305 0.7243115240384616 0.1952121923076923 0.7179150384615384 0.21903549278846152 0.7032958990384616
0 0.3355902788461539 0.20784179567307692 0.3220138894230769 0.19902831971153848 0.30425540144230767 0.19814941346153844 0.2875424375 0.20211425721153847 0.2659722211538461 0.1990234375 0.25238040144230767 0.21225097596153847 0.24576388942307695 0.21841796875 0.23357638942307693 0.23472168028846155 0.23183642067307692 0.25939941346153844 0.24541666586538463 0.26997558653846154 0.26247685096153844 0.28407714903846154 0.2882407403846154 0.2849560552884615 0.3143518509615385 0.2823144519230769 0.35056327163461537 0.27261718749999997 0.3627507716346154 0.2461816418269231 0.37284722115384616 0.22370605528846152 0.35160879567307696 0.21048828125 0.3439467596153846 0.21004394471153848 0.3355902788461539 0.20784179567307692
0 0.3841049375 0.21572265624999998 0.3801080240384615 0.22029296874999998 0.3779436730769231 0.24404785096153844 0.38588348798076927 0.25775390625 0.4017669759615385 0.25501464903846155 0.4089853389423077 0.24130859375000002 0.4089853389423077 0.2175488293269231 0.4043209879807692 0.20166015625 0.39182098798076925 0.20825195192307694 0.3841049375 0.21572265624999998
0 0.7209490745192307 0.55921875 0.7322299375000001 0.5454736322115384 0.7293055552884616 0.5354248052884615 0.7163541658653846 0.5036962884615385 0.7025655865384616 0.48677734375 0.6929552475961539 0.47461425721153844 0.6774961418269231 0.4740869134615385 0.65201003125 0.4640380865384615 0.64490740625 0.47091308653846153 0.6394753076923076 0.47302734375 0.6378047836538462 0.4894189447115384 0.6586959879807692 0.5608056634615385 0.6766628076923078 0.5623925769230769 0.7013117283653846 0.5623925769230769 0.7209490745192307 0.55921875
0 0.9236844134615385 0.6548681634615385 0.9332098774038461 0.6307568365384615 0.9322067908653846 0.61298828125 0.920173610576923 0.585703125 0.9036304014423078 0.5711083990384616 0.8750540120192307 0.559052735576923 0.8434645072115384 0.5876074230769232 0.818398920673077 0.6142578125 0.8073688269230769 0.6206005865384616 0.7983410504807692 0.64662109375 0.8229089495192308 0.7119775384615384 0.8670293221153845 0.6973828125 0.9061381177884615 0.6923046875 0.9236844134615385 0.6548681634615385
0 0.6244367283653846 0.1697265625 0.6230439807692308 0.17369140624999999 0.6199074062500001 0.18382812499999998 0.6185146610576923 0.19484375 0.6188657403846154 0.21555175721153846 0.6272222211538462 0.2305371081730769 0.6435841057692309 0.23670410096153846 0.6498533942307693 0.24419433653846154 0.6540316346153846 0.26050293028846155 0.6627353389423077 0.2737207043269231 0.6777044759615385 0.27416015625 0.6968557091346154 0.26534668028846153 0.7093904326923077 0.25741699278846153 0.7135686730769231 0.23979003846153846 0.7069521610576923 0.22304687499999998 0.6958101850961539 0.20629882692307694 0.6937229927884616 0.19264160096153848 0.6822299375 0.1842675769230769 0.6763117283653847 0.17986328125 0.6602970673076923 0.16752441346153846 0.6397530865384616 0.16487793028846154 0.626871141826923 0.16576171874999998 0.6244367283653846 0.1697265625
0 0.7097376538461538 0.17073730528846154 0.7031211418269231 0.15619628846153846 0.689193673076923 0.14826660096153846 0.6794444447115384 0.14077636778846153 0.6644753076923077 0.1284375 0.6547260793269231 0.13020019471153846 0.6481095673076923 0.1363671875 0.6401041658653847 0.14782714903846153 0.6435841057692309 0.15840331971153845 0.6578587956730769 0.16765625 0.6766589495192308 0.18043456971153848 0.7093904326923077 0.17823242307692308 0.7100848774038462 0.17514648317307693 0.7097376538461538 0.17073730528846154
0 0.6168479927884616 0.6713671875 0.6103317908653846 0.6491552740384615 0.5962924375 0.6307568365384615 0.5857638894230769 0.6282177740384616 0.5792438269230769 0.6313916009615385 0.5667091057692308 0.63646484375 0.5541782403846154 0.6497900384615385 0.56169753125 0.6783447259615384 0.6048148149038461 0.6897656249999999 0.6143402788461538 0.6897656249999999 0.6168479927884616 0.6713671875
0 0.8992669759615384 0.2245214831730769 0.9128047836538461 0.22325195432692307 0.9233333341346154 0.21944336057692307 0.9228317908653847 0.20929199278846153 0.9138078701923077 0.20167480528846154 0.8957600312499999 0.18518066346153847 0.8852314807692309 0.1686816394230769 0.8706905865384615 0.15853027403846154 0.8616666658653845 0.1604296875 0.8516396610576924 0.16804687499999998 0.8551466057692308 0.18581543028846154 0.85865740625 0.21753906250000002 0.8807175937499999 0.21626953125 0.8867322524038461 0.21690429807692307 0.8992669759615384 0.2245214831730769
0 0.5167245360576923 0.2387988269230769 0.5162229927884615 0.22229980528846155 0.5047067908653846 0.20454101442307693 0.4746103389423077 0.18613281250000002 0.4675887355769231 0.18486328125 0.46157407451923077 0.19437988221153846 0.4575617283653846 0.2140527331730769 0.46157407451923077 0.24323730528846152 0.4796219134615385 0.25529785096153845 0.5112114206730769 0.261640625 0.5187307091346154 0.24831543028846154 0.5167245360576923 0.2387988269230769
0 0.79486496875 0.6708837884615384 0.7995061730769231 0.6561962884615385 0.7858719134615384 0.6448095697115386 0.7780362644230769 0.63783203125 0.7678819447115385 0.63453125 0.7580169759615385 0.6422412115384616 0.7556944447115386 0.6477490240384616 0.7559876538461539 0.6613378894230769 0.7641087956730769 0.6771240240384616 0.7748456778846153 0.6866748052884616 0.786161264423077 0.6870410144230769 0.79486496875 0.6708837884615384
0 0.03695601923076923 1 0.09892361057692309 0.91955078125 0.09771990624999999 0.8708154302884614 0.050794752403846156 0.828173826923077 0 0.8076171875 0 0.9873193365384616 0.013491512019230769 1 0.03695601923076923 1
0 0.7461998461538462 0.3438769519230769 0.7321604927884615 0.3489550769230769 0.7191280865384615 0.35910644471153846 0.709101079326923 0.3800488293269231 0.7040856490384615 0.3895654302884616 0.7060918221153846 0.4060644519230769 0.7141126538461537 0.42890625000000004 0.7136111105769231 0.44794433653846155 0.7111033942307692 0.4676123052884616 0.7121064807692308 0.5006103509615385 0.7206327163461539 0.5012451177884615 0.7592361105769231 0.46 0.7717708341346154 0.43144531249999996 0.7802932091346153 0.39083496153846153 0.7692631177884616 0.36291503846153844 0.7567283942307692 0.34514648557692307 0.7532214495192308 0.3438769519230769 0.7461998461538462 0.3438769519230769
0 0.47841049278846154 0.26816894471153846 0.4710995360576923 0.27345703125000004 0.4575231490384616 0.2919628918269231 0.447773920673077 0.3025390625 0.4432445985576923 0.31840331971153846 0.44603009375 0.32897949278846156 0.46274305528846155 0.33162109375 0.48537422836538463 0.3294189447115385 0.5038271610576923 0.3245703125 0.5107908942307693 0.31267578125 0.5264583341346154 0.29681152403846156 0.5191473774038461 0.27609863221153846 0.5059182091346154 0.26244140625 0.48815972115384615 0.26023437499999996 0.48293981490384613 0.26288085817307694 0.47841049278846154 0.26816894471153846
0 0.6024035504807692 0.8906152355769231 0.6096219134615384 0.8695996105769231 0.5728009254807692 0.8239111322115384 0.5455632716346154 0.801318358173077 0.5078240745192308 0.7964990240384615 0.4854436730769231 0.78279296875 0.47100308653846157 0.7745703125 0.45439814903846154 0.7763964831730769 0.46161651201923076 0.797412108173077 0.46883873557692307 0.8504101562499999 0.49988425961538463 0.8705126947115385 0.5583603389423077 0.8887841802884615 0.6024035504807692 0.8906152355769231
0 0.36982253125 0.2984472668269231 0.3638078701923077 0.30352050721153845 0.36280478365384616 0.3073291009615385 0.35829089423076926 0.32953613221153844 0.3557870360576923 0.35238281250000003 0.3562885793269231 0.3752246081730769 0.36881944471153844 0.38728027403846155 0.3798495360576923 0.3898193365384615 0.4014081778846154 0.3993359375 0.4179552475961538 0.3898193365384615 0.42497299278846157 0.3492089855769231 0.42647762259615385 0.29971191346153847 0.4079282403846154 0.2952734375 0.39439043269230767 0.2895605480769231 0.36982253125 0.2984472668269231
0 0.8686844134615386 0.21944336057692307 0.8626697524038461 0.22325195432692307 0.8541435192307693 0.23086425721153844 0.8376003076923078 0.24482421875 0.8391049375 0.2594189447115384 0.8416126538461538 0.27337890625 0.8476273149038461 0.28543456971153847 0.8656751538461538 0.2803613269230769 0.8857330240384615 0.2727441418269231 0.8932523149038462 0.24926757692307694 0.8962615745192307 0.23149902403846154 0.8817206778846154 0.21690429807692307 0.8797145072115384 0.21690429807692307 0.8686844134615386 0.21944336057692307
0 0.9698765432692308 0.48952636778846154 0.9285146610576922 0.4837109375 0.9143094134615384 0.4815966802884616 0.8988503076923077 0.4863525384615385 0.8934027788461538 0.5085449230769231 0.8691859567307693 0.53447265625 0.8516396610576924 0.5677880865384616 0.8562345673076923 0.5672607427884615 0.8679320985576923 0.566728516826923 0.885898920673077 0.5714892572115384 0.92767746875 0.57783203125 0.9502391971153846 0.5524511730769232 0.9773996923076923 0.519140625 0.9769791658653847 0.5101513677884616 0.9728009254807692 0.5011621105769231 0.9698765432692308 0.48952636778846154
0 0.6068209879807692 0.5768212884615385 0.60080246875 0.5837988269230769 0.5887692908653845 0.5939501947115384 0.5762384254807692 0.6167968749999999 0.5727276225961538 0.6263134759615384 0.5993016971153846 0.6345605480769231 0.6148418221153846 0.6548681634615385 0.6208603389423076 0.67263671875 0.6411265432692308 0.67109375 0.6649807091346154 0.6694628894230769 0.66146990625 0.6472558605769231 0.6439197524038461 0.6174316394230769 0.6253703701923077 0.586337889423077 0.6103317908653846 0.5698388677884615 0.6098302475961538 0.5692041009615385 0.6068209879807692 0.5768212884615385
0 0.41665509375 0.8327246081730769 0.43952932211538465 0.8419384759615384 0.4738387355769231 0.8353564447115385 0.4717592596153847 0.7827246081730769 0.45720293269230766 0.7300927740384615 0.42809413461538465 0.6958837884615385 0.4021026225961538 0.6722021490384615 0.38650848798076926 0.639306639423077 0.35116126442307694 0.623515625 0.27942515384615385 0.6024609375 0.26486882692307695 0.6077246081730769 0.25258487740384616 0.6455078125 0.22432484615384615 0.6800927740384615 0.21808642067307693 0.7077246081730769 0.2045717596153846 0.7537792956730769 0.2045717596153846 0.7708837884615385 0.22120370432692307 0.7893066394230769 0.2825424375 0.8761474615384616 0.3137345673076923 0.8669384759615385 0.32762345673076926 0.824560548076923 0.41665509375 0.8327246081730769
0 0.511558641826923 0.609814454326923 0.4804745360576923 0.60791015625 0.4674382716346154 0.6053759759615385 0.4488888894230769 0.6072753918269231 0.4338503076923077 0.6225048822115385 0.4308410504807692 0.6428125 0.4458796298076923 0.6758056634615385 0.45891589423076923 0.699921875 0.4629282403846154 0.699921875 0.48949845673076925 0.7075341802884616 0.5135648149038462 0.7030957043269231 0.5271026225961538 0.6827880865384616 0.5341203701923077 0.6548681634615385 0.5546797836538462 0.618701170673077 0.5271026225961538 0.6110839855769231 0.51607253125 0.609814454326923 0.511558641826923 0.609814454326923
0 0.773580247596154 0.5240185552884615 0.798128858173077 0.525849610576923 0.8248418221153847 0.52310546875 0.8385570985576922 0.5066601562499999 0.8717708341346154 0.4911230456730769 0.92375 0.47376464903846155 0.9490200625 0.4509228509615385 0.9540740745192308 0.4235107427884615 0.9504629639423077 0.39701171875 0.9381905865384615 0.375078125 0.9172530865384616 0.3513232427884615 0.9093132716346154 0.3348730456730769 0.8739351850961538 0.3138574206730769 0.8580516971153845 0.32116699278846156 0.8335030865384615 0.3266503894230769 0.8154552475961538 0.3357910168269231 0.79740740625 0.3476660168269231 0.7851311730769232 0.36137206971153846 0.7721373461538461 0.41802734375 0.7382060192307692 0.5039160168269231 0.7382060192307692 0.5212792956730768 0.773580247596154 0.5240185552884615
0 0.3108217596153846 0.9328564447115385 0.34305169711538464 0.9447021490384616 0.3700810192307692 0.9473291009615384 0.4147839495192308 0.9618066394230769 0.44493441346153845 0.9539111322115384 0.4480555552884615 0.9118066418269231 0.44597607932692307 0.8697021490384615 0.4251813269230769 0.8381201177884615 0.3898341057692308 0.8223291009615384 0.3264158942307693 0.821015625 0.305625 0.8973291009615385 0.3097839495192308 0.9249609375 0.3108217596153846 0.9328564447115385
0 0.39582561778846154 0.20431640625 0.41253857932692306 0.2034375 0.4215895072115385 0.19550293028846152 0.424375 0.18184570432692307 0.4215895072115385 0.16818359375 0.4156712956730769 0.16509765625 0.40731481490384613 0.16642089903846152 0.38433642067307694 0.1725878894230769 0.3724961418269231 0.175234375 0.35857253125 0.17699706971153845 0.3488233028846154 0.18668945432692308 0.34185956730769235 0.19506347596153845 0.34081404326923076 0.20740234375 0.3557870360576923 0.21753906250000002 0.37075617307692305 0.21841796875 0.3822453701923077 0.21401367307692307 0.3885146610576923 0.20960449278846155 0.39582561778846154 0.20431640625
0 0.9449768509615384 0.7127783197115385 0.9566743822115384 0.70849609375 0.9692091057692308 0.6973925793269231 0.9804899687499999 0.67994140625 0.9721334879807693 0.67306640625 0.9683719134615385 0.6636035144230769 0.9667013894230769 0.65720703125 0.9616898149038462 0.6476855456730769 0.9520794759615385 0.6408105480769231 0.9433063269230769 0.6423974615384616 0.9341126538461538 0.6460986322115385 0.9211612644230769 0.6482177740384615 0.9090432091346153 0.6651367187499999 0.9115509254807692 0.690517579326923 0.9182368822115384 0.7032080072115385 0.9265933653846155 0.7027343749999999 0.9332793221153846 0.70744140625 0.9449768509615384 0.7127783197115385
0 0.44888117307692305 0.4142089831730769 0.43885030769230765 0.4107421875 0.4274305552884616 0.4158691418269231 0.41369598798076923 0.42490234375 0.4005401225961539 0.4380859375 0.38715277884615384 0.4505859375 0.3775077163461538 0.45776367307692306 0.3784799375 0.4697607427884615 0.37238811778846154 0.48151367067307693 0.3671643509615385 0.4976708990384615 0.3665856490384615 0.5156640625000001 0.36513503125 0.5299853509615384 0.3831211418269231 0.5329199230769232 0.40633487740384616 0.5263134759615384 0.4388310192307693 0.5204345697115385 0.4605902788461539 0.513828125 0.4887345673076923 0.50244140625 0.48699459855769234 0.4888574230769231 0.47945216105769234 0.44515625000000003 0.46494212980769234 0.42385742067307697 0.45972222115384614 0.4225097644230769 0.44888117307692305 0.4142089831730769
0 0.8486304014423076 0.29241699278846156 0.8476273149038461 0.31335449278846156 0.8636728389423076 0.32351074278846154 0.8842283942307693 0.32921875 0.9062885793269231 0.31337890625 0.9153125 0.30383789182692306 0.917820216346154 0.29622558653846154 0.9123032403846154 0.28099609375 0.90428240625 0.2752832019230769 0.8701890432692309 0.2778222644230769 0.8591589495192308 0.2841699206730769 0.8486304014423076 0.29241699278846156
0 0.5743827163461538 0.74916015625 0.6049652788461539 0.7497949230769231 0.6190046298076923 0.7409130865384616 0.6280285504807692 0.7371044927884616 0.6245177475961537 0.7155322259615384 0.6235146610576923 0.7003027355769231 0.6029591057692307 0.6926855456730769 0.5864158942307692 0.6863427740384616 0.5678626538461539 0.6812646490384615 0.5528240745192308 0.6742871105769231 0.5412924375 0.6742871105769231 0.5352739206730769 0.6755517572115385 0.517226079326923 0.6774560552884614 0.5257484567307692 0.7148974615384615 0.5342708341346154 0.7396435552884615 0.5533256177884616 0.7466210937500001 0.5743827163461538 0.74916015625
0 0.11412808653846153 0.07571777403846154 0.09156635817307693 0.09983398557692308 0.0810378076923077 0.10935058653846154 0.05396219230769231 0.1188671875 0.034409721153846155 0.13980956971153846 0.028892747596153845 0.16455566346153847 0.03039737740384615 0.2019921875 0.03942129567307692 0.21849121153846152 0.09407021634615384 0.25275878846153843 0.11212191346153846 0.24323730528846152 0.13016975240384615 0.240703125 0.15473765384615384 0.2387988269230769 0.16025077163461537 0.2013574206730769 0.15774691346153846 0.14805664182692307 0.1537345673076923 0.07254882932692308 0.15022376442307692 0.061127930288461536 0.12816357932692307 0.06556640625 0.11412808653846153 0.07571777403846154
0 0.10614583413461538 0.8936572259615385 0.10012731490384616 0.9317333990384615 0.08809413461538461 0.9659960937500001 0.10072916586538462 0.974375 0.14344521634615384 0.9538134759615384 0.20601851923076925 0.9393457019230769 0.24391975240384617 0.9210693365384616 0.25414737740384613 0.880712891826923 0.24391975240384617 0.8213232427884616 0.19518904326923078 0.7634521490384615 0.17653549278846153 0.7215722644230769 0.11095679086538462 0.6819775384615384 0.0898996923076923 0.6758837884615385 0.06643518509615384 0.7017724615384615 0.039363425480769224 0.768017579326923 0.050794752403846156 0.8220800769230769 0.09110339423076923 0.8487353509615385 0.10313657451923076 0.8654833990384615 0.10614583413461538 0.8936572259615385
0 0 0.4746337884615385 0.014876543269230769 0.4647314447115385 0.05097222115384615 0.4586425769230769 0.06721836538461538 0.4403662115384615 0.08165894951923078 0.4061035168269231 0.10030864182692308 0.379453125 0.1033179014423077 0.3604150384615385 0.07203317788461538 0.3489941418269231 0.03713734615384615 0.3276708990384615 0 0.31016113221153846 0 0.4746337884615385
0 0.13613811778846155 0.6206884759615385 0.1411728389423077 0.6174999999999999 0.15259259375 0.6111279302884616 0.16266589423076921 0.6030517572115385 0.16636188221153844 0.5913623052884616 0.16552083413461538 0.577548826923077 0.16216435096153844 0.5690478509615384 0.15275848798076924 0.5656494134615385 0.14638117307692308 0.5662890625 0.14016589423076925 0.5705371081730769 0.1352970673076923 0.5777636706730769 0.13093364182692308 0.5928515625 0.11968364182692308 0.6121875 0.11716435096153846 0.6266406250000001 0.12505401201923078 0.623876954326923 0.12908564903846154 0.6215380865384615 0.13613811778846155 0.6206884759615385
0 0.6303549374999999 0.16531738221153847 0.6362731490384615 0.16091308653846154 0.6352276225961538 0.1560644543269231 0.6307021610576923 0.14637206971153846 0.6230439807692308 0.1410839831730769 0.6129436730769231 0.13535644471153846 0.6038927475961539 0.13623535096153847 0.6021527788461538 0.1450488293269231 0.5983217596153846 0.15738769471153846 0.5927507716346153 0.17148925721153846 0.5913580240384616 0.18955566346153846 0.5986689807692308 0.1851464855769231 0.6021527788461538 0.18603027403846153 0.6112037043269231 0.18470703125000001 0.6167746923076923 0.1851464855769231 0.6202584879807692 0.17765625000000002 0.6223456778846154 0.17192871153846154 0.6303549374999999 0.16531738221153847
0 0.8888580240384615 0.8644384759615384 0.9013348774038461 0.8525927740384615 0.908611110576923 0.8223291009615384 0.9252469134615384 0.771015625 0.9387615745192307 0.7262792956730769 0.9375 0.7079101562500001 0.9294058653846153 0.6973291009615384 0.9023765432692308 0.7012792980769231 0.8691049375000001 0.7197021490384615 0.8389583341346154 0.7539111322115384 0.815046295673077 0.78154296875 0.7620254639423076 0.8368066394230769 0.8264814807692308 0.8828564447115385 0.8379166658653846 0.8986474615384614 0.8701388894230769 0.874951173076923 0.8888580240384615 0.8644384759615384
0 0.5698688269230769 0.2311816394230769 0.5508179014423077 0.22674316346153847 0.5397878076923077 0.23054687499999998 0.5317669759615384 0.24323730528846152 0.5362770072115385 0.26291015625 0.5387847211538461 0.2781396490384615 0.5498148149038461 0.3092333990384616 0.5508179014423077 0.3092333990384616 0.5698688269230769 0.3117724615384615 0.5919290120192308 0.3092333990384616 0.5994521610576923 0.28638671875 0.5994521610576923 0.2591015625 0.58290509375 0.24387206971153846 0.5778896610576922 0.2362597668269231 0.5698688269230769 0.2311816394230769
0 0 0.6826904302884615 0.0010339495192307692 0.6822509759615384 0.016354165865384615 0.6809277355769231 0.04177083413461539 0.67255859375 0.07414737740384615 0.6619824206730769 0.09991512259615386 0.6478808605769231 0.10548611057692307 0.6386279302884615 0.10374228365384616 0.6306933605769232 0.09991512259615386 0.6254052740384615 0.09573688221153846 0.6227636706730769 0.0706674375 0.611748045673077 0.05465277884615384 0.6082226562499999 0.031323302884615385 0.6060205072115384 0 0.6121875 0 0.6826904302884615
0 0.8290779326923077 0.17565918028846153 0.8165432091346154 0.1655078125 0.8120293221153846 0.16614257932692308 0.8060146610576923 0.17249023557692308 0.7999961418269231 0.18961914182692308 0.7989930552884614 0.20992675721153847 0.8035069447115385 0.22642578124999999 0.817546295673077 0.24672851682692307 0.8325848774038461 0.25053711057692307 0.845621141826923 0.23975097596153847 0.8566512355769231 0.21880859375 0.8451195985576923 0.1966015625 0.8406095673076923 0.18645019471153848 0.8290779326923077 0.17565918028846153