0 0.2719753076923077 0.8916455072115385 0.26981095673076927 0.886181641826923 0.2659375 0.88328125 0.26376929086538464 0.8803955072115385 0.2582986105769231 0.8825732427884615 0.25442515384615383 0.8871777355769231 0.2508912043269231 0.8877539062500001 0.24633487740384613 0.8923681634615386 0.24337191346153847 0.8972851562499999 0.24006558653846152 0.9000146490384615 0.23641975240384616 0.9066455072115385 0.23220293269230768 0.9118408197115385 0.22866898076923076 0.9184912115384616 0.22912422836538462 0.9216455072115385 0.2435995360576923 0.9268554687499999 0.24736111057692306 0.9248339831730769 0.2524884254807692 0.9199169927884616 0.25681712980769233 0.9179101562499999 0.2609220673076923 0.9202050793269231 0.2650231490384615 0.9242578124999999 0.2673032403846154 0.92873046875 0.26901234615384617 0.9304589855769231 0.27106481490384615 0.93087890625 0.27664737740384615 0.92712890625 0.28052469230769234 0.9102539062499999 0.27687500000000004 0.9020458990384616 0.2719753076923077 0.8916455072115385
0 0.4491358028846154 0.17063964903846152 0.4428665120192308 0.16760253846153847 0.43180941346153845 0.17048828124999998 0.4204128076923077 0.17395507932692308 0.41369598798076923 0.18001464903846154 0.41631558653846157 0.18664550721153847 0.4221257716346154 0.19428710817307693 0.43063271634615385 0.19989746153846152 0.4380787043269231 0.20423339903846155 0.4474266971153846 0.20885253846153845 0.4533526225961539 0.20625976682692307 0.4533950625 0.20424804807692307 0.4533757716346154 0.2017480480769231 0.4541512355769231 0.18635742067307692 0.4533526225961539 0.18130859375 0.4491358028846154 0.17063964903846152
0 0.9023186730769232 0.84326171875 0.90080246875 0.8480224615384616 0.8996141971153846 0.8538623052884616 0.8999459879807692 0.8577880865384616 0.9006712956730769 0.85853515625 0.9040354927884615 0.86154296875 0.9069367283653846 0.8668017572115385 0.9091126538461538 0.86947265625 0.9135956778846155 0.8708886730769231 0.9201273149038461 0.8724755865384615 0.9228317908653847 0.8695556634615385 0.9248070985576924 0.8641308581730769 0.9319328701923077 0.8640478509615386 0.9360879639423078 0.8620410144230769 0.9353626538461538 0.8509423822115385 0.9327893509615385 0.8445996081730769 0.9285030865384616 0.83591796875 0.9254668221153846 0.8323291009615384 0.9195331778846154 0.83015625 0.9140586418269231 0.8303271490384615 0.9104320985576924 0.831494141826923 0.9060802475961538 0.8339990240384616 0.903703704326923 0.838671875 0.9023186730769232 0.84326171875
0 0.7867129639423076 0.8765234375000001 0.7939660504807692 0.8746875000000001 0.8067322524038462 0.8739501947115385 0.8105054014423078 0.8666064447115385 0.8122453701923077 0.8585302740384615 0.8032523149038462 0.8364941394230769 0.7928047836538461 0.8324560552884616 0.7887422836538461 0.8313574206730769 0.7730748461538461 0.82841796875 0.7629205240384616 0.8328222644230769 0.75740740625 0.8416357427884615 0.7553780865384615 0.8500830072115384 0.7794598774038461 0.8743212884615384 0.7809104927884616 0.8776220697115384 0.7867129639423076 0.8765234375000001
0 0.7991589495192308 0.7414990240384616 0.8040663581730769 0.7481103509615384 0.8078665120192308 0.75341796875 0.8160956778846155 0.7549169927884616 0.8198148149038461 0.7508105480769232 0.8198148149038461 0.74169921875 0.8213194447115384 0.7371923822115385 0.8253549375 0.7313818365384616 0.8273341057692308 0.7286767572115385 0.8280439807692308 0.7236669927884616 0.8267785504807693 0.7194628894230769 0.8229822524038461 0.7156542980769232 0.8210802475961538 0.714755858173077 0.8152237644230769 0.7166552740384616 0.807943673076923 0.7192626947115385 0.80478009375 0.7201611322115385 0.7994753076923077 0.7209619134615385 0.79607253125 0.7224658197115384 0.7929089495192307 0.72306640625 0.7909297836538461 0.7234667980769232 0.789502314903846 0.72546875 0.7896604927884615 0.7306787115384614 0.7944097211538461 0.7392919927884616 0.7945679014423077 0.7394921875 0.7991589495192308 0.7414990240384616
0 0.4949807091346154 0.7215283197115384 0.4955864206730769 0.7212744134615385 0.4973996923076923 0.7138769519230769 0.4981867283653846 0.705712889423077 0.49116512259615386 0.704443360576923 0.47847222115384613 0.709521483173077 0.46556327163461536 0.7105615240384615 0.44380401201923075 0.7171923822115385 0.4359452163461538 0.7233105456730768 0.42486496875 0.7398876947115384 0.41821373557692304 0.7511083990384615 0.41801311778846156 0.7638574230769231 0.4274807091346154 0.7658984375 0.43836419711538466 0.7676855480769231 0.44077932211538456 0.7669189447115384 0.4564969134615385 0.7539160144230769 0.46657021634615387 0.7444775384615384 0.4748341057692308 0.7289208990384615 0.4814814807692308 0.7253515625 0.4949807091346154 0.7215283197115384
0 0.36045910576923074 0.72779296875 0.36415509375 0.7239697259615384 0.3658333341346154 0.7197167980769231 0.3680169759615385 0.7082421875 0.3671759254807692 0.7031396490384616 0.3629783942307692 0.69421875 0.3574382716346154 0.6855029302884615 0.3552546298076923 0.6789160144230769 0.3523996923076923 0.6757275384615385 0.34736496875 0.6755175769230769 0.34333333413461536 0.6784912115384615 0.3399768509615385 0.682529295673077 0.33779320913461536 0.6869921875 0.3369521610576923 0.691455076923077 0.3485339495192308 0.706982423076923 0.3565972211538462 0.7254541009615385 0.3581095673076923 0.728427733173077 0.36045910576923074 0.72779296875
0 0.3622415120192307 0.4515771490384616 0.37815972115384616 0.45361328125 0.38581404326923074 0.45310546874999996 0.3989120360576923 0.4513183581730769 0.40293981490384617 0.4495361322115385 0.3989120360576923 0.44443359375 0.39206018509615387 0.43958984375 0.38903935096153847 0.43193847596153845 0.3815817908653846 0.42556640625000003 0.37392746875000005 0.4230126947115384 0.36204089423076924 0.41791503846153844 0.3574035504807692 0.41918945192307694 0.3533757716346154 0.42173828125 0.35196373557692306 0.42479980528846156 0.3497299375 0.43168945432692307 0.34672453605769227 0.4378027331730769 0.3495486105769231 0.44417968750000003 0.3561959879807692 0.45437988221153847 0.3622415120192307 0.4515771490384616
0 0.3883333341346154 0.9560595697115384 0.38696373557692304 0.9475537115384616 0.38240740624999997 0.9404833990384615 0.3759104927884615 0.93529296875 0.36975694471153847 0.9329833990384616 0.36554012259615387 0.9315429687500001 0.3626890432692308 0.9306787115384616 0.3571064807692308 0.9324072259615386 0.3520910504807692 0.9396191394230768 0.3484452163461539 0.9474072259615384 0.3450270072115385 0.9562060552884616 0.34172067788461535 0.9635644543269231 0.3422916658653846 0.9710644519230769 0.34867283894230766 0.9794287115384616 0.35391589423076925 0.9824560552884616 0.3581327163461539 0.9860644519230769 0.3700964495192308 0.98591796875 0.3779629639423077 0.9854833990384615 0.3797839495192308 0.9789941418269231 0.3817206778846154 0.9707714831730769 0.3842283942307692 0.9624072259615384 0.3883333341346154 0.9560595697115384
0 0.3994521610576923 0.13439453125 0.3948958341346154 0.12501953125 0.38387731490384613 0.1226171875 0.3758063269230769 0.12489746153846154 0.3680169759615385 0.12501953125 0.36535879567307694 0.13247070432692307 0.36393518509615386 0.14533203125 0.3632716057692308 0.1519433605769231 0.36792438221153845 0.15819335817307692 0.37438271634615383 0.16155761778846156 0.3806481490384615 0.1616796875 0.38967206730769227 0.1597558605769231 0.3970794759615384 0.15050293028846154 0.40249228365384615 0.14076660096153845 0.3994521610576923 0.13439453125
0 0.41143518509615384 0.4772265625 0.4062577163461538 0.48271972596153845 0.4034606490384615 0.4871435552884616 0.3981404326923077 0.4938769519230769 0.39982253125 0.4970605456730769 0.40136188221153846 0.5013134759615384 0.4051388894230769 0.5069775384615385 0.4104552475961538 0.5069775384615385 0.41591049278846154 0.5043212884615385 0.42430555528846153 0.4974169927884615 0.4262654326923077 0.48767578125 0.4244483028846154 0.4813037115384615 0.4213695985576923 0.4779394519230769 0.41842978365384614 0.47651855528846154 0.41143518509615384 0.4772265625
0 0.7193518509615384 0.7761474615384615 0.7154629639423077 0.7760595697115384 0.7116358028846155 0.778232420673077 0.7093287043269231 0.7799853509615384 0.7084027788461539 0.7855761730769231 0.7074151225961539 0.78908203125 0.7058989206730769 0.7912548822115385 0.7058989206730769 0.795009766826923 0.7061612644230769 0.79943359375 0.7094598774038462 0.8021044927884616 0.7124266971153846 0.8027734375000001 0.7153279326923077 0.8041064447115385 0.7175733028846154 0.8052783197115385 0.7198804014423076 0.8056103509615385 0.7213310192307693 0.8023535168269231 0.7222530865384615 0.7991015625 0.7230439807692307 0.7962597644230769 0.724826389423077 0.7956787115384615 0.7272646610576923 0.7941748052884615 0.7271990745192307 0.7874121081730769 0.7260802475961537 0.7818212884615385 0.7223186730769231 0.7781494134615384 0.7193518509615384 0.7761474615384615
0 0.41359953605769234 0.3476806634615385 0.4132098774038461 0.34430663942307693 0.41254243749999997 0.3431787115384616 0.4072646610576923 0.3431103509615384 0.40104166586538464 0.3436035168269231 0.3962654326923077 0.34430663942307693 0.3910995360576923 0.34493652403846153 0.38643132692307697 0.3461328125 0.3809876538461538 0.34683593749999997 0.37648919711538464 0.34704589903846156 0.3724884254807692 0.34704589903846156 0.36971064903846157 0.34859375 0.36920910576923077 0.3521777331730769 0.3682638894230769 0.3567480456730769 0.3672646610576923 0.36251464903846153 0.36670910576923077 0.3668066418269231 0.36848765384615384 0.3694042980769231 0.3744868822115385 0.37102539182692307 0.3797646610576923 0.3721484375 0.38570987740384616 0.3725683605769231 0.3908757716346154 0.37165527403846155 0.39520833413461537 0.36989746153846154 0.39815586538461534 0.3656103509615385 0.40070987740384617 0.3635693365384615 0.4052083341346154 0.3637792980769231 0.40760030769230765 0.3651171875 0.4101003076923077 0.36314941346153845 0.41198688221153845 0.3602636706730769 0.4135416658653846 0.35295410096153845 0.41359953605769234 0.3476806634615385
0 0.28646990625 0.6784912115384615 0.29542438221153844 0.6799072259615385 0.30312114182692307 0.6804394543269231 0.30521990625 0.6767187499999999 0.3063387355769231 0.6698144519230769 0.3060570985576923 0.6590087884615384 0.30647762259615385 0.64998046875 0.30619984615384616 0.6432519543269231 0.3033989206730769 0.6365185552884616 0.2973842596153846 0.630322266826923 0.2937461418269231 0.6264257812499999 0.2824112644230769 0.61314453125 0.27835262259615384 0.609423826923077 0.2748572524038461 0.6083642572115384 0.2719174375 0.6081884759615385 0.26856095673076924 0.6159765625 0.26478009375 0.6189892572115384 0.2625424375 0.6258935552884615 0.26156250000000003 0.6324462884615384 0.2642206778846154 0.6358105456730769 0.2695408942307692 0.6528125 0.2740162043269231 0.6639697259615385 0.28087191346153845 0.6737109375 0.28646990625 0.6784912115384615
0 0.7856442908653847 0.9144482427884615 0.7828896610576923 0.9062792956730769 0.7794714495192309 0.901708985576923 0.7764313269230769 0.8975048822115385 0.7730131177884616 0.8936572259615385 0.7704513894230769 0.8890869134615385 0.7669367283653846 0.8871679687499999 0.7619020072115384 0.8862060552884615 0.7579128076923076 0.8923339855769231 0.7555401225961538 0.8976220697115385 0.7528819447115385 0.8995458990384615 0.7497453701923077 0.906396483173077 0.7464236105769231 0.91529296875 0.7459490745192308 0.9205810552884616 0.7474691346153846 0.9245458990384615 0.7490817908653846 0.9295947259615385 0.7535455240384615 0.9291162115384615 0.7538310192307692 0.9291162115384615 0.7577237644230769 0.9289941418269231 0.761523920673077 0.9292333990384616 0.7631365745192308 0.9303173822115384 0.7665547836538462 0.9330810552884615 0.7695949062499999 0.9362060552884616 0.7728240745192309 0.9384912115384616 0.7764313269230769 0.937646483173077 0.7840316346153846 0.936083983173077 0.7862152788461538 0.9259912115384614 0.7856442908653847 0.9144482427884615
0 0.5686496923076922 0.8689306634615386 0.5689351850961539 0.8570312499999999 0.5682716057692307 0.84765625 0.5662770072115385 0.8380419927884616 0.5630478389423077 0.8347949230769232 0.5574421298076924 0.8325146490384616 0.5517438269230769 0.8309521490384615 0.5481365745192307 0.8305908197115385 0.5438618822115384 0.8298681634615386 0.5403510793269231 0.8280664062499999 0.5373109567307692 0.8272265625 0.533796295673077 0.8262646490384615 0.5284799375 0.8267431634615385 0.5246797836538462 0.8277050769230769 0.5202160504807692 0.8281884759615384 0.5133796298076923 0.8307080072115384 0.50986496875 0.8326318365384615 0.5086304014423078 0.8337158197115385 0.5083449062500001 0.8360009759615384 0.5092013894230769 0.8451318365384615 0.5087229927884616 0.8563134759615385 0.5123341057692308 0.8591943365384616 0.5192669759615385 0.8613623052884616 0.5266743822115385 0.8629248052884615 0.530756173076923 0.8643652355769231 0.5330362644230769 0.8660498052884615 0.5356944447115385 0.87109375 0.5374035504807693 0.87421875 0.5384490745192307 0.8759033197115385 0.5395910504807693 0.87421875 0.5424382716346154 0.8706152331730769 0.5470910504807692 0.87013671875 0.5580131177884615 0.8704931634615385 0.5686496923076922 0.8689306634615386
0 0 0.7862402355769231 0.0032407403846153844 0.7876806634615385 0.00951003125 0.7861181634615384 0.014259259615384616 0.7847949230769231 0.019386574519230766 0.7897216802884616 0.024324846153846152 0.7894824230769231 0.026890432692307693 0.7869580072115384 0.03239583413461539 0.7823925769230768 0.03809413461538462 0.77181640625 0.04084876442307693 0.76099609375 0.039425153846153846 0.75462890625 0.033441358173076925 0.7513818365384615 0.02650848798076923 0.7487353509615384 0.01720293269230769 0.7506591802884616 0.005617283653846154 0.7542675769230769 0.00010802403846153846 0.7564306634615385 0 0.7710937499999999 0 0.7862402355769231
0 0.6971759254807692 0.9525341802884615 0.6876929014423077 0.961279298076923 0.6815046298076923 0.9719970697115384 0.6844521610576924 0.985693360576923 0.6965933653846155 0.9826464831730769 0.7128433653846155 0.9841162115384615 0.7261882716346153 0.9844824230769231 0.7377932091346153 0.97787109375 0.7496913581730769 0.9712646490384615 0.7557831778846154 0.9697949206730769 0.760713735576923 0.9672216802884616 0.761875 0.9609814447115385 0.754911264423077 0.9492285144230769 0.7505594134615384 0.9455566394230769 0.7256095673076923 0.9426220697115385 0.7131327163461538 0.9459277355769231 0.6971759254807692 0.9525341802884615
0 0.11964892067307692 0.6522705072115385 0.12312885817307692 0.6488671874999999 0.11853780769230769 0.6382470697115384 0.11315586538461539 0.6321386706730769 0.10809413461538461 0.6253271490384615 0.1046103389423077 0.6193164062500001 0.09859567788461539 0.6153125 0.0940046298076923 0.61451171875 0.09028549278846154 0.6169140625 0.08719907451923076 0.6282324206730769 0.08411265384615385 0.63865234375 0.08213348798076922 0.6449609374999999 0.08158179086538463 0.6505712884615384 0.08917824038461539 0.653271485576923 0.09305555528846154 0.6553759759615385 0.09630015384615385 0.65748046875 0.09859567788461539 0.6587841802884615 0.1027121923076923 0.65818359375 0.10793595673076924 0.6553759759615385 0.11347222115384616 0.6546777331730769 0.11964892067307692 0.6522705072115385
0 0.30819444471153845 0.7041748052884615 0.3033564807692308 0.7060107427884615 0.2948958341346154 0.7075439447115385 0.28788194471153844 0.70876953125 0.2784529326923077 0.7124414062500001 0.2687808653846154 0.7185595697115384 0.2658796298076923 0.7231494134615384 0.2670910504807692 0.7283496105769232 0.27071759375000004 0.7375341802884615 0.2753086418269231 0.7402880865384615 0.28087191346153845 0.74365234375 0.2893325625 0.74916015625 0.29731481490384615 0.75099609375 0.30770833413461535 0.7488525384615384 0.31907407451923075 0.7476318365384615 0.32632716105769227 0.7415087884615384 0.32270061778846154 0.7274316394230769 0.31786265384615386 0.712109375 0.31496527884615383 0.7054003918269232 0.3115779326923077 0.7041748052884615 0.30819444471153845 0.7041748052884615
0 0.3816705240384615 0.7472314447115385 0.38481481490384617 0.7570263677884616 0.3925540120192308 0.7619189447115384 0.40222222115384615 0.763759766826923 0.40947916586538463 0.7610009759615385 0.4145563269230769 0.7509033197115385 0.41914737740384617 0.74478515625 0.4317206778846154 0.7279541009615385 0.43293209855769227 0.7144873052884615 0.42978780769230773 0.7126513677884615 0.42688657451923073 0.7050048822115385 0.40826774759615386 0.6997998052884615 0.3852970673076923 0.6936816418269232 0.37006558653846156 0.6952099615384615 0.3703086418269231 0.7062255865384616 0.36740740624999996 0.7334619134615384 0.37466049278846153 0.7432568365384615 0.37925540144230774 0.7441748052884616 0.3816705240384615 0.7472314447115385
0 0.8839814807692308 0.8147998052884616 0.8803549374999999 0.807763670673077 0.8767283942307693 0.7998046875 0.8680246923076923 0.7970507812500001 0.8554513894230769 0.8013330072115384 0.8491666658653846 0.8053125 0.8438464495192307 0.8111279302884615 0.8465046298076923 0.8175537115384616 0.8518248461538461 0.8264306634615385 0.8549691346153847 0.8310205072115384 0.8605285504807691 0.8337744134615386 0.8636728389423076 0.8359130865384615 0.8680246923076923 0.8368310552884615 0.8796296298076923 0.8374462884615385 0.8827739206730769 0.831630860576923 0.8864004639423076 0.8273486322115384 0.8868827163461539 0.8218359375000001 0.8839814807692308 0.8147998052884616
0 0.10165509375000001 0.38618163942307693 0.09701388942307693 0.38361328125 0.09440200721153845 0.3883886706730769 0.08976080288461538 0.39462890625 0.08976080288461538 0.40527831971153844 0.08424768509615385 0.4188671875 0.08424768509615385 0.4251074206730769 0.08569830288461538 0.4295166009615385 0.09962191346153845 0.42877929567307693 0.10107638942307692 0.42914550721153844 0.10165509375000001 0.42988281250000004 0.11239197596153847 0.4339208990384616 0.12718749999999998 0.42290527403846156 0.13037808653846156 0.41482421875000003 0.12399691346153846 0.4082177740384615 0.11297067788461537 0.3953613293269231 0.10687885817307692 0.3887548822115384 0.10165509375000001 0.38618163942307693
0 0.8103819447115386 0.7747900384615385 0.8063927475961539 0.7721923822115385 0.8011535504807692 0.7710400384615385 0.7954552475961538 0.77248046875 0.7929475312500001 0.7740673822115384 0.7924922836538462 0.77998046875 0.7924922836538462 0.7892138677884616 0.793402778846154 0.7949804687500001 0.7965933653846153 0.7964208990384616 0.8000115745192308 0.7978662115384616 0.8041165120192308 0.8000292956730769 0.8070794759615385 0.80017578125 0.8106095673076923 0.798876951923077 0.8136882716346154 0.7985888677884615 0.8177893509615385 0.7998828125 0.8226890432692309 0.7972900384615385 0.8180169759615384 0.7890673822115384 0.8147145072115385 0.7796923822115385 0.8103819447115386 0.7747900384615385
0 0.4827314807692308 0.8498974615384616 0.4867592596153846 0.8470947259615385 0.49421682211538465 0.82771484375 0.4970370360576923 0.8126660144230768 0.49623070913461537 0.80501953125 0.4849459879807692 0.789462889423077 0.4776929014423077 0.7848730456730769 0.46721450721153845 0.7767138677884616 0.45673996875 0.7708447259615384 0.44908179086538463 0.7708447259615384 0.43396990625000004 0.7823242187499999 0.4277237644230769 0.7955810552884616 0.42067129567307693 0.8070556634615385 0.41946373557692307 0.8131787115384616 0.4202700625 0.8136865240384614 0.4265162043269231 0.8384228509615385 0.4456558653846154 0.8486230480769231 0.45714120432692307 0.8606103509615385 0.4827314807692308 0.8498974615384616
0 0.4860841057692307 0.6620996105769231 0.48893518509615386 0.6598925769230769 0.4905169759615384 0.6557861322115385 0.48948688221153847 0.6479736322115385 0.48814429086538463 0.64466796875 0.4875887355769231 0.6399609374999999 0.4871141971153846 0.63435546875 0.48727237740384616 0.6280419927884615 0.4874305552884615 0.625439454326923 0.4856095673076923 0.6236376947115385 0.48236496875 0.6233349615384616 0.47943672836538465 0.6243359374999999 0.4766666658653846 0.6250390625000001 0.47263117307692304 0.6250390625000001 0.4665393509615384 0.6252392572115385 0.462816358173077 0.6260400384615384 0.45798996875000003 0.6262402355769231 0.45474537019230765 0.6275439447115385 0.4519753076923077 0.6302441394230769 0.44896990625 0.6319482427884615 0.44817515384615386 0.6347558605769231 0.4480169759615385 0.6354541009615384 0.44730709855769235 0.6365576177884615 0.44437885817307693 0.637158204326923 0.44152777884615385 0.63916015625 0.44065972115384616 0.64306640625 0.44145061778846156 0.6507812500000001 0.4423996923076923 0.6581933605769231 0.44287422836538465 0.6603955072115385 0.4464351850961539 0.6629003894230769 0.45023533894230766 0.66169921875 0.45324074038461537 0.6610986322115384 0.45521990625 0.662998045673077 0.45933642067307695 0.6637011730769231 0.4612345673076923 0.6637011730769231 0.4614737644230769 0.6622998052884616 0.46638117307692306 0.66029296875 0.47191743750000004 0.6583935552884616 0.4830787043269231 0.6603955072115385 0.4860841057692307 0.6620996105769231
0 0.9659066346153846 0.9137597668269231 0.9563310192307692 0.9093505865384616 0.9490779326923077 0.9064111322115385 0.9363117283653846 0.9038427740384616 0.9299266971153847 0.9155957019230769 0.9226736105769231 0.9299169927884615 0.9189004639423076 0.9401953125 0.9191936730769231 0.948642576923077 0.9296373461538461 0.9552539062500001 0.9368904326923077 0.9563525384615384 0.9444328701923077 0.9552539062500001 0.9511072524038462 0.9435009759615384 0.9621334879807691 0.9302832043269231 0.9693865745192307 0.9214697259615385 0.9659066346153846 0.9137597668269231
0 0.674236110576923 0.7636328124999999 0.6757523149038461 0.7636328124999999 0.6788503076923077 0.75962890625 0.68103009375 0.7550341802884616 0.6815547836538461 0.7517822259615384 0.6786535504807693 0.7490283197115384 0.6748302475961538 0.7451025384615384 0.6733796298076923 0.742099608173077 0.6700810192307693 0.7397607427884616 0.6665856490384615 0.737841795673077 0.6636188269230769 0.7365869134615385 0.6602546298076923 0.7350878894230769 0.6567592596153846 0.732998048076923 0.65365740625 0.7310791009615384 0.6513503076923077 0.7304150384615385 0.6493055552884616 0.7304150384615385 0.6479861105769231 0.73341796875 0.6467322524038461 0.7380078125 0.64646990625 0.7429345697115385 0.6457445985576923 0.7464404302884616 0.6450848774038461 0.7491943365384616 0.6456134254807692 0.7503613269230769 0.6495679014423076 0.75078125 0.6512191346153846 0.7531152355769231 0.6543171298076923 0.7547021490384616 0.6571527788461539 0.7562890624999999 0.65919753125 0.7583740240384615 0.6610455240384615 0.7594580072115384 0.6653317908653846 0.7611279302884615 0.66955246875 0.762548829326923 0.6726543221153847 0.7634667980769231 0.674236110576923 0.7636328124999999
0 0.5727314807692307 0.96318359375 0.5712808653846154 0.9565722644230769 0.5695408942307693 0.9529003918269231 0.5576427475961538 0.9385791009615385 0.5512615745192307 0.936376954326923 0.5370447524038462 0.9334423822115384 0.5286304014423077 0.9400488293269231 0.5306597211538462 0.9499658197115385 0.5373341057692308 0.9661230456730769 0.5445871923076923 0.9705273437499999 0.5605439807692307 0.9767724615384614 0.5707021610576923 0.9859521490384615 0.5750540120192308 0.9819140625 0.5707021610576923 0.97236328125 0.5727314807692307 0.96318359375
0 0.7410570985576924 0.7617822259615384 0.7372685192307693 0.7585839855769231 0.7331983028846154 0.7553857427884616 0.7292438269230769 0.7521142572115385 0.7244058653846154 0.7498193365384616 0.7207793221153846 0.7484277331730769 0.715941358173077 0.7469677740384615 0.7115470673076923 0.7471044927884616 0.7074228389423076 0.7498193365384616 0.7063233028846153 0.7532275384615384 0.7059953701923077 0.7562207019230769 0.7020910504807693 0.7552441394230769 0.700223764423077 0.7550341802884616 0.6977507716346154 0.7559423822115385 0.6941242283653846 0.7585839855769231 0.6918171298076923 0.7617822259615384 0.6896180552884614 0.7657470697115384 0.6883526225961538 0.7696435552884615 0.6907175937500001 0.7777099615384616 0.6977507716346154 0.7848046875 0.705663579326923 0.7805615240384616 0.7073148149038461 0.7793798822115385 0.7107214495192308 0.7781982427884616 0.7145138894230769 0.7761816394230769 0.7177006177884616 0.7754150384615385 0.7206134254807692 0.7765966802884615 0.7229783942307692 0.777919923076923 0.72423996875 0.7784765625 0.7326504639423077 0.7765966802884615 0.7385841057692308 0.7720068365384616 0.7407291658653846 0.7654003918269231 0.7410570985576924 0.7617822259615384
0 0.11170910576923077 0.9394628894230769 0.11116126442307692 0.9321923822115384 0.10897376442307692 0.92111328125 0.10227237740384616 0.9164404302884616 0.09297453605769232 0.9114208990384616 0.08914351923076923 0.9102099615384615 0.08435956730769231 0.9133251947115385 0.07916280769230769 0.9154003894230769 0.07410107932692309 0.9228466802884616 0.0673996923076923 0.94119140625 0.06644290144230769 0.9484619134615385 0.06384644951923077 0.9652490240384615 0.0642554014423077 0.9720019543269232 0.0637075625 0.9820361322115385 0.0652121923076923 0.9856738293269232 0.07205246875 0.9879248052884615 0.07246142067307693 0.9934619134615384 0.07670138942307693 0.99380859375 0.08148533894230768 0.9922509759615384 0.08476851923076922 0.9887890625 0.08983024759615385 0.9879248052884615 0.09365740624999999 0.9882714855769231 0.0951620360576923 0.9882714855769231 0.09844521634615384 0.98498046875 0.10309413461538462 0.981171875 0.10856481490384615 0.9797900384615384 0.11225694471153846 0.9796142572115384 0.11594907451923077 0.9804785144230769 0.11881944471153846 0.9737304687499999 0.11307870432692307 0.9579785168269231 0.10869984615384615 0.9479394543269231 0.11170910576923077 0.9394628894230769
0 0.8421527788461538 0.7068603509615384 0.853433641826923 0.71267578125 0.8722222211538462 0.701025391826923 0.8805941346153846 0.69892578125 0.8789197524038461 0.6888818365384615 0.8642978389423077 0.6825341802884615 0.8488387355769231 0.6751318365384615 0.8408989206730768 0.6708984375 0.8333796298076923 0.66931640625 0.8212615745192308 0.6798876947115384 0.8112268509615385 0.7068359375 0.81625 0.7153173822115384 0.8296180552884616 0.7073876947115385 0.8421527788461538 0.7068603509615384
0 0.38803240625 0.663486326923077 0.4005246923076923 0.663486326923077 0.40959105048076927 0.6642529302884616 0.4178510793269231 0.6652734375 0.4283294759615384 0.6647607427884614 0.4317554014423077 0.6629785144230769 0.4371952163461538 0.6553271490384615 0.4375771610576923 0.64990234375 0.43595679086538464 0.644384766826923 0.43225308653846156 0.6375 0.4261111105769231 0.6308447259615384 0.4242978389423077 0.6231982427884616 0.4196643509615384 0.6216650384615385 0.4128086418269231 0.6229492187500001 0.40675154326923074 0.6229492187500001 0.39770447596153846 0.6209033197115384 0.3914583341346154 0.6239599615384616 0.38883873557692306 0.6254931634615384 0.3870254639423077 0.6267675769230769 0.38480709855769235 0.635693360576923 0.3787615745192308 0.6484423822115384 0.37513503125000003 0.6604296875 0.3785609567307692 0.6660400384615385 0.38803240625 0.663486326923077
0 0.9369212956730769 0.8069677740384615 0.9414313269230768 0.800625 0.9444405865384616 0.7930078125000001 0.9444405865384616 0.7841259759615385 0.9349151225961538 0.7777783197115385 0.9304012355769231 0.7746044927884616 0.9253896610576924 0.76826171875 0.92388503125 0.7574755865384616 0.9163657403846154 0.7562060552884616 0.9053356490384614 0.7574755865384616 0.8988155865384615 0.7587451177884615 0.8932098774038462 0.7669921875000001 0.8881172836538462 0.774609375 0.8872839495192307 0.7853955072115385 0.8897916658653846 0.7930078125000001 0.8988155865384615 0.8018896490384615 0.9083410504807692 0.8126806634615384 0.9198726850961538 0.8126806634615384 0.9324074062500001 0.8088720697115386 0.9369212956730769 0.8069677740384615
0 0.8787731490384616 0.28348144471153847 0.8745331778846155 0.2722314447115385 0.8624961418269231 0.26617675721153844 0.84540509375 0.26409668028846156 0.8303587956730769 0.2576953125 0.8209259254807691 0.2528466802884615 0.8163966057692308 0.25170898557692306 0.8166859567307692 0.24540527403846155 0.8150424375 0.238828125 0.8132677475961538 0.23640624999999998 0.8031442908653846 0.23917480528846152 0.8004128076923076 0.24592285096153846 0.7926157403846154 0.2544042980769231 0.7856404326923077 0.2590771490384615 0.776203704326923 0.2597705072115385 0.7712808653846154 0.2544042980769231 0.7651273149038461 0.25751953125 0.7566473774038461 0.2703271490384615 0.7530941346153845 0.2782910168269231 0.7521373461538462 0.2907519543269231 0.7539158942307692 0.30183105528846155 0.7600694447115385 0.30719238221153844 0.7640354927884616 0.32121581971153845 0.7744290120192308 0.3331591802884616 0.7835918221153846 0.3393896490384615 0.7961728389423077 0.34734863221153844 0.8169598774038461 0.3532324206730769 0.8377469134615385 0.3549658197115385 0.8448572524038462 0.34821288942307693 0.8536072524038462 0.3416357427884616 0.8589429014423077 0.3381787115384615 0.8597608028846154 0.33679199278846156 0.8741203701923077 0.33350097596153844 0.8813695985576923 0.31688964903846156 0.8864313269230769 0.2990576177884615 0.8787731490384616 0.28348144471153847
0 0.8950887355769231 0.87576171875 0.8978356490384616 0.8754833990384616 0.9005825624999999 0.8761083990384615 0.90459490625 0.8758984375 0.9063001538461539 0.8699853509615385 0.9056404326923077 0.8644238269230768 0.9049807091346154 0.8610156250000001 0.90201003125 0.8590673822115384 0.8987152788461539 0.8582324230769232 0.8962422836538462 0.8572558605769232 0.8934915120192308 0.8551708990384616 0.8904166658653847 0.8530859375000001 0.8879976850961538 0.8526660168269231 0.8841512355769231 0.8535693365384615 0.8794251538461538 0.8544775384615384 0.8758526225961538 0.8551708990384616 0.8744212956730769 0.8562841802884615 0.8738734567307692 0.8585107427884615 0.8739814807692308 0.8637939447115385 0.8750810192307692 0.86796875 0.8754668221153845 0.8700585937499999 0.8764544759615384 0.8722802740384614 0.8778279326923077 0.874853516826923 0.8797530865384615 0.8769433605769231 0.880798610576923 0.8796533197115385 0.8815663581730769 0.880419920673077 0.8845331778846154 0.8790283197115384 0.8862924375 0.8775683605769231 0.8899189807692308 0.8761767572115384 0.8950887355769231 0.87576171875
0 0.94053240625 1 0.9415316346153847 0.9838769543269231 0.9390277788461538 0.9781689447115384 0.9305015432692307 0.96484375 0.9244868822115385 0.956591795673077 0.9084413581730769 0.9445361322115384 0.9024266971153847 0.9445361322115384 0.89490740625 0.9483447259615385 0.89490740625 0.9699169927884616 0.8984143509615384 0.9832421875 0.9034297836538462 0.992763673076923 0.9049344134615385 1 0.9149614206730768 1 0.94053240625 1
0 0.25076774759615383 0.6720507812500001 0.2485841057692308 0.6726904302884615 0.24388117307692306 0.6722656250000001 0.23968364182692306 0.6716259759615385 0.2368325625 0.6695019519230769 0.23280092548076922 0.6675878918269231 0.22776234615384613 0.6697119134615386 0.2233989206730769 0.6724755865384615 0.22272762259615383 0.67736328125 0.22524691346153844 0.6877783197115386 0.22692515384615383 0.6943652331730769 0.23313657451923075 0.7013769519230769 0.2391820985576923 0.70583984375 0.24371527884615382 0.7056298822115384 0.2502623461538462 0.7009521490384615 0.2557870360576923 0.692431639423077 0.2564814807692308 0.6792968749999999 0.2574845673076923 0.6735400384615384 0.2536226850961538 0.6720507812500001 0.25076774759615383 0.6720507812500001
0 0.15869984615384616 0.5957275384615385 0.14930555528846154 0.59697265625 0.1301195985576923 0.609052733173077 0.12009259375 0.6192089831730769 0.12209876442307693 0.6236474615384615 0.12660879567307692 0.6350683581730769 0.13262731490384616 0.64078125 0.13914351923076923 0.63443359375 0.15418595673076924 0.6280908197115385 0.1727353389423077 0.6192089831730769 0.1777507716346154 0.6115917980769231 0.1712307091346154 0.5976318365384615 0.1712307091346154 0.5950927740384615 0.16320987740384615 0.5944580072115385 0.15869984615384616 0.5957275384615385
0 0.3891203701923077 0.8370458990384615 0.4033834879807693 0.8355175769230769 0.4142631177884616 0.8303125 0.4191010793269231 0.8251123052884615 0.4198263894230769 0.8211328125 0.4188580240384615 0.8088916009615384 0.4145061730769231 0.7997119134615385 0.40749614182692306 0.7969580072115385 0.3973418221153846 0.7886962884615384 0.3893595673076923 0.7822705072115385 0.37823688221153845 0.7715625 0.3719521610576923 0.7685009759615385 0.3572029326923077 0.7636035168269231 0.34608024759615386 0.7636035168269231 0.33882716105769234 0.7626855480769231 0.3322993822115385 0.7648291009615384 0.3250462956730769 0.7758447259615384 0.3214197524038462 0.78166015625 0.3160995360576923 0.789921875 0.3136805552884615 0.7957373052884615 0.31150462980769233 0.7997119134615385 0.3136805552884615 0.8018554687499999 0.32311342548076927 0.8067529302884615 0.3274652788461539 0.8061376947115384 0.3322993822115385 0.8070556634615385 0.33520061778846155 0.81103515625 0.33882716105769234 0.814404298076923 0.34559799278846154 0.8153222644230769 0.36349151201923074 0.8232763677884616 0.37678626442307694 0.8287841802884616 0.38186728365384615 0.8345996105769231 0.3891203701923077 0.8370458990384615
0 0.8593132716346153 0.89291015625 0.8640123461538463 0.8935498052884616 0.8786226850961539 0.8986474615384614 0.8823148149038461 0.9007714831730769 0.8850038581730769 0.9029003894230769 0.8853395072115385 0.8956738269230768 0.8848341057692307 0.8890869134615385 0.8814776225961538 0.8827099615384615 0.8809722211538461 0.878671875 0.8734182091346153 0.8682617187499999 0.8680439807692307 0.8678369134615385 0.8606558653846155 0.8667724615384615 0.8571296298076923 0.8667724615384615 0.8522608028846155 0.868046875 0.8480632716346155 0.8691113293269231 0.8467206778846154 0.86974609375 0.8457137355769231 0.8746337884615384 0.8500771610576923 0.8784619134615385 0.8495756177884615 0.8846240240384616 0.8502469134615385 0.8905712884615385 0.8593132716346153 0.89291015625
0 0.4497453701923077 0.90681640625 0.45659722115384616 0.9060546875 0.4642554014423077 0.9057958990384616 0.47674768509615384 0.9042675793269231 0.47674768509615384 0.8999316394230769 0.47170910576923075 0.8894775384615384 0.46264274759615387 0.8833544927884615 0.4549845673076923 0.8751953125 0.4519637355769231 0.8698388677884614 0.4493441346153846 0.8695849615384615 0.44672453605769236 0.8703515625 0.44047839423076923 0.8759619134615384 0.44007716105769235 0.8823388677884616 0.4384645072115385 0.8945751947115385 0.43765817788461536 0.9057958990384616 0.4497453701923077 0.90681640625
0 0.8939081778846153 0.7451562500000001 0.887453704326923 0.74755859375 0.8821334879807693 0.7491210937499999 0.8775771610576922 0.7521289062500001 0.8745370360576923 0.75681640625 0.8736805552884616 0.76306640625 0.8752970673076923 0.7688330072115386 0.8839390432692308 0.7746044927884616 0.8892554014423077 0.77328125 0.8941010793269231 0.7658300769230769 0.89865740625 0.7606591802884615 0.9021720673076923 0.7578955072115385 0.9042438269230769 0.7580078125 0.905401235576923 0.75681640625 0.9061612644230769 0.7497216802884614 0.8997029326923076 0.7462353509615384 0.8939081778846153 0.7451562500000001
0 0.8696566346153846 0.7752636706730769 0.8612229927884615 0.7735351562499999 0.8558641971153846 0.7741113293269231 0.8519907403846154 0.7765625 0.8475462956730768 0.78291015625 0.8467476850961538 0.7896875 0.8490277788461539 0.7970458990384616 0.8515354927884615 0.8013720697115385 0.8552970673076923 0.7989208990384615 0.8615625 0.7979101562500001 0.8656674375000001 0.7968994134615385 0.8713657403846155 0.79603515625 0.87865740625 0.7948779302884615 0.8790007716346153 0.7839160144230769 0.8742129639423077 0.77771484375 0.8696566346153846 0.7752636706730769
0 0.08041666586538462 0.8905957043269231 0.08006944471153846 0.884423826923077 0.06648919711538462 0.8747314447115385 0.059872685096153844 0.8694433581730769 0.042812499999999996 0.8667968749999999 0.019834105769230767 0.8848632812499999 0.012870370192307691 0.8972021490384615 0.007646605769230769 0.9113037115384616 0.009737653846153846 0.9187939447115384 0.016354165865384615 0.92716796875 0.020181326923076923 0.9328955072115386 0.021925153846153844 0.9333349615384615 0.04734182211538462 0.9324560552884615 0.06473765384615385 0.908642579326923 0.0727546298076923 0.9108642572115385 0.07902392067307693 0.9016113269230769 0.08041666586538462 0.8905957043269231
0 0.7495563269230769 0.8012744134615384 0.7466126538461538 0.7986279302884616 0.7406288581730769 0.796826173076923 0.7337924375 0.7957470697115384 0.7274305552884616 0.79490234375 0.7228703701923076 0.796826173076923 0.7217322524038461 0.8015136730769231 0.720401235576923 0.8045214855769232 0.7204976850961539 0.8082470697115384 0.7261959879807692 0.8144970697115385 0.7310378076923078 0.8170214855769231 0.7343634254807692 0.8189453124999999 0.7402507716346154 0.8213476562500001 0.7424344134615384 0.8231494134615385 0.7438580240384615 0.8238720697115384 0.7501273149038461 0.8238720697115384 0.754683641826923 0.8219482427884616 0.7540200625 0.8092089855769231 0.7495563269230769 0.8012744134615384
0 0.5003395072115384 0.59376953125 0.49260416586538464 0.5949902355769231 0.48680169711538457 0.5980517572115385 0.48510802403846154 0.6032568365384615 0.4802739206730769 0.6118212884615384 0.4802739206730769 0.6179443365384615 0.4829320985576923 0.6210009759615385 0.4880092596153846 0.62681640625 0.5003395072115384 0.6280419927884615 0.5104976850961539 0.62498046875 0.5133989206730769 0.6200830072115384 0.51678240625 0.60478515625 0.5054166658653846 0.5968261706730769 0.5020331778846153 0.594072266826923 0.5003395072115384 0.59376953125
0 0 0.7100683605769231 0.0023958341346153847 0.7067529302884614 0.008321759615384615 0.7018505865384616 0.011971449519230768 0.70314453125 0.01436342548076923 0.7018505865384616 0.022341822115384616 0.6979541009615384 0.03533179086538461 0.6950683605769231 0.04524691346153846 0.692041014423077 0.05037422836538462 0.6864160144230769 0.05584490625 0.68064453125 0.05652777884615385 0.6760302740384615 0.06051697596153846 0.6714160144230769 0.06131558653846154 0.6630517572115384 0.05823688221153846 0.660595704326923 0.052199074519230775 0.6564160144230768 0.048209877403846156 0.6529541009615384 0.042283949519230764 0.6529541009615384 0.0327121923076923 0.6526660168269232 0.023595677884615383 0.6530957043269231 0.015273920673076924 0.6541064447115384 0.003422067307692308 0.6568457043269231 0 0.6594433605769231 0 0.7009814447115384 0 0.7100683605769231
0 1 0.6611376947115384 0.9992361105769232 0.6563525384615385 0.9895794759615384 0.65263671875 0.9804861105769231 0.6485644543269231 0.9775462956730769 0.6490917956730768 0.9723688269230769 0.6521044927884615 0.9632754639423078 0.6565332043269231 0.9564197524038461 0.6609570312499999 0.9533410504807692 0.6664501947115385 0.9512422836538461 0.67158203125 0.9516628076923077 0.6745947259615386 0.9589390432692307 0.6814990240384616 0.9648148149038461 0.68416015625 0.9786651225961538 0.6832714831730768 0.9895794759615384 0.6850439447115384 1 0.6891162115384616 1 0.6657421875 1 0.6611376947115384
0 0.1784837956730769 0.7843603509615384 0.1712307091346154 0.7889501947115385 0.16337191346153845 0.7932861322115384 0.15995370432692307 0.79736328125 0.1565200625 0.8001708990384616 0.15672067788461538 0.8037451177884616 0.15873842548076922 0.8070556634615385 0.16357253125 0.8101171875000001 0.1718325625 0.812412108173077 0.18090277884615386 0.8154736322115385 0.18875771634615385 0.8157275384615384 0.1992361105769231 0.8029785144230769 0.19822916586538464 0.793798829326923 0.19258873557692308 0.7861474615384616 0.18896219230769232 0.7815576177884616 0.18432484615384614 0.7820654302884615 0.1784837956730769 0.7843603509615384
0 0.4847222211538461 0.7789306634615384 0.49767361057692305 0.78474609375 0.5085339495192308 0.7873925793269231 0.5206520072115385 0.7799902331730769 0.5214891971153846 0.7736425769230769 0.5193981490384615 0.7635986322115385 0.5139660504807693 0.7503759759615385 0.5068634254807692 0.740859375 0.4868094134615385 0.730810548076923 0.48137731490384617 0.7297558605769231 0.4776195985576923 0.730810548076923 0.4738580240384615 0.730810548076923 0.4696797836538461 0.7382128918269231 0.4659182091346154 0.7456201177884616 0.46132330288461537 0.7577783197115384 0.4609066346153846 0.765185545673077 0.4692631177884615 0.7731152331730768 0.47678240624999996 0.7725878918269231 0.4847222211538461 0.7789306634615384
0 0.6029706778846153 0.954638670673077 0.5949459879807693 0.9484521490384614 0.58763503125 0.9497753894230769 0.5855439807692308 0.9563818365384615 0.57544753125 0.9621142572115384 0.5712692908653846 0.9731298822115384 0.5726620360576923 0.9775341802884616 0.5796257716346154 0.9837060552884616 0.5838040120192308 0.9872314447115385 0.5963387355769231 0.99251953125 0.6071296298076923 0.99736328125 0.6200115745192308 0.9951611322115385 0.6165316346153846 0.9775341802884616 0.6133989206730769 0.9660791009615385 0.6092206778846154 0.963427733173077 0.6029706778846153 0.954638670673077
0 0.6373958341346154 0.6924804687499999 0.6253626538461539 0.6923046875 0.6131905865384616 0.6942529302884615 0.6088503076923076 0.6974414062500001 0.60857253125 0.7036376947115385 0.6089930552884616 0.7142626947115385 0.6091319447115384 0.7192236322115384 0.619066358173077 0.7247119134615385 0.6271797836538462 0.7298486322115385 0.6348765432692307 0.731796875 0.6400540120192308 0.7330322259615384 0.6469097211538462 0.7326806634615385 0.6530671298076923 0.7302001947115385 0.6586805552884616 0.7286132812499999 0.6594907403846153 0.719580079326923 0.6572530865384615 0.71318359375 0.6530671298076923 0.7000976562500001 0.6519483028846154 0.6958447259615385 0.6452314807692308 0.6933642572115384 0.6373958341346154 0.6924804687499999
0 0.8074305552884616 0.80216796875 0.8005439807692307 0.8000439447115385 0.7871141971153846 0.79423828125 0.7764660504807692 0.79609375 0.76478009375 0.80578125 0.7604166658653846 0.8110937500000001 0.7560493822115385 0.8187451177884615 0.7540354927884615 0.8287353509615384 0.7530285504807692 0.8389355456730769 0.7583989206730769 0.8376611322115385 0.7619251538461539 0.8336230480769231 0.7669637355769231 0.8283105480769231 0.7714969134615385 0.8276708990384616 0.7756944447115385 0.8280957043269231 0.7815702163461539 0.8285205072115385 0.7869444447115386 0.8289453125 0.7983641971153846 0.8310693365384616 0.804911264423077 0.8257568365384615 0.8065895072115384 0.8178955072115385 0.8094444447115384 0.8108837884615384 0.8074305552884616 0.80216796875
0 0.9098765432692308 0.91875 0.8965316346153845 0.9099365240384615 0.8828935192307692 0.9014941418269231 0.8727391971153846 0.89671875 0.8559104927884615 0.8948828125 0.8483680552884615 0.9036962884615385 0.8527199062499999 0.9147119134615385 0.8614236105769231 0.9257275384615385 0.8759297836538462 0.9268310552884615 0.8939197524038461 0.9345410168269231 0.9075578701923077 0.9396826177884615 0.9153896610576923 0.93380859375 0.9148109567307692 0.9246289062499999 0.9098765432692308 0.91875
0 0.9212847211538461 0.9291064447115385 0.928391204326923 0.916416014423077 0.9258834879807692 0.90478515625 0.9146026225961539 0.9010791009615384 0.9104243822115384 0.90583984375 0.9020679014423076 0.9106005865384615 0.9033217596153846 0.916943360576923 0.9116782403846154 0.92064453125 0.9204513894230769 0.9306933581730769 0.9212847211538461 0.9291064447115385
0 0.3497608028846154 0.81775390625 0.34210262259615387 0.8159912115384615 0.33444444471153845 0.8120263677884616 0.33096064903846156 0.806298826923077 0.3201658942307692 0.8036523437499999 0.31076774759615383 0.8142285168269231 0.30728394951923077 0.8226025384615384 0.3069367283653846 0.8380224615384615 0.3051967596153846 0.8578515624999999 0.31459490625 0.8737158197115384 0.3198186730769231 0.8816503894230769 0.3396643509615384 0.8776806634615385 0.3501118822115385 0.8706298822115385 0.3602083341346154 0.8485986322115384 0.3709992283653846 0.8300927740384616 0.36403549278846153 0.8195166009615384 0.3626427475961539 0.8195166009615384 0.3497608028846154 0.81775390625
0 0.23754629567307692 0.9029345697115385 0.24757330288461538 0.884423826923077 0.2534220673076923 0.8680322259615385 0.25384259375 0.851640625 0.24757330288461538 0.8357763677884615 0.23503857932692307 0.8389501947115385 0.2312808653846154 0.8447656250000001 0.22125771634615385 0.8580078124999999 0.20621142067307693 0.8786083990384616 0.19326003125000002 0.8891845697115385 0.18239583413461538 0.906103516826923 0.1807253076923077 0.91720703125 0.18406635817307693 0.9388916009615385 0.1894984567307692 0.93783203125 0.20244984615384617 0.9325439447115385 0.2208333341346154 0.9198535168269231 0.2254282403846154 0.9203808605769231 0.22918981490384616 0.9108642572115385 0.23754629567307692 0.9029345697115385
0 0.8879475312499999 0.7413330072115384 0.8942129639423076 0.728115235576923 0.9034027788461538 0.7207128894230769 0.9100887355769232 0.7122509759615384 0.9159375 0.7117236322115384 0.9134336418269231 0.7090771490384615 0.9029861105769231 0.7037890625000001 0.8933757716346153 0.7016748052884616 0.8858564807692308 0.7000878894230769 0.8796682091346154 0.698388670673077 0.8695601850961538 0.7023925769230769 0.8687268509615385 0.709609375 0.8699807091346153 0.7185986322115384 0.8758294759615384 0.7270556634615384 0.883348764423077 0.7349902355769231 0.8879475312499999 0.7413330072115384
0 0.37451774759615386 0.5864990240384615 0.3633757716346154 0.5869384759615385 0.35536651201923075 0.588701173076923 0.3466628076923077 0.5900244134615384 0.3299498461538462 0.5904638677884615 0.3292554014423077 0.5970751947115385 0.3303009254807692 0.6089697259615384 0.3410918221153846 0.6195458990384615 0.34979552403846154 0.631005858173077 0.35919753125000004 0.6296826177884616 0.37033950721153847 0.6226318365384615 0.3952932091346154 0.6041015625 0.3994984567307692 0.5895996105769231 0.3894868822115385 0.585615233173077 0.38078317788461535 0.5864990240384615 0.37451774759615386 0.5864990240384615
0 0.8040702163461538 0.83787109375 0.8092746923076923 0.8427587884615384 0.81548996875 0.8457324206730769 0.8213657403846154 0.84509765625 0.823213735576923 0.8446728509615385 0.8262345673076923 0.8440332043269231 0.8319444447115385 0.8419091802884615 0.8339583341346154 0.8380859375 0.8361419759615385 0.8317089831730768 0.8346296298076923 0.8240576177884615 0.8314390432692308 0.8215087884615385 0.8284182091346154 0.819384764423077 0.82388503125 0.81322265625 0.8185108028846154 0.8034472644230769 0.8159915120192308 0.7994091802884615 0.8136419759615384 0.7983447259615384 0.8109567908653846 0.798984375 0.810621141826923 0.7991943365384616 0.8087731490384615 0.8049316394230769 0.8052469134615384 0.8161962884615386 0.8037345673076923 0.8232080072115384 0.803568673076923 0.8302197259615384 0.8040702163461538 0.83787109375
0 0.9494753076923076 0.2995800769230769 0.9440046298076923 0.30027343749999996 0.9420910504807692 0.30165527403846154 0.9383989206730768 0.30113769471153845 0.93388503125 0.29767578125 0.9255439807692307 0.2916162115384615 0.9219868822115385 0.2928271490384616 0.9152854927884615 0.29542480528846154 0.912141204326923 0.2973291009615385 0.9104976850961539 0.3026953125 0.9077623461538462 0.31134765625 0.9051658942307692 0.31671386778846156 0.9021566346153846 0.3224267572115384 0.8938155865384616 0.33471679807692306 0.8923109567307693 0.34042480528846153 0.8873881177884615 0.34752441346153845 0.8860185192307692 0.3587744134615385 0.8849266971153846 0.37158203125 0.8867052475961539 0.3724462884615385 0.8923109567307693 0.3746972668269231 0.8979166658653847 0.3771191418269231 0.8988734567307692 0.3695019543269231 0.9028395072115385 0.36916015625000004 0.905713735576923 0.3741748052884616 0.9103626538461539 0.3838720697115384 0.9147376538461539 0.39494628846153845 0.9206172836538461 0.40637206971153844 0.9275925937499999 0.41035156250000004 0.9386689807692308 0.41658203125 0.9474228389423077 0.4172753918269231 0.95548996875 0.41139160096153843 0.9671141971153846 0.40654296874999996 0.9714930552884616 0.40412109375 0.977098764423077 0.3980615240384615 0.9781944447115385 0.39062011778846156 0.9817476850961538 0.38334961057692307 0.9870833341346154 0.3701953125 0.9926890432692308 0.364140625 0.9991165120192308 0.3585986322115385 0.9974768509615385 0.3537548822115385 0.9939197524038461 0.34319336057692307 0.9885879639423076 0.3333300769230769 0.9854398149038462 0.32571288942307697 0.9833912043269231 0.3170605480769231 0.9795601850961538 0.31204101442307697 0.968892747596154 0.31134765625 0.9606867283653846 0.30771484375 0.95330246875 0.30407714903846156 0.9516628076923077 0.3032128894230769 0.9523456778846153 0.2995800769230769 0.9494753076923076 0.2995800769230769
0 0.21829089423076922 0.2642675793269231 0.21190972115384615 0.26646972596153845 0.19943287019230768 0.2719824230769231 0.18579475240384616 0.2771191394230769 0.1828935192307692 0.28666992307692307 0.18492669711538462 0.29511230528846155 0.1855054014423077 0.311640625 0.19537037019230769 0.3101708990384615 0.2075578701923077 0.30282714903846153 0.2165509254807692 0.29584960817307693 0.2206134254807692 0.2859326177884615 0.22148533894230768 0.2756542956730769 0.22090277884615384 0.26904296875 0.21829089423076922 0.2642675793269231
0 0.04486882692307692 0.77955078125 0.03616512259615385 0.7826318365384615 0.026415894230769232 0.7896826177884615 0.01979938221153846 0.7962939447115385 0.016319444711538462 0.8029052740384616 0.02014660576923077 0.81568359375 0.021192129807692306 0.8214111322115384 0.029205247596153845 0.8125976562499999 0.04765432211538461 0.8183251947115384 0.05078703605769231 0.81568359375 0.057403550480769235 0.8011425769230769 0.06053626442307692 0.7879199230769232 0.05670524759615385 0.776025389423077 0.04869598798076923 0.7782275384615385 0.04486882692307692 0.77955078125
0 0.2553433653846154 0.8122998052884616 0.2822916658653846 0.8082031249999999 0.2553433653846154 0.7922021490384614 0.25074845673076923 0.78638671875 0.23487268509615383 0.7789843750000001 0.2223379639423077 0.7726416009615384 0.21231095673076925 0.7673535168269231 0.20186728365384615 0.7647070312500001 0.19016589423076924 0.7647070312500001 0.18724151201923078 0.7710546875000001 0.19100308653846154 0.7779248052884615 0.19685185096153848 0.7832128894230769 0.20146605048076924 0.799609375 0.21732638942307692 0.80701171875 0.24573688221153847 0.8117675769230769 0.2553433653846154 0.8122998052884616
0 0.8153819447115385 0.90185546875 0.8177584879807692 0.8950488269230769 0.8178356490384615 0.8886376947115384 0.814513889423077 0.8854296875000001 0.8087345673076923 0.8824267572115385 0.8041435192307692 0.8800244134615384 0.8006635793269231 0.8766162115384616 0.7974961418269231 0.8747119134615384 0.794648920673077 0.8734130865384616 0.7917978389423077 0.8728125 0.7890277788461538 0.8735107427884615 0.78705246875 0.878017579326923 0.78428240625 0.8809228509615384 0.78071759375 0.8834277355769231 0.7754166658653846 0.88693359375 0.7725694447115384 0.8891357427884615 0.7759722211538461 0.895849610576923 0.7776311730769231 0.8987548822115384 0.7812731490384616 0.9043603509615384 0.78428240625 0.909267579326923 0.7871296298076923 0.9191845697115385 0.7932253076923076 0.9295019519230769 0.7952006177884615 0.9319042980769231 0.798526235576923 0.9344091802884615 0.8006635793269231 0.93380859375 0.8015316346153847 0.9324072259615386 0.8018518509615385 0.9301025384615385 0.8041435192307692 0.92599609375 0.8084182091346155 0.9176855456730769 0.8110300937499999 0.9095703125000001 0.8153819447115385 0.90185546875
0 0.11986111057692309 0.8869287115384614 0.1208179014423077 0.8988720697115385 0.1217746923076923 0.9042382812499999 0.12368827163461539 0.9057958990384616 0.1277932091346154 0.90787109375 0.133125 0.91064453125 0.1366820985576923 0.9104687499999999 0.14393132692307692 0.9063134759615384 0.1452970673076923 0.9026806634615384 0.1429706778846154 0.8928173822115385 0.1410570985576923 0.8867578125000001 0.13804783894230768 0.8789697259615384 0.13148533894230768 0.8772363293269231 0.1238271610576923 0.8758544927884616 0.11986111057692309 0.8869287115384614
0 0.10167052403846154 0.8696240240384616 0.10495370432692308 0.8770654302884615 0.11179012259615385 0.8876220697115385 0.11972222115384615 0.8907373052884615 0.1206828701923077 0.8808740240384616 0.12355324038461538 0.8746435552884615 0.1286111105769231 0.8775830072115384 0.12834105048076921 0.8736035144230769 0.1282021610576923 0.8651220697115385 0.12546682211538462 0.8535253894230769 0.124375 0.84556640625 0.1206828701923077 0.84279296875 0.11398148076923077 0.8426220697115384 0.10905864182692307 0.8441796874999999 0.10509259375 0.8472949230769231 0.10263117307692307 0.8500634759615384 0.10153549278846154 0.8571582019230769 0.10167052403846154 0.8696240240384616
0 0.8485146610576924 0.9153857427884616 0.8405324062499999 0.91048828125 0.8182908942307693 0.909267579326923 0.8127276225961538 0.9181396490384616 0.8091010793269231 0.9273193365384615 0.8081327163461538 0.9435400384615384 0.8141782403846154 0.9536376947115385 0.819016204326923 0.96037109375 0.8253009254807692 0.9661816394230769 0.8332793221153847 0.9591455072115385 0.8378742283653846 0.9533300769230769 0.8506905865384616 0.9490478509615384 0.8577006177884615 0.9478222644230769 0.871242283653846 0.9453759759615384 0.8748688269230769 0.9371142572115385 0.8661651225961537 0.9273193365384615 0.8584259254807692 0.9208935552884616 0.8485146610576924 0.9153857427884616
0 0.7365162043269231 0.8456787115384615 0.731296295673077 0.8548583990384616 0.731296295673077 0.8629345697115384 0.7330362644230769 0.8713818365384616 0.7359374999999999 0.8790917980769231 0.7463811730769231 0.891943360576923 0.7518942908653846 0.8948828125 0.7582793221153845 0.8890087884615384 0.7748148149038462 0.8842333990384615 0.7788773149038462 0.8721142572115385 0.7716242283653846 0.8636718750000001 0.7545061730769231 0.8526513677884615 0.7466743822115384 0.842373048076923 0.7440625 0.842373048076923 0.7365162043269231 0.8456787115384615
0 0.19888503124999998 0.5733837884615385 0.20778163461538462 0.57041015625 0.21550540144230768 0.573173826923077 0.22104938221153844 0.5657324206730769 0.2217206778846154 0.5568115240384615 0.21987268509615385 0.5457568365384615 0.21819444471153845 0.545546875 0.22289351923076922 0.5387451177884615 0.22037422836538462 0.5344970697115385 0.21869598798076922 0.5317333990384616 0.21516975240384614 0.5300341802884615 0.20526620432692308 0.52599609375 0.1972029326923077 0.521318360576923 0.18830632692307692 0.5145214855769231 0.18226080288461538 0.51345703125 0.17235339423076923 0.5149462884615384 0.16530092548076925 0.5162207043269231 0.1609375 0.519619141826923 0.15657021634615387 0.5272705072115385 0.15388503125 0.5353466802884616 0.1522067908653846 0.5412939447115385 0.15354938221153847 0.5531982427884615 0.15522762259615386 0.5572363293269231 0.15606867307692307 0.5580859375 0.16496527884615386 0.5531982427884615 0.17437114182692307 0.5563818365384615 0.18444444471153845 0.5653076177884615 0.19065586538461538 0.571259766826923 0.19468749999999999 0.5750830072115385 0.19552469230769232 0.5744482427884615 0.19888503124999998 0.5733837884615385
0 0.18585648076923075 0.94994140625 0.1864621923076923 0.94560546875 0.18384259375 0.9399951177884615 0.18021605048076922 0.9359130865384616 0.17014274759615383 0.9384619134615384 0.15986496875 0.9397412115384616 0.15241126442307693 0.9384619134615384 0.1375 0.9425439447115385 0.12238811778846154 0.95044921875 0.11533564903846154 0.9568261730769231 0.11815586538461538 0.9705957019230769 0.1240007716346154 0.9790087884615384 0.13044753125 0.9889550793269231 0.13326774759615384 0.9930371081730769 0.13669367307692307 0.99533203125 0.14596450721153847 0.999921875 0.1711496923076923 0.9851318365384615 0.18102237740384614 0.9736572259615385 0.18364197596153845 0.9631982427884616 0.18585648076923075 0.94994140625
0 0.39882716105769234 0.5963232427884615 0.3975694447115385 0.6021630865384615 0.40540509375 0.60234375 0.41086033894230767 0.5989794927884615 0.4118402788461539 0.593310545673077 0.42009644951923075 0.5867578125 0.42415509375 0.5853417956730769 0.42905092548076923 0.5841015625 0.4296103389423077 0.5784374999999999 0.42849151201923075 0.56833984375 0.42737268509615384 0.5647998052884615 0.4138001538461538 0.5612597644230769 0.40834105048076924 0.5596630865384615 0.4013464495192308 0.5555908197115385 0.3989660504807692 0.5555908197115385 0.39127314903846155 0.5562988269230769 0.38301697596153844 0.5605517572115384 0.3765817908653846 0.5635595697115384 0.3683256177884615 0.566572264423077 0.3677662043269231 0.5727685552884615 0.3701427475961539 0.5784374999999999 0.3742013894230769 0.5851660168269232 0.3761612644230769 0.5862255865384616 0.3911304014423077 0.5848095697115384 0.39603009375 0.5862255865384616 0.39882716105769234 0.5894140625 0.39882716105769234 0.5963232427884615
0 0.45718749999999997 0.4961767572115384 0.45942901201923075 0.48944824278846155 0.4566280865384615 0.48395996153846155 0.4555092596153846 0.4759912115384616 0.4531327163461538 0.4703222668269231 0.4507523149038462 0.46589355528846155 0.4479552475961538 0.4630615240384615 0.4452970673076923 0.46182128846153847 0.4433371923076923 0.45916503846153844 0.4420794759615384 0.45898925721153844 0.43844135817307694 0.45898925721153844 0.4355015432692308 0.4609375 0.4341010793269231 0.46412597596153843 0.43368055528846156 0.46908203125000003 0.4327044759615385 0.47227050721153846 0.43102237740384614 0.47368652403846156 0.4301851850961539 0.47510253846153844 0.4271064807692308 0.48236328125 0.4272453701923077 0.48484374999999996 0.4296257716346154 0.49458496153846154 0.4341010793269231 0.49600097596153847 0.4438966057692308 0.5004296875 0.4524305552884615 0.5002490240384615 0.45718749999999997 0.4961767572115384
0 0.31241512259615384 0.3826269519230769 0.3044174375 0.3791699230769231 0.2996180552884615 0.37739746153846154 0.29361496875 0.3778173822115385 0.28808256250000003 0.3770605480769231 0.28621527884615383 0.37714355528846155 0.2866165120192308 0.3857519543269231 0.28701774759615384 0.39275390625 0.2895486105769231 0.39739257932692307 0.2914814807692308 0.3997558605769231 0.29448302403846155 0.4018652355769231 0.29868441346153846 0.4034667956730769 0.30255015384615386 0.4041455072115384 0.3049498461538462 0.4087011730769231 0.30915123557692303 0.40988281249999997 0.3110146610576923 0.40996581971153845 0.3128819447115384 0.4078564447115385 0.31428240625 0.4013574206730769 0.3152816346153846 0.39334472596153847 0.3147492283653846 0.3849072259615385 0.31241512259615384 0.3826269519230769
0 0.26863811778846153 0.9446630865384615 0.2672453701923077 0.9618457043269231 0.27211805528846156 0.9750683605769231 0.28221836538461537 0.982998048076923 0.29614197596153846 0.9838818365384616 0.30624228365384615 0.9799169927884616 0.31076774759615383 0.9640527355769231 0.31146219230769234 0.950390625 0.31042052403846154 0.9389355480769231 0.30206404326923075 0.9265966802884615 0.2971875 0.9226318365384615 0.2919753076923077 0.9226074230769231 0.28638117307692307 0.92529296875 0.27664737740384615 0.93232421875 0.26863811778846153 0.9446630865384615
0 0.9758603389423077 0.858251954326923 0.9744097211538462 0.8454003918269231 0.9744097211538462 0.834384764423077 0.9727199062499999 0.8267333990384615 0.9703009254807693 0.8206152331730769 0.966431326923077 0.8206152331730769 0.9579706778846154 0.8221435552884616 0.949023920673077 0.8270410144230769 0.9439467596153845 0.8310205072115384 0.9379012355769232 0.8414208990384615 0.9357253076923077 0.8521337884615385 0.9354822524038462 0.85978515625 0.9364506177884616 0.8649853509615385 0.9408024687500001 0.8659033197115384 0.9492669759615384 0.8662109375 0.9516820985576923 0.8662109375 0.9596604927884615 0.876611326923077 0.9661882716346154 0.8732470697115384 0.9715084879807693 0.8695751947115385 0.9758603389423077 0.8659033197115384 0.9758603389423077 0.858251954326923
0 0.38974151201923074 0.38720703125 0.3943441346153846 0.39142578125 0.4008101850961538 0.3933691394230769 0.4059413581730769 0.39328613221153846 0.41054398076923077 0.3927783197115385 0.41454475240384614 0.3953076177884615 0.41741126442307697 0.3957324206730769 0.41974151201923077 0.394296875 0.4229436730769231 0.39201660096153845 0.42334490625 0.3857763677884615 0.4205439807692307 0.38037597596153844 0.41581018509615386 0.37852050721153846 0.41394290144230766 0.3759863293269231 0.41087577163461536 0.3714306634615384 0.4088117283653846 0.36695800721153843 0.4067438269230769 0.3643457043269231 0.4016087956730769 0.3640917956730769 0.3971450625 0.3665380865384616 0.39601080288461543 0.3694042980769231 0.39234182211538465 0.3710107427884616 0.3876080240384615 0.3730322259615385 0.3854089495192307 0.3730322259615385 0.38207561778846155 0.37312011778846155 0.37874228365384616 0.37505859375 0.37680941346153846 0.3762402355769231 0.37754243750000005 0.37876953125 0.3806751538461538 0.38349609375000004 0.38420910576923073 0.3895703125 0.3861419759615385 0.3907519519230769 0.38974151201923074 0.38720703125
0 0.7707947524038462 0.7654052740384615 0.7760956778846153 0.7637011706730769 0.7776003076923076 0.7601953124999999 0.7752276225961539 0.7526855480769231 0.7716666658653846 0.7465771490384616 0.7673148149038462 0.7425683581730769 0.7633564807692307 0.7409667980769231 0.7597145072115384 0.7411669927884615 0.7532253076923077 0.74296875 0.7492669759615385 0.7441699206730769 0.7465007716346155 0.7451708990384615 0.74357253125 0.7501806634615384 0.7423032403846155 0.7572949230769231 0.7419868822115384 0.7606005865384616 0.7426195985576923 0.7626025384615385 0.7462615745192308 0.7641064447115385 0.7488734567307692 0.7650048822115385 0.7511689807692308 0.7652050769230769 0.7533063269230769 0.7650048822115385 0.7590817908653846 0.7639013677884615 0.7646219134615385 0.7620996081730769 0.7684220673076924 0.763203125 0.7707947524038462 0.7654052740384615
0 0.06039351923076923 0.65654296875 0.06131558653846154 0.6643896490384615 0.06144675961538461 0.6700634759615384 0.062434413461538454 0.6730712884615385 0.06672453605769231 0.6779101562500001 0.07233024759615385 0.68400390625 0.07747299278846155 0.6909326177884616 0.08043981490384616 0.6940185552884616 0.08631172836538462 0.6970263677884615 0.09442129567307693 0.6982763677884616 0.09752314903846153 0.6992773437500001 0.10029320913461538 0.6988623052884615 0.10365355048076924 0.6965234375 0.10787808653846155 0.6934375 0.10880015384615384 0.6855078124999999 0.10728394951923076 0.6782421875 0.10154320913461537 0.67298828125 0.10385416586538462 0.6690625 0.10226851923076923 0.6642236322115385 0.09587191346153846 0.657626951923077 0.08861882692307692 0.6531201177884616 0.07898919711538463 0.6496972668269231 0.0719328701923077 0.6503662115384615 0.06606481490384616 0.6524511730769231 0.06204089423076923 0.6544580072115385 0.06111882692307692 0.6545410144230769 0.0601929014423077 0.6553759759615385 0.06039351923076923 0.65654296875
0 0.7881250000000001 0.7002099615384616 0.7784567908653847 0.6938330072115384 0.7705979927884615 0.6902636730769232 0.766566358173077 0.690771485576923 0.7587075624999999 0.6915380865384615 0.7514660504807692 0.692822266826923 0.7452083341346154 0.7030126947115385 0.7452083341346154 0.7093896490384615 0.751253858173077 0.7193359374999999 0.7538734567307692 0.7274951177884615 0.7659645072115384 0.72876953125 0.7760378076923077 0.7252001947115385 0.7889313269230769 0.71908203125 0.8018287043269231 0.712451170673077 0.793163579326923 0.7027587884615384 0.7901427475961539 0.7009765625 0.7881250000000001 0.7002099615384616
0 0.10099151201923078 0.7008984375 0.09675925961538462 0.7003857427884616 0.09131944471153847 0.698876951923077 0.0854745360576923 0.7047216802884615 0.08184799278846154 0.7075292956730769 0.07862654326923077 0.7133935552884616 0.07922839423076923 0.7179833990384614 0.08104166586538461 0.7261425769230769 0.08305941346153846 0.7345605480769231 0.08587962980769231 0.7429736322115384 0.09131944471153847 0.7524072259615384 0.0959529326923077 0.75037109375 0.10099151201923078 0.7414453125 0.10783950721153847 0.7294580072115384 0.10905092548076922 0.7110986322115385 0.10723765384615384 0.7024267572115386 0.1042129639423077 0.7016650384615384 0.10099151201923078 0.7008984375
0 0.5018557091346154 0.55615234375 0.5065586418269231 0.5553027331730769 0.5102507716346154 0.5527490240384615 0.5082368822115385 0.5474365240384615 0.5015200625 0.541064451923077 0.493125 0.5327734375 0.4848958341346154 0.5283105456730769 0.48204089423076923 0.5253369134615384 0.47784336538461536 0.5242724615384615 0.47415123557692307 0.5274609375 0.4728086418269231 0.5308642572115384 0.4729745360576923 0.5372363269230769 0.47465277884615387 0.5480761706730769 0.48288194471153845 0.5527490240384615 0.49631558653846153 0.5542382812500001 0.5018557091346154 0.55615234375
0 0.8698379639423077 1 0.8878858028846154 0.9991064447115385 0.8883873461538462 0.98958984375 0.8798611105769231 0.969287108173077 0.8708333341346154 0.946435545673077 0.8542939807692308 0.9489794927884615 0.8467746923076922 0.9496142572115385 0.8387538581730769 0.9572265625 0.8312307091346154 0.96357421875 0.82571759375 0.9705517572115384 0.8217052475961538 0.98451171875 0.8362461418269231 1 0.8457716057692307 1 0.8698379639423077 1
0 0.5265200624999999 0.8818603509615385 0.5224922836538461 0.8784619134615385 0.5193016971153847 0.8756982427884614 0.5135918221153847 0.8729345697115385 0.5100655865384616 0.872509766826923 0.5063734567307692 0.8731494134615385 0.5021759254807692 0.8765478509615385 0.49713734615384614 0.8795214855769231 0.49378086538461535 0.8835595697115385 0.48823688221153844 0.8914208990384616 0.4877353389423077 0.9016259759615385 0.4907561730769231 0.90884765625 0.49562500000000004 0.9192626947115384 0.4978086418269231 0.9243603509615385 0.5120794759615385 0.929248045673077 0.5290393509615384 0.9298876947115384 0.5354205240384615 0.9177734375 0.5374344134615385 0.906298826923077 0.5369290120192308 0.8950341802884616 0.5367631177884615 0.8886621105769231 0.5323958341346153 0.8844091802884615 0.5265200624999999 0.8818603509615385
0 0.29124228365384613 0.7658984375 0.2849575625 0.7634521490384615 0.27552855048076924 0.7606982427884615 0.26488811778846155 0.7695703125000001 0.25400848798076925 0.78150390625 0.2535262355769231 0.7888525384615386 0.2586033942307692 0.7909912115384615 0.26174768509615387 0.7909912115384615 0.2653742283653846 0.7931347644230768 0.26827546394230767 0.7961962884615384 0.27141589423076923 0.7971142572115385 0.2769791658653846 0.8010888677884616 0.28616512259615384 0.78517578125 0.29511188221153845 0.77783203125 0.2992245360576923 0.7735498052884615 0.29124228365384613 0.7658984375
0 0.40145061778846153 0.9977001947115384 0.5711844134615385 1 0.5668325625 0.9989257812500001 0.5559529326923077 0.9820947259615385 0.529598764423077 0.9759765625000001 0.5097723774038462 0.9683251947115384 0.4802739206730769 0.9478222644230769 0.46939043269230774 0.9364990240384615 0.45851080288461543 0.9242578124999999 0.44424768509615387 0.9166113293269231 0.43263888942307693 0.91140625 0.4224845673076923 0.91140625 0.4140239206730769 0.9150781250000001 0.40701003124999996 0.9438427740384616 0.4043518509615385 0.96037109375 0.4 0.9799560552884615 0.40024305528846155 0.9882177740384616 0.40145061778846153 0.9977001947115384
0 0.2046450625 0.9302978509615384 0.19942129567307693 0.9325 0.19176311778846153 0.9404296875 0.18967206730769232 0.9496875 0.18270833413461537 0.9681933605769231 0.17365740624999998 0.9800927740384615 0.15694444471153846 0.9915478509615384 0.14963348798076923 0.9972753894230769 0.16286265384615387 0.9972753894230769 0.18305555528846154 0.9990380865384616 0.2035995360576923 0.99771484375 0.21822144951923078 0.9981591802884615 0.2363271610576923 1 0.24189814903846155 0.9959521490384616 0.26278935096153844 0.9637890625 0.2683603389423077 0.9443994134615384 0.2662692908653846 0.9276513677884615 0.25791280769230773 0.9228076177884615 0.24538194471153846 0.9285351562499999 0.22623070913461538 0.9201611322115385 0.21891975240384615 0.9245703125 0.21648148076923077 0.9298583990384616 0.2046450625 0.9302978509615384
0 0.10266589423076923 0.7896826177884615 0.09465663461538462 0.7901220697115385 0.07898919711538463 0.7905664062500001 0.06819444471153846 0.8006982427884615 0.05949074038461539 0.8099560552884615 0.05496527884615385 0.8249365240384615 0.06262345673076923 0.8253759759615384 0.07271990625 0.8222900384615385 0.08003472115384615 0.82361328125 0.08421296394230769 0.8324267572115385 0.09047839423076923 0.83462890625 0.10301311778846153 0.83462890625 0.11415509374999999 0.8324267572115385 0.119375 0.8200878918269231 0.12564429086538462 0.8020214855769231 0.11554783894230769 0.7914453124999999 0.11241512259615384 0.7896826177884615 0.10266589423076923 0.7896826177884615
0 0.6599729927884616 0.5809082043269231 0.6556095673076924 0.5789941394230769 0.6510725312500001 0.5785693365384615 0.6441898149038461 0.5792089855769231 0.6352893509615385 0.5817578125 0.6334452163461539 0.5862207019230768 0.6304205240384615 0.5913183605769231 0.6282407403846153 0.599609375 0.6273996923076923 0.6072607427884615 0.6363001538461539 0.6144824206730769 0.6426774687500001 0.6166064447115385 0.6529205240384616 0.6159716802884615 0.658796295673077 0.6132080072115385 0.6680324062499999 0.6110839855769231 0.6725655865384615 0.6057714831730769 0.6770987644230769 0.5962060552884615 0.6698804014423078 0.5885595697115384 0.6650115745192308 0.5830322259615385 0.6636689807692308 0.58154296875 0.6599729927884616 0.5809082043269231
0 0.19246913461538462 0.3803076177884615 0.18985725240384616 0.3806738269230769 0.18086419711538462 0.38471191346153844 0.17447916586538462 0.39315918028846153 0.17564043269230767 0.39830078125 0.18231481490384616 0.4096826177884615 0.1855054014423077 0.41298828125 0.20001157451923077 0.40931640625 0.20668595673076923 0.3905908197115385 0.19972222115384616 0.38324706971153844 0.19682098798076925 0.3803076177884615 0.19246913461538462 0.3803076177884615
0 0.9488078701923077 0.9913037115384615 0.9548533942307693 0.98875 0.9667746923076923 0.9825878894230768 0.9721450625 0.9787646490384615 0.9825578701923077 0.9681396490384616 0.9791975312500001 0.9596386706730768 0.9761766971153846 0.9545361322115385 0.9612307091346154 0.96240234375 0.9390702163461538 0.9745117187500001 0.9429320985576923 0.98513671875 0.9437692908653846 0.98896484375 0.9488078701923077 0.9913037115384615
0 0.8020563269230769 0.5463134759615385 0.7968518509615384 0.543974608173077 0.7908179014423078 0.5431152331730769 0.7877700625 0.5476074230769231 0.7859375 0.5537500000000001 0.7805169759615385 0.5619140625 0.7792438269230769 0.5701660168269231 0.7841435192307693 0.5764160144230769 0.7903935192307692 0.59501953125 0.7981944447115384 0.5977392572115384 0.8084375 0.5941259759615385 0.8171682091346154 0.58583984375 0.81834490625 0.577548826923077 0.8114583341346153 0.56607421875 0.8075964495192308 0.5516259759615385 0.8054128076923077 0.5494970697115384 0.8020563269230769 0.5463134759615385