0 1 0.5311230480769231 0.9765393509615384 0.5248388677884616 0.9652546298076923 0.519697264423077 0.9404243822115385 0.5168408197115385 0.9286844134615385 0.5202685552884615 0.9318441346153846 0.5608349615384616 0.9363580240384616 0.5728369134615384 0.9539660504807692 0.5694091802884615 0.9715740745192308 0.57455078125 0.9810570985576923 0.5665527331730769 0.9887307091346155 0.5551220697115384 1 0.543125 1 0.5311230480769231
0 0.7335339495192308 0.9089355480769231 0.7457253076923076 0.9228222668269231 0.760358795673077 0.932080079326923 0.8005979927884616 0.9351660168269231 0.8176658942307693 0.9274511706730769 0.8408333341346155 0.9228222668269231 0.8457098774038462 0.9197363269230769 0.8554668221153846 0.9012158197115384 0.8640007716346154 0.8811572259615384 0.8640007716346154 0.86880859375 0.8615625 0.8456640624999999 0.8566859567307692 0.8364013677884615 0.8371759254807691 0.8209716802884616 0.8201041658653847 0.8086230456730769 0.7920601850961538 0.7931933581730769 0.7762114206730769 0.7839355480769231 0.7688927475961538 0.7854785168269232 0.7457253076923076 0.7962792956730769 0.7432870360576923 0.7978222668269231 0.7115856490384616 0.8101660168269231 0.70548996875 0.8178857427884616 0.7006134254807692 0.8286865240384615 0.7018325625 0.85029296875 0.7079282403846154 0.8780712884615384 0.7164621923076923 0.8904150384615386 0.7335339495192308 0.9089355480769231
0 0.5702044759615384 0.08236328125 0.5804128076923077 0.06685546875000001 0.5751041658653846 0.05807128846153846 0.5587692908653846 0.05393554807692307 0.5444791658653846 0.06427246153846154 0.5318209879807692 0.07719238221153847 0.5167091057692308 0.081328125 0.5044598774038461 0.09062988221153846 0.49384259375000006 0.11646972596153846 0.49057484615384617 0.13456054567307693 0.4922106490384615 0.13869628846153848 0.49629243749999996 0.14024414182692307 0.5077276225961538 0.14127929567307693 0.5154861105769231 0.14076171875 0.5322299375 0.13869628846153848 0.5350848774038461 0.1464453125 0.5359027788461538 0.15161621153846155 0.5526466057692307 0.155234375 0.5542785504807692 0.14386230528846153 0.559996141826923 0.11905761778846154 0.5632638894230769 0.10303222596153847 0.5702044759615384 0.08236328125
0 0.7300385793269231 0.24754394471153846 0.7408757716346154 0.24697265624999998 0.7503549374999999 0.24754394471153846 0.7571257716346154 0.24982910096153846 0.7602854927884616 0.25154296875 0.758931326923077 0.24525878846153845 0.7611882716346153 0.24297363221153848 0.7639004639423077 0.23783203125 0.7616396610576923 0.2326855480769231 0.7557716057692307 0.2281152355769231 0.7480979927884616 0.21783203125 0.7431327163461539 0.2109765625 0.7286844134615384 0.20697753846153846 0.7219135793269231 0.20697753846153846 0.7173958341346154 0.20697753846153846 0.7011458341346154 0.21211914182692307 0.6979861105769231 0.21668945192307693 0.694371141826923 0.22640136778846154 0.6894058653846155 0.24297363221153848 0.7088194447115386 0.24925781249999998 0.7219135793269231 0.24754394471153846 0.7300385793269231 0.24754394471153846
0 0.6319907403846153 0.42484863221153846 0.6490432091346154 0.4270849615384616 0.6519830240384615 0.4226171875 0.6566859567307692 0.4121972668269231 0.6566859567307692 0.40326660096153844 0.65021990625 0.39433593749999996 0.6413966057692307 0.3913623052884615 0.6319907403846153 0.3854052740384616 0.6184645072115385 0.3809423822115384 0.6155246923076922 0.3809423822115384 0.6114081778846153 0.3816845697115384 0.6078819447115384 0.3824316418269231 0.6014120360576923 0.38689453125 0.59553240625 0.3958251947115385 0.59553240625 0.40029296875 0.5937692908653847 0.40773437500000004 0.6031751538461538 0.41591796875 0.6078819447115384 0.4181542980769231 0.6149382716346155 0.41964355528846153 0.6237577163461538 0.421875 0.6319907403846153 0.42484863221153846
0 0.05076003125 0.5485888677884615 0.05452160576923077 0.5485888677884615 0.0722029326923077 0.5433544927884616 0.08574845673076922 0.54240234375 0.09552855048076923 0.54763671875 0.09741126442307692 0.555732423076923 0.10681712980769231 0.5662060552884616 0.12261959855769232 0.5723974615384615 0.1436882716346154 0.575732420673077 0.16362654326923076 0.5771582043269231 0.18394290144230768 0.5766845697115385 0.19410107932692308 0.5766845697115385 0.20726851923076922 0.5814453125 0.2083950625 0.5814453125 0.22231867307692307 0.58525390625 0.22908950721153848 0.5919189447115385 0.23435570913461537 0.593349610576923 0.24376157451923078 0.5914453125 0.24790123557692306 0.5857324206730768 0.2501581778846154 0.5714453125 0.2501581778846154 0.5590673822115385 0.2494058653846154 0.553828125 0.2452662043269231 0.5495410144230769 0.24376157451923078 0.5414453125 0.2456442908653846 0.533828125 0.2415046298076923 0.5204980456730769 0.23849537019230768 0.5128759759615384 0.23398148076923078 0.5076416009615385 0.22608024759615386 0.5095458990384615 0.22081404326923076 0.5114501947115385 0.21667438221153848 0.51240234375 0.21366512259615386 0.5204980456730769 0.20914737740384615 0.523828125 0.20200231490384615 0.5252587884615385 0.18657407451923075 0.5252587884615385 0.17867669711538461 0.5266845697115385 0.17002314903846155 0.5271630865384616 0.16324845673076924 0.5271630865384616 0.14444058653846154 0.5281152331730768 0.13954861057692308 0.5319238293269231 0.12337191346153846 0.5385888677884615 0.11923225240384615 0.54001953125 0.11020061778846155 0.54001953125 0.09816357932692309 0.5390673822115384 0.0891358028846154 0.5366845697115384 0.08010416586538462 0.5352587884615384 0.07333333413461539 0.5385888677884615 0.06430169711538461 0.54240234375 0.052264661057692306 0.54763671875 0.05076003125 0.5485888677884615
0 0.9286844134615385 0.41341796875000003 0.9399729927884616 0.40084961057692303 0.9453896610576924 0.3825634759615385 0.9453896610576924 0.3762792956730769 0.938618826923077 0.3637060552884615 0.9295871923076924 0.36484863221153846 0.9210108028846153 0.36770507692307697 0.9101736105769231 0.3762792956730769 0.9020486105769231 0.38199218749999997 0.9124305552884615 0.4094189447115385 0.9173996923076922 0.41798828125000004 0.9286844134615385 0.41341796875000003
0 0.4266820985576923 0.18104492067307693 0.4300694447115384 0.18009277403846152 0.44962962980769233 0.17723632692307692 0.45414737740384614 0.18056640624999998 0.46129629567307695 0.17104492307692307 0.46581018509615385 0.16009277403846156 0.4676890432692308 0.15342773557692307 0.47596836538461534 0.14152343750000002 0.47596836538461534 0.13771484375 0.4609182091346154 0.1315234375 0.45151234615384617 0.12723632692307693 0.43495756249999995 0.12866699278846155 0.42517746875 0.13247558653846153 0.41163194471153847 0.15770996153846153 0.4210378076923077 0.17199706971153847 0.42479938221153846 0.17485351682692307 0.4266820985576923 0.18104492067307693
0 0 0.6600244134615385 0.00045138942307692306 0.6719287115384615 0.006921295673076922 0.6726757812499999 0.024560185096153844 0.6793750000000001 0.04337962980769231 0.6979785144230769 0.04631944471153847 0.7039306634615384 0.05749228365384615 0.7188183581730769 0.06101851923076924 0.7061669927884615 0.0710146610576923 0.6942578125 0.07866126442307693 0.6726757812499999 0.07748456730769232 0.6630029302884615 0.062195216346153846 0.6376953125 0.054548610576923076 0.6250439447115385 0.045142747596153845 0.6138818365384615 0.03690972115384616 0.6064404302884616 0.02338348798076923 0.6027197259615384 0.004567901442307692 0.6056933581730769 0.0022145072115384618 0.6101611322115384 0 0.6287646490384616 0 0.6458837884615385 0 0.6600244134615385
0 0.6328279326923076 0.8746533197115384 0.6235146610576923 0.8671533197115384 0.6082716057692308 0.8617919927884615 0.5998032403846154 0.86072265625 0.589641204326923 0.8650097668269231 0.586253858173077 0.8896582019230769 0.589641204326923 0.8939453125000001 0.5972646610576923 0.9046582019230769 0.6074228389423078 0.91001953125 0.612503858173077 0.9175195312500001 0.6150462956730769 0.9207373052884615 0.6209722211538462 0.9239501947115384 0.6353665120192308 0.9196630865384615 0.6353665120192308 0.9025146490384616 0.6353665120192308 0.8939453125000001 0.6345216057692308 0.88537109375 0.6328279326923076 0.8746533197115384
0 0.2651157403846154 0.17280761778846154 0.27053240625 0.16937988221153846 0.28046682211538465 0.17737793028846155 0.2876890432692308 0.18937500000000002 0.29445987740384616 0.1905175793269231 0.30619984615384616 0.18480468749999998 0.3256134254807692 0.1756640625 0.3364467596153846 0.17452148557692307 0.33915894951923076 0.17223632692307692 0.3463811730769231 0.16251953125000002 0.3585686730769231 0.14480956971153847 0.36985725240384615 0.13337890624999998 0.37572530769230766 0.12423828125 0.37572530769230766 0.11566894471153846 0.3712114206730769 0.09909668028846154 0.36173225240384616 0.08138183653846154 0.35405478365384613 0.06652831971153847 0.3432214495192308 0.04767089903846154 0.33193287019230766 0.02138671875 0.3233564807692308 0.0036767572115384613 0.3179398149038462 0.0036767572115384613 0.30710262259615384 0.01624511778846154 0.29039737740384614 0.049384764423076925 0.28227237740384614 0.0728125 0.2736959879807692 0.09109863221153845 0.2655671298076923 0.12023925721153847 0.25157407451923075 0.14023925721153846 0.2511226850961539 0.14995117307692307 0.25292824038461537 0.16194824278846154 0.2651157403846154 0.17280761778846154
0 0 0.3575 0.009390432692307691 0.3628564447115385 0.020679012019230766 0.3592871081730769 0.03055941346153846 0.3592871081730769 0.04396605048076923 0.36106933653846157 0.04608410576923077 0.36106933653846157 0.06513503125 0.3592871081730769 0.08418595673076923 0.3521386730769231 0.09406635817307693 0.3396386730769231 0.10112268509615384 0.32892089903846156 0.10747299278846154 0.31730956971153845 0.11594135817307692 0.3012353509615385 0.12250771634615384 0.2928515625 0.11382330288461538 0.26998046875 0.10959105048076924 0.26729980528846153 0.09971064903846154 0.27265625 0.07007330288461538 0.26819336057692306 0.027029322115384617 0.2655126947115385 0.012916665865384615 0.25836913942307693 0.00021605048076923076 0.25568847596153843 0 0.3441015625 0 0.3575
0 0.878171295673077 0.2582958990384615 0.8828896610576924 0.26059081971153847 0.8843402788461538 0.2603613293269231 0.8905092596153845 0.2585253918269231 0.8941396610576924 0.2553125 0.8984915120192307 0.2507177740384615 0.8990354927884615 0.2491113293269231 0.8981288581730769 0.23234863221153848 0.8952276225961538 0.22706543028846154 0.8901466057692308 0.22086425721153846 0.8790779326923077 0.20915527403846154 0.8718209879807692 0.20525390625 0.8712770072115384 0.206171875 0.869463735576923 0.21076171875 0.8671026225961539 0.21742187500000001 0.8618402788461539 0.2268359375 0.86365740625 0.24589355528846155 0.8710956778846154 0.25232421875 0.878171295673077 0.2582958990384615
0 0.0885918221153846 0.22537597596153847 0.08678626442307692 0.23051757932692307 0.08723765384615384 0.23451660096153845 0.08678626442307692 0.23851562499999998 0.07595293269230768 0.24308593750000002 0.07188657451923076 0.24822753846153847 0.05202160576923077 0.25166015625 0.0425424375 0.25280273317307694 0.0032638894230769227 0.2539453125 0.03080246875 0.26422851442307693 0.047959105769230764 0.26422851442307693 0.06511574038461539 0.26594238221153843 0.08452932211538461 0.2670849615384615 0.09310570913461538 0.2665136730769231 0.10349151201923078 0.26422851442307693 0.11432484615384617 0.2665136730769231 0.12019675961538462 0.2710839831730769 0.13283564903846154 0.26994140625 0.13825231490384615 0.2596582019230769 0.14231867307692309 0.25223144471153847 0.14863811778846153 0.24365722596153847 0.1576658942307692 0.2339453125 0.1576658942307692 0.22823242307692307 0.15405478365384614 0.2236621081730769 0.15134644951923076 0.21908691346153847 0.1436728389423077 0.21451660096153846 0.1359953701923077 0.2105175769230769 0.12787037019230768 0.20766113221153845 0.1174845673076923 0.20880371153846153 0.11071373557692307 0.20994628846153846 0.10213734615384616 0.21623046875000002 0.09265432211538462 0.22022949278846154 0.0885918221153846 0.22537597596153847
0 0.9656018509615384 0.7214013677884614 0.9613695985576923 0.7064013677884616 0.95205246875 0.68818359375 0.9402006177884614 0.6721044927884615 0.9258024687499999 0.6688916009615385 0.8953202163461539 0.6667480480769231 0.8910879639423077 0.6688916009615385 0.8860069447115385 0.6763916009615384 0.8851581778846154 0.6860400384615384 0.8877006177884615 0.6946142572115386 0.8932638894230769 0.7052294927884616 0.8961689807692307 0.7064013677884616 0.903788579326923 0.7171191418269232 0.9207253076923076 0.7331933605769231 0.9308834879807691 0.7406933605769231 0.9486651225961539 0.76212890625 0.9495138894230769 0.7524804687500001 0.9596759254807693 0.7460498052884615 0.9622145072115385 0.7417675769230769 0.9656018509615384 0.7214013677884614
0 0.38376157451923076 1 0.3778935192307692 0.9870361322115385 0.3693171298076923 0.9824658197115385 0.3548688269230769 0.9778955072115385 0.3431288581730769 0.9727539062499999 0.3241666658653846 0.96189453125 0.31513888942307694 0.9601806634615385 0.2934683653846154 0.9601806634615385 0.2745061730769231 0.9613232427884615 0.2573495360576923 0.9613232427884615 0.24290509375 0.95732421875 0.22258873557692307 0.95275390625 0.2013695985576923 0.9533251947115384 0.1896296298076923 0.9578955072115385 0.17202160576923076 0.9578955072115385 0.15712577163461539 0.9561816418269231 0.14854552403846155 0.9607519519230769 0.13274691346153847 0.9710400384615384 0.12416666586538462 0.9818945312499999 0.12100694471153847 0.9933203125 0.12145833413461539 1 0.37157407451923075 1 0.38376157451923076 1
0 0.8943402788461537 0.29666503846153847 0.8984760793269231 0.2972167980769231 0.903703704326923 0.298046875 0.9104513894230769 0.30162597596153845 0.9139351850961539 0.3074121105769231 0.9200308653846154 0.30658691346153844 0.92482253125 0.30328125 0.9296103389423076 0.30355468750000003 0.9333140432692308 0.30961914182692307 0.9376658942307692 0.30631347596153846 0.9439814807692308 0.3027294927884615 0.9474652788461538 0.29666503846153847 0.9470293221153846 0.29143066346153845 0.9411496923076924 0.28537109375 0.9344020072115384 0.28123535096153846 0.9230787043269231 0.27131347596153843 0.9152430552884615 0.26718261778846153 0.9089274687500001 0.26498046875000003 0.903703704326923 0.26470214903846156 0.9023958341346153 0.26552734375 0.901523920673077 0.2669091802884615 0.8984760793269231 0.2726953125 0.8941242283653845 0.27655273317307694 0.8908564807692307 0.28178711057692307 0.8888966057692307 0.28619628846153844 0.8849807091346154 0.29253418028846156 0.8880285504807692 0.29666503846153847 0.8943402788461537 0.29666503846153847
0 0.7078433653846155 0.16214355528846153 0.7072569447115384 0.15246581971153847 0.6907908942307692 0.14428222596153845 0.6790316346153846 0.13758300721153846 0.671388889423077 0.1331152331730769 0.6560995360576923 0.1353515625 0.644336420673077 0.14949218749999998 0.6355169759615384 0.1613964855769231 0.6331674374999999 0.17404785096153846 0.6355169759615384 0.18148925721153847 0.6402237644230768 0.1933984375 0.64375 0.20158691346153848 0.6472800937500001 0.20828125 0.6555092596153845 0.21274902403846155 0.6637422836538461 0.21572753846153844 0.6655054014423077 0.22019043028846155 0.6672723774038462 0.22391113221153847 0.6696219134615385 0.2261425769230769 0.6737384254807692 0.22837890624999999 0.674328704326923 0.22912109375 0.6760918221153845 0.22912109375 0.6825617283653845 0.22316894471153845 0.6907908942307692 0.20158691346153848 0.6966743822115385 0.18297851442307692 0.7043171298076923 0.17181640625 0.7078433653846155 0.16214355528846153
0 0.4579668221153846 0.6388720697115384 0.46406250000000004 0.6296142572115385 0.4628433653846154 0.61109375 0.4567476850961538 0.59875 0.4433333341346154 0.5894873052884615 0.4274807091346154 0.5833154302884616 0.4201658942307693 0.5771435552884616 0.4104128076923077 0.5725146490384615 0.3909027788461538 0.5678857427884615 0.3750501538461538 0.5709716802884615 0.35676311778846154 0.5879443365384616 0.3543209879807692 0.592578125 0.34578703605769234 0.59875 0.3287152788461538 0.6080078125 0.3287152788461538 0.6234375000000001 0.3323765432692308 0.6373291009615384 0.3384722211538461 0.6512158197115384 0.34212962980769235 0.6573925769230768 0.3482253076923077 0.6635644543269231 0.35066357932692305 0.6681933581730769 0.36285879567307694 0.674365233173077 0.3738310192307692 0.6697363269230769 0.37993055528846154 0.6697363269230769 0.38846450721153847 0.6728222668269231 0.39943672836538463 0.6882568365384615 0.40797453605769235 0.682080079326923 0.4287037043269231 0.6573925769230768 0.4396759254807692 0.6496728509615385 0.4579668221153846 0.6388720697115384
0 0.06317515384615385 0.40526855528846156 0.05452160576923077 0.40622070432692303 0.04511574038461538 0.408125 0.03570987740384615 0.41574218749999997 0.03157021634615385 0.42193359375 0.04097607932692308 0.42621581971153844 0.052264661057692306 0.4366943365384615 0.058283177884615386 0.4466943365384616 0.061670524038461544 0.45097656249999996 0.0722029326923077 0.44716796875 0.08010416586538462 0.4428808605769231 0.0910146610576923 0.44145507932692307 0.09590663461538461 0.44050293028846155 0.10117283894230769 0.4352636706730769 0.10305555528846154 0.4305029302884616 0.10155092548076923 0.42193359375 0.10155092548076923 0.40764648557692307 0.10079861057692309 0.3971728509615385 0.09440200721153845 0.3833642572115385 0.08988811778846154 0.38383789182692307 0.07408564903846154 0.3938378918269231 0.06994598798076923 0.4014550793269231 0.06317515384615385 0.40526855528846156
0 0.7054783942307693 0.03115234375 0.7049035504807691 0.022231444711538463 0.6760918221153845 0.022231444711538463 0.6719753076923076 0.023715819711538463 0.6560995360576923 0.024462891826923076 0.653746141826923 0.024462891826923076 0.64375 0.03339355528846154 0.643163579326923 0.043813475961538464 0.6455131177884615 0.05274413942307692 0.6478665120192308 0.05646484375 0.6525694447115384 0.058696288461538466 0.657276235576923 0.059438475961538464 0.6596257716346153 0.059438475961538464 0.6608024687499999 0.059438475961538464 0.6690354927884615 0.06018554807692308 0.6755054014423076 0.058696288461538466 0.6766782403846154 0.058696288461538466 0.6784452163461538 0.06018554807692308 0.6902044759615384 0.06167480528846154 0.6925578701923077 0.05497558653846154 0.699023920673077 0.04901855528846154 0.7031404326923076 0.043066406249999994 0.7054783942307693 0.03115234375
0 1 0.6281689447115385 0.9994714495192307 0.6110205072115384 0.9901581778846154 0.59708984375 0.98084490625 0.5831591802884616 0.9715277788461538 0.5713671875 0.9512075624999999 0.5670849615384616 0.9427391971153847 0.575654298076923 0.9351195985576923 0.5863720697115384 0.9308834879807691 0.61423828125 0.9258024687499999 0.6356689447115385 0.9325771610576923 0.6528173822115384 0.9418942908653847 0.6571044927884616 0.9452777788461538 0.6581738293269231 0.9545949062500001 0.6571044927884616 0.9613695985576923 0.6528173822115384 0.9774575624999999 0.6495996105769231 0.9943904326923078 0.6517431634615385 0.9994714495192307 0.6506738293269231 1 0.6431738293269231 1 0.6281689447115385
0 0.4190663581730769 0 0.4190663581730769 0.0053906250000000005 0.4190663581730769 0.016816406250000002 0.4213233028846154 0.02881347596153846 0.4222260793269231 0.03110351682692308 0.43351466105769226 0.02652831971153846 0.4475115745192308 0.019672850961538462 0.4565393509615384 0.017958983173076922 0.46060185096153844 0.016816406250000002 0.4642129639423077 0.016816406250000002 0.47143904326923075 0.01281738221153846 0.47640432211538464 0.004819336538461538 0.4768557091346154 0 0.4190663581730769 0
0 0.4921450625 0.23342285096153845 0.49628472115384614 0.23960937499999999 0.4985416658653846 0.24723144471153846 0.5000462956730769 0.24913574278846154 0.5038078701923077 0.2524658197115385 0.5150925937499999 0.25818359375 0.5323996923076924 0.2538964831730769 0.5361612644230769 0.24865722596153847 0.5455671298076923 0.234375 0.5451929014423077 0.22294433653846155 0.5440625 0.2138964831730769 0.5399266971153847 0.20723144471153845 0.5372916658653846 0.20723144471153845 0.5252507716346154 0.20723144471153845 0.5098263894230769 0.20723144471153845 0.48763117307692305 0.20723144471153845 0.4827391971153846 0.20913574278846153 0.48537422836538463 0.22104003846153847 0.48951003125000003 0.22627929807692307 0.4921450625 0.23342285096153845
0 0.25354552403846153 0.58525390625 0.24677083413461537 0.5957275384615385 0.22194058653846155 0.5923974615384615 0.20990355048076925 0.5847802740384616 0.19033950721153847 0.579541016826923 0.17641589423076923 0.5785888677884615 0.1587345673076923 0.5800146490384616 0.12939043269230768 0.57525390625 0.11547067788461537 0.5723974615384615 0.0996682091346154 0.561923826923077 0.08612268509615384 0.5514453125000001 0.07634259374999999 0.5414453125 0.05263888942307692 0.5452587884615384 0.05000771634615385 0.5495410144230769 0.048877314903846156 0.5562109375 0.05188657451923077 0.57001953125 0.06054012259615385 0.5843017572115385 0.06881944471153846 0.599541014423077 0.08311342548076922 0.6109667956730769 0.08875771634615384 0.6200146490384615 0.09590663461538461 0.6266796875 0.10456018509615385 0.6285839831730768 0.11659722115384616 0.6295361322115384 0.13014274759615385 0.634296875 0.14142746875 0.63810546875 0.15309027884615384 0.6433447259615386 0.15948688221153845 0.654296875 0.16136959855769228 0.6547753918269231 0.16475308653846155 0.6571533197115385 0.17039737740384617 0.6476318365384616 0.1745370360576923 0.6357275384615384 0.17792438221153845 0.62525390625 0.18394290144230768 0.6176318365384615 0.18770447596153844 0.61287109375 0.19372299278846153 0.6062060552884615 0.20124999999999998 0.6019189447115385 0.21253472115384617 0.6000146490384616 0.2257021610576923 0.6043017572115384 0.24112654326923078 0.6100146490384616 0.25505015384615387 0.6138232427884616 0.2573070985576923 0.61525390625 0.26069058653846156 0.6181103509615385 0.2614429014423077 0.6190625 0.2636998461538461 0.6090625000000001 0.26332561778846153 0.6019189447115385 0.26294753125 0.5957275384615385 0.26069058653846156 0.5823974615384615 0.2591859567307692 0.5695410168269232 0.2569290120192308 0.5600195312499999 0.25429783894230773 0.5485888677884615 0.2452662043269231 0.5281152331730768 0.2452662043269231 0.5371630865384616 0.24865355048076923 0.5514453125000001 0.2546720673076923 0.57001953125 0.25354552403846153 0.58525390625
0 0.5433179014423077 0.7931933581730769 0.5518518509615384 0.8117138677884616 0.5835570985576923 0.8225146490384615 0.6103819447115385 0.8209716802884616 0.6518402788461538 0.7962792956730769 0.6798842596153847 0.7777587884615385 0.6798842596153847 0.7515283197115384 0.6823225312500001 0.72529296875 0.6676890432692308 0.7144873052884615 0.6420833341346154 0.6836230456730769 0.6091628076923077 0.6435009759615385 0.6055054014423077 0.6357861322115385 0.6006250000000001 0.60337890625 0.5957484567307693 0.5864013677884615 0.5859953701923077 0.5817724615384615 0.5701427475961538 0.5771435552884616 0.5530748461538462 0.5771435552884616 0.5481944447115384 0.5802294927884616 0.52990740625 0.59412109375 0.5116165120192308 0.604921875 0.5055208341346155 0.61880859375 0.5030825624999999 0.6234375000000001 0.4933256177884615 0.6651074206730769 0.5018595673076923 0.6990576177884615 0.5250270072115385 0.7391796875 0.5360030865384615 0.7746728509615385 0.5433179014423077 0.7931933581730769
0 0.50794753125 0.17818847596153847 0.5117091057692308 0.18485351442307693 0.5143402788461539 0.189140625 0.5222415120192307 0.18961425721153846 0.5244984567307692 0.18532714903846154 0.5350347211538462 0.16580566346153847 0.5391743822115385 0.1586621105769231 0.538796295673077 0.14866699278846154 0.5301427475961538 0.14152343750000002 0.5256288581730769 0.14152343750000002 0.5166010793269231 0.14247558653846154 0.5071952163461538 0.14485351682692307 0.4977893509615384 0.1467578125 0.4755902788461538 0.14818847596153845 0.4691936730769231 0.15580566346153846 0.46731481490384613 0.1610449206730769 0.48198688221153846 0.17009277403846154 0.49440200721153843 0.17342285096153848 0.50794753125 0.17818847596153847
0 0.4686381177884615 0.57912109375 0.47586033894230767 0.5774072259615385 0.4817322524038462 0.5659814447115384 0.4817322524038462 0.5528369134615384 0.47812114182692306 0.535693358173077 0.4677353389423077 0.5265527355769231 0.45464120432692307 0.5265527355769231 0.4438078701923077 0.5282666009615384 0.44064814903846156 0.5334082043269232 0.4564506177884615 0.5596923822115385 0.4609645072115385 0.572265625 0.4686381177884615 0.57912109375
0 0.6521913581730769 0.39736328125 0.6552006177884616 0.40117187499999996 0.6597145072115385 0.391171875 0.6672376538461537 0.3835546875 0.6751388894230769 0.38260253846153847 0.6830401225961539 0.3854589831730769 0.6849228389423078 0.3930761730769231 0.6834182091346155 0.3992675793269231 0.6898109567307693 0.3959326177884615 0.6950810192307693 0.3987890625 0.6973379639423077 0.39641113221153845 0.7022299375000001 0.3902197259615384 0.7056134254807692 0.3854589831730769 0.7078703701923076 0.3816503894230769 0.7003472211538462 0.37165038942307693 0.6871797836538461 0.3664111322115385 0.678526235576923 0.3645068365384615 0.6578356490384615 0.3649853509615385 0.6457947524038462 0.37069824278846153 0.6375192908653846 0.38593261778846155 0.6450424375 0.3921240240384615 0.6488040120192308 0.3940283197115385 0.6521913581730769 0.39736328125
0 0.9978858028846154 0.00008300721153846154 0.9918711418269232 0 0.9723186730769231 0.0038916009615384615 0.9502584879807692 0.02292480528846154 0.937723764423077 0.041962891826923074 0.937723764423077 0.05274902403846154 0.9562731490384616 0.06734375000000001 0.9702932091346154 0.08002929807692308 0.9908680552884616 0.08193847596153846 0.9998919759615384 0.03498046875 0.9998919759615384 0.02102050721153846 0.9978858028846154 0.00008300721153846154
0 0.8556828701923076 0.3351855456730769 0.8545987644230769 0.3434130865384616 0.8616435192307693 0.34752441346153845 0.8654359567307692 0.3550683605769231 0.8816859567307692 0.3632958990384615 0.8957716057692308 0.36809570432692307 0.9066087956730768 0.3674121081730769 0.9169020072115385 0.3667236322115385 0.9310416658653846 0.3543798822115385 0.9321257716346154 0.34821288942307693 0.9201504639423077 0.3488964855769231 0.9185262355769231 0.3406689447115384 0.9158179014423078 0.3372412115384616 0.9087770072115385 0.3344970697115385 0.8995640432692308 0.3228417980769231 0.8930632716346154 0.3029589855769231 0.8800617283653847 0.2960986322115385 0.8600154326923076 0.2912988293269231 0.8459837956730769 0.293359375 0.8513464495192308 0.3146142572115384 0.8594753076923076 0.3296972668269231 0.8556828701923076 0.3351855456730769
0 0.8316358028846154 0.45561523557692307 0.8322993822115384 0.4459716802884615 0.8505902788461538 0.4289941418269231 0.8542476850961538 0.4166503894230769 0.8579050937499999 0.4166503894230769 0.8676581778846154 0.41510742067307693 0.8774151225961538 0.4197363269230769 0.8883873461538462 0.4259082019230769 0.9030208341346154 0.4259082019230769 0.9078973774038462 0.4166503894230769 0.9091165120192308 0.40430175721153844 0.90423996875 0.38732910096153844 0.8993634254807692 0.3780712884615385 0.8883873461538462 0.36880859374999997 0.8469290120192308 0.354921875 0.829861110576923 0.354921875 0.7884027788461538 0.35646484375000004 0.7762114206730769 0.35646484375000004 0.7713310192307692 0.35646484375000004 0.746913579326923 0.35283203124999996 0.7359567908653847 0.36005859375000004 0.7290509254807692 0.37187499999999996 0.7274382716346154 0.3950439447115385 0.748163579326923 0.40893554807692306 0.7842206778846154 0.42407226442307694 0.8014660504807692 0.44145507932692307 0.8316358028846154 0.45561523557692307
0 0.0722029326923077 0.48002441346153846 0.07709490625 0.48097656250000004 0.08687500000000001 0.4890722644230769 0.09477623557692307 0.4904980480769231 0.10418209855769231 0.49383300721153844 0.10869598798076924 0.5000244134615385 0.11208333413461538 0.4962109375 0.12186728365384615 0.4909765625 0.12788580288461537 0.4876416009615384 0.12449845673076923 0.48478515625 0.11772762259615385 0.48288086057692303 0.11321373557692307 0.47859375 0.11283564903846154 0.47097656250000003 0.11283564903846154 0.4619287115384615 0.11170910576923077 0.4566894519230769 0.10719135817307693 0.45288086057692306 0.10079861057692309 0.4500244134615385 0.09176697596153846 0.4466943365384616 0.0883796298076923 0.443359375 0.08612268509615384 0.4424072259615385 0.08198688221153846 0.4424072259615385 0.07596450721153845 0.4466943365384616 0.05903549278846154 0.4514550793269231 0.053769290865384615 0.4590722668269231 0.05151234615384615 0.46621581971153847 0.0496296298076923 0.47431152403846155 0.05076003125 0.48002441346153846 0.060165894230769235 0.48002441346153846 0.0722029326923077 0.48002441346153846
0 0.23983410576923078 0.18194824278846153 0.25383101923076923 0.18480468749999998 0.2569907403846154 0.18823242307692306 0.2506674375 0.20251953125 0.2470563269230769 0.20766113221153845 0.24209105048076923 0.21508788942307694 0.2375771610576923 0.22708984375 0.24073688221153844 0.2373730456730769 0.25428240625 0.24251464903846154 0.26240740625 0.24708496153846154 0.2691782403846154 0.24479980528846154 0.2768557091346154 0.23623046874999998 0.2845293221153846 0.22823242307692307 0.29400848798076923 0.2230859375 0.3021373461538462 0.21565918028846154 0.2971720673076923 0.20651855528846155 0.29175154326923075 0.20880371153846153 0.2736959879807692 0.2105175769230769 0.2687268509615385 0.21223144471153846 0.26737268509615386 0.20937499999999998 0.26737268509615386 0.20708984375 0.26737268509615386 0.20194824278846155 0.28001543269230766 0.18423339903846153 0.28182098798076927 0.17509277403846155 0.2745987644230769 0.17166503846153847 0.26601851923076925 0.17623535096153847 0.25653935096153846 0.17509277403846155 0.24795910576923078 0.15737793028846153 0.24209105048076923 0.14366699278846154 0.23125771634615383 0.1408105480769231 0.22493441346153847 0.14595214903846154 0.21635802403846152 0.15337890625 0.206875 0.16251953125000002 0.21590663461538462 0.17280761778846154 0.22448302403846154 0.17509277403846155 0.23983410576923078 0.18194824278846153
0 0.8627700625 0.5088427740384616 0.8681867283653847 0.5156982427884615 0.8722530865384616 0.5265527355769231 0.8763155865384615 0.5379833990384616 0.9029513894230768 0.5636962884615385 0.9083680552884614 0.5751220697115385 0.9083680552884614 0.5871191418269232 0.9065624999999999 0.6116894543269231 0.9101736105769231 0.6128320312500001 0.9169483028846154 0.6139746105769232 0.9300385793269231 0.6076904302884615 0.9341010793269231 0.5945507812499999 0.9331983028846154 0.55455078125 0.9300385793269231 0.5374121081730769 0.9273302475961539 0.5179833990384616 0.9155941346153846 0.4882714831730769 0.909722221153846 0.47455566346153844 0.8984375 0.4568457019230769 0.8898572524038462 0.4488427740384615 0.8817322524038461 0.42941894471153846 0.8722530865384616 0.4168457043269231 0.8605131177884615 0.4168457043269231 0.8550964495192308 0.42141601442307697 0.8478703701923076 0.43513183653846155 0.8338773149038462 0.45169921875 0.8234915120192308 0.4785546875 0.8406481490384615 0.48712890625 0.8456134254807692 0.4928417980769231 0.8627700625 0.5088427740384616
0 0.21131172836538464 0 0.17013503125 0.0156640625 0.15063271634615386 0.02731933653846154 0.15550925961538462 0.045830079326923075 0.16146990625 0.049946288461538466 0.17067901201923077 0.05131835817307692 0.18151234615384615 0.0677734375 0.19451388942307693 0.09177246153846154 0.20101851923076924 0.09588378846153846 0.21076774759615385 0.11439941346153847 0.2096836418269231 0.1356542956730769 0.21022762259615385 0.1445703125 0.2232291658653846 0.14113769471153848 0.2405671298076923 0.14045410096153846 0.24760802403846152 0.14388183653846154 0.25465277884615384 0.14936523317307693 0.25844521634615386 0.13770996153846154 0.2611535504807692 0.10822753846153846 0.28553240625 0.060229492788461535 0.3082870360576923 0.017719725961538462 0.3250810192307692 0 0.3229128076923077 0 0.26603009375000003 0 0.21131172836538464 0
0 0.3945601850961538 0.4645019519230769 0.3811496923076923 0.4552294927884616 0.35310185096153845 0.4506005865384616 0.3445679014423077 0.45214355528846156 0.32627700721153846 0.46448730528846155 0.3092091057692308 0.47529296875000004 0.30310956730769234 0.49072265625 0.31042824038461536 0.5046142572115385 0.3153047836538461 0.5138720697115384 0.33359567788461536 0.5231298822115384 0.33603394951923077 0.5200439447115385 0.35310185096153845 0.5092431634615384 0.36042052403846153 0.5092431634615384 0.3823688269230769 0.5231298822115384 0.3933410504807692 0.5107861322115385 0.39821759375000004 0.49072265625 0.39943672836538463 0.4706640625 0.3945601850961538 0.4645019519230769
0 1 0.5014111322115384 0.9896334879807692 0.4837011706730769 0.9666087956730769 0.48484374999999996 0.9539660504807692 0.4951269543269231 0.9535146610576923 0.5168408197115385 0.9697685192307692 0.5248388677884616 0.990536264423077 0.5276953125 1 0.5248388677884616 1 0.5014111322115384
0 0.28872299278846153 0.27235839903846154 0.2692129639423077 0.25384277403846156 0.25580246875 0.24766601682692307 0.2387307091346154 0.23840820432692308 0.22409722115384617 0.2353222668269231 0.1899575625 0.22606445192307692 0.19239583413461536 0.23377929567307693 0.19849151201923076 0.24458007692307693 0.19849151201923076 0.25075683653846154 0.19971064903846153 0.2631005865384615 0.20337191346153846 0.27544433653846156 0.20702932211538463 0.2893359375 0.21190586538461537 0.3016796875 0.21312499999999998 0.304765625 0.24482638942307694 0.32482910096153844 0.25458333413461537 0.3155712884615385 0.26067901201923077 0.304765625 0.28360339423076925 0.29473632932692306 0.28872299278846153 0.27235839903846154
0 0.7440354927884615 0.273828125 0.7453896610576923 0.28011230528846154 0.7512577163461539 0.2772558605769231 0.7598341057692307 0.2721142572115384 0.7607368822115385 0.2601123052884616 0.7611882716346153 0.2504003918269231 0.7490007716346153 0.24697265624999998 0.7422299375 0.24697265624999998 0.7196566346153846 0.2446875 0.7115277788461539 0.24754394471153846 0.7092708341346154 0.25154296875 0.7061111105769231 0.25725586057692307 0.7232677475961539 0.26982910096153845 0.7313927475961539 0.2709716802884615 0.7440354927884615 0.273828125
0 0.5264506177884616 0.054921875 0.5276543221153847 0.03588378846153846 0.5222415120192307 0.024462891826923076 0.49756944471153847 0.03129882692307692 0.4687114206730769 0.034375 0.45185185096153846 0.039697264423076924 0.42176697596153845 0.0442578125 0.42116512259615385 0.07166992307692308 0.4259760793269231 0.09451660096153845 0.4380092596153846 0.10060546875 0.46568672836538466 0.09832031249999999 0.49576774759615383 0.08842285096153847 0.5126118822115384 0.07547851682692308 0.5264506177884616 0.054921875
0 0.6140123461538461 0.6334033197115385 0.6162692908653846 0.6356884759615385 0.6275540120192308 0.6454003894230769 0.6307137355769231 0.6562597644230769 0.63884259375 0.6705419927884615 0.6460648149038462 0.6785449230769232 0.6528356490384616 0.69568359375 0.6668325625 0.7082568365384615 0.6776697524038462 0.7162548822115385 0.6808294759615384 0.7305419927884615 0.6808294759615384 0.7551074206730769 0.68669753125 0.7653955072115385 0.6966280865384615 0.7682519543269231 0.7146875 0.76939453125 0.7196566346153846 0.7642529302884615 0.7228163581730769 0.7516796875 0.7282330240384615 0.7345410144230768 0.7291358028846153 0.7213964831730769 0.7300385793269231 0.7093994134615385 0.73455246875 0.6933984375000001 0.7413271610576923 0.6733984375000001 0.7453896610576923 0.6636865240384615 0.754868826923077 0.6596875 0.7806018509615384 0.6442578125 0.7909876538461538 0.6362597644230769 0.8171720673076923 0.64197265625 0.8532908942307693 0.6568310552884615 0.8718016971153847 0.6654003894230769 0.874058641826923 0.6659716802884615 0.8754128076923077 0.6631152331730769 0.8781211418269231 0.6556884759615385 0.8817322524038461 0.643115233173077 0.8871489206730769 0.6294042956730769 0.8984375 0.6128320312500001 0.9043055552884615 0.6008349615384615 0.9070138894230768 0.5859765625000001 0.9070138894230768 0.5774072259615385 0.9006944447115385 0.5688378894230769 0.8866975312500001 0.5574072259615385 0.8803780865384615 0.544267579326923 0.8690895072115384 0.52998046875 0.8627700625 0.5219824230769231 0.8374884254807693 0.49169921875 0.8239429014423076 0.48198730528846156 0.8131095673076923 0.47341308653846154 0.7968557091346155 0.46255859374999997 0.7824074062499999 0.4568457019230769 0.7629976850961538 0.45227050721153844 0.7539660504807693 0.4488427740384615 0.7169444447115385 0.4362744134615385 0.6997916658653847 0.4374169927884616 0.691211420673077 0.44255859375 0.6857947524038461 0.44827148317307697 0.6776697524038462 0.46084472596153847 0.6686381177884615 0.47626953125000004 0.6605131177884616 0.4905566394230769 0.6519328701923077 0.5025537115384615 0.6415509254807692 0.5214111322115385 0.6338773149038462 0.5316943365384615 0.6284567908653845 0.5316943365384615 0.6239429014423077 0.5385546875 0.6167206778846155 0.5402685552884615 0.6063348774038462 0.5499804687500001 0.6009182091346154 0.5574072259615385 0.5955015432692308 0.5756933605769231 0.5927932091346154 0.5911230456730769 0.6067862644230769 0.6019775384615385 0.6094984567307692 0.6151171875 0.6140123461538461 0.6334033197115385
0 0.5962847211538461 0.45012206971153845 0.6128356490384615 0.46107421875 0.6166010793269231 0.4629785168269231 0.6211149687499999 0.45202636778846156 0.6327777788461538 0.44012206971153844 0.6470756177884615 0.43821777403846157 0.6448148149038461 0.437265625 0.6327777788461538 0.4339306634615384 0.6267592596153846 0.4315527331730769 0.6038078701923077 0.41964843749999997 0.5936496923076923 0.41631347596153845 0.5921450625 0.4153613269230769 0.5804822524038461 0.42726562500000004 0.5767206778846155 0.43821777403846157 0.5699498461538461 0.45488281249999996 0.5834915120192308 0.44916992067307693 0.5962847211538461 0.45012206971153845
0 1 0.42770507932692303 0.9909876538461538 0.42770507932692303 0.9792476850961538 0.43341796875 0.9666087956730769 0.44027343750000003 0.9697685192307692 0.45112793028846154 0.9765393509615384 0.46484375 0.9923418221153846 0.4785546875 1 0.4774121105769231 1 0.4637011706730769 1 0.4391308605769231 1 0.42770507932692303
0 0.12224151201923077 0.538115233173077 0.13164737740384616 0.5333544927884616 0.14180555528846153 0.5295458990384615 0.15760802403846152 0.5257324230769231 0.16701388942307693 0.5257324230769231 0.17754629567307692 0.5266845697115385 0.18619984615384616 0.5271630865384616 0.19410107932692308 0.5262109375 0.20689043269230767 0.5252587884615385 0.2155439807692308 0.5214501947115384 0.2155439807692308 0.51478515625 0.21516975240384614 0.5095458990384615 0.21479166586538462 0.5095458990384615 0.21366512259615386 0.5095458990384615 0.2132870360576923 0.5095458990384615 0.2083950625 0.50859375 0.2053858028846154 0.5057373052884615 0.2001195985576923 0.5024023437499999 0.19522762259615384 0.5009765625 0.18356481490384613 0.49811523317307693 0.17754629567307692 0.49192871153846157 0.17491126442307692 0.48430664182692307 0.16475308653846155 0.48097656250000004 0.14895447596153846 0.48097656250000004 0.13653935096153846 0.48288086057692303 0.12713348798076923 0.48525878846153847 0.11810185096153845 0.4909765625 0.11283564903846154 0.4962109375 0.10456018509615385 0.5062109375 0.09929012259615384 0.5119238293269232 0.08988811778846154 0.5209716802884615 0.08499614182692308 0.53001953125 0.08010416586538462 0.538115233173077 0.08574845673076922 0.5362109375 0.11283564903846154 0.5385888677884615 0.12224151201923077 0.538115233173077
0 0.7679320985576923 0.16376464903846152 0.7721103389423077 0.16409668028846153 0.7786419759615384 0.16343749999999999 0.7859606490384615 0.15517089903846154 0.7856983028846154 0.14789550721153846 0.7825617283653846 0.14194335817307693 0.7776003076923076 0.13599121153846155 0.7627044759615385 0.12507812499999998 0.7485995360576924 0.11416503846153846 0.74076003125 0.11053222596153846 0.7331828701923077 0.11516113221153847 0.7318749999999999 0.1201171875 0.7334452163461538 0.13169433653846155 0.7483371923076922 0.14624023557692306 0.7640123461538462 0.1541796875 0.7679320985576923 0.16376464903846152
0 0 0.13497070432692307 0.010856480769230768 0.15005371153846153 0.029818673076923076 0.16582519471153848 0.034155093750000004 0.16445312499999998 0.06720293269230769 0.16513671875000002 0.08508101923076923 0.1747363293269231 0.08887345673076924 0.17268066346153846 0.1062075625 0.16925293028846153 0.12300154326923077 0.16719726682692307 0.14250771634615383 0.170625 0.15117283894230768 0.16925293028846153 0.16092592548076923 0.1617089855769231 0.17392746874999998 0.14662597596153845 0.18368055528846156 0.13085449278846153 0.1939737644230769 0.12331054567307692 0.19993441346153845 0.1198828125 0.20481095673076924 0.11165527403846154 0.20155864182692307 0.10411132932692307 0.17555555528846153 0.08902831971153846 0.15063271634615386 0.07462890625 0.12950231490384614 0.06434570432692308 0.11162422836538462 0.06434570432692308 0.09483024759615384 0.06845703125 0.05582561778846154 0.06982910096153847 0.044988425480769235 0.07325683653846154 0.03307098798076923 0.07120117067307692 0.017901235576923077 0.07462890625 0 0.08354492067307692 0 0.09245605528846154 0 0.11577148317307692 0 0.13497070432692307
0 0 0.6034912115384615 0.014378858173076924 0.6030126947115385 0.026793980769230768 0.6030126947115385 0.03920910576923076 0.6077783197115385 0.055763889423076925 0.6172998052884615 0.05952546394230769 0.6211083990384616 0.07118827163461539 0.6234912115384615 0.08849537019230769 0.6292041009615384 0.09075231490384615 0.6249169927884615 0.08811728365384616 0.6168212884615384 0.06968364182692308 0.6025390625 0.05538580288461538 0.5853955072115384 0.045227622596153844 0.5677783197115385 0.04297067788461539 0.5539697259615385 0.051250000000000004 0.5454003894230769 0.052754629807692306 0.5387353509615385 0.047862653846153846 0.5301611322115385 0.039961420673076925 0.519208983173077 0.036952161057692307 0.50587890625 0.033942901442307695 0.4896875 0.03055555528846154 0.4820703125 0.009112653846153847 0.4739746105769231 0.0023379639423076926 0.4749267572115385 0 0.4973095697115385 0 0.5130224615384615 0 0.5425439447115384 0 0.5701611322115384 0 0.586826170673077 0 0.5906347644230769 0 0.6034912115384615
0 0.8944945985576923 0.017895507211538462 0.87205246875 0.010419923076923077 0.8626041658653846 0.0059375 0.8531558653846154 0.0059375 0.8507947524038462 0.016396483173076924 0.84607253125 0.02835449278846154 0.8425270072115385 0.052275389423076926 0.8354398149038461 0.07619140625 0.8330787043269231 0.09412597596153846 0.8330787043269231 0.10309570192307692 0.8425270072115385 0.1240234375 0.848433641826923 0.1240234375 0.8614236105769231 0.11654785096153845 0.9015817908653846 0.10458984375 0.9157523149038462 0.09412597596153846 0.9169328701923077 0.08216796875 0.9181134254807692 0.06722168028846154 0.9086651225961538 0.02835449278846154 0.8980362644230768 0.020883788461538464 0.8944945985576923 0.017895507211538462
0 0.5737847211538462 0.5222119134615385 0.5801041658653846 0.5324951177884615 0.5877816346153846 0.5324951177884615 0.5995177475961538 0.5267822259615385 0.6053896610576923 0.5107812500000001 0.6080979927884615 0.49935546875000003 0.6139660504807692 0.4907861322115385 0.6184799375 0.47992675721153844 0.618931326923077 0.4736425793269231 0.6139660504807692 0.4667871081730769 0.6094521610576923 0.46278808653846154 0.5990663581730769 0.4542138677884615 0.5891358028846153 0.4542138677884615 0.5724305552884615 0.4639306634615385 0.5606944447115384 0.4713574230769231 0.5706249999999999 0.49192871153846157 0.5724305552884615 0.5067822259615384 0.5737847211538462 0.5222119134615385
0 0.43909722115384614 0.20342285096153848 0.44624614182692307 0.20104003846153845 0.45903549278846156 0.20580566346153845 0.46392746875 0.21199218749999998 0.4684413581730769 0.22056640624999999 0.47333333413461537 0.22723144471153847 0.47672067788461536 0.23104003846153848 0.4823611105769231 0.23865722596153846 0.48951003125000003 0.24056152403846154 0.49176697596153846 0.2377050769230769 0.4925192908653846 0.23056640625000002 0.49176697596153846 0.2224707043269231 0.4868788581730769 0.21532714903846153 0.47672067788461536 0.20770996153846152 0.4691936730769231 0.19723144471153847 0.46280092548076923 0.1886621081730769 0.4579089495192308 0.18104492067307693 0.45677855048076926 0.179140625 0.4503858028846154 0.17723632692307692 0.4492554014423077 0.17723632692307692 0.44662037019230766 0.17818847596153847 0.44173225240384617 0.179140625 0.4398495360576923 0.18009277403846152 0.43345293269230767 0.18199706971153845 0.42931712980769227 0.18532714903846154 0.427808641826923 0.18770996153846153 0.4255516971153846 0.19342285096153844 0.42254243750000003 0.1967578125 0.4199112644230769 0.20247070192307692 0.41953317788461536 0.20580566346153845 0.427808641826923 0.20913574278846153 0.43119598798076925 0.2067578125 0.43909722115384614 0.20342285096153848
0 0.23848765384615384 0.61263671875 0.23361111057692308 0.6095507812500001 0.2116628076923077 0.6080078125 0.2080054014423077 0.6080078125 0.19459105048076925 0.61880859375 0.1799575625 0.6327001947115385 0.16410879567307693 0.6481298822115384 0.14947530769230769 0.6759082043269231 0.13972222115384614 0.71912109375 0.14216049278846155 0.7607861322115385 0.14459876442307693 0.8117138677884616 0.15679012259615385 0.8333154302884616 0.1836188269230769 0.8549218749999999 0.22141589423076924 0.86880859375 0.23239197596153846 0.867265625 0.2555555552884615 0.8518359375 0.28116512259615384 0.8379443365384615 0.2921373461538461 0.8225146490384615 0.29701388942307694 0.8009082043269231 0.2957947524038462 0.7561572259615384 0.29701388942307694 0.73146484375 0.2994521610576923 0.6959716802884616 0.27140817788461535 0.6357861322115385 0.26653163461538465 0.6234375000000001 0.23848765384615384 0.61263671875
0 0.08570987740384615 0.6730175769230768 0.07702932211538462 0.6922412115384616 0.06097222115384615 0.7136621105769231 0.06184027884615385 0.727392579326923 0.06878086538461538 0.7394775384615385 0.08266975240384615 0.7614501947115385 0.10263503125000001 0.758154298076923 0.11565200721153847 0.7526611322115385 0.12954089423076923 0.7411279302884615 0.13388117307692307 0.727392579326923 0.1403896610576923 0.70212890625 0.14733410576923076 0.6708203125 0.16165509375 0.6548925793269231 0.16035493750000002 0.6504980480769231 0.1477700625 0.64005859375 0.10740740624999999 0.6252294927884615 0.07919753125000001 0.6290771490384616 0.06748070913461537 0.6334667956730768 0.07312114182692307 0.64830078125 0.08570987740384615 0.6559912115384615 0.08570987740384615 0.6730175769230768
0 0.6218827163461539 0.29471191346153847 0.6271103389423077 0.2966943365384615 0.6299845673076923 0.29338867307692307 0.6341628076923077 0.28545410096153845 0.6396489206730769 0.2795019519230769 0.6427854927884616 0.27520019471153845 0.6443518509615385 0.27189453125 0.6425231490384615 0.2639599615384615 0.6380825625 0.2623046875 0.6352083341346154 0.26263671875 0.6268479927884615 0.26561035096153846 0.6192708341346154 0.2699121081730769 0.6109104927884615 0.27520019471153845 0.6090817908653846 0.2788378894230769 0.60986496875 0.28445800721153847 0.6161342596153846 0.29107421875 0.6187499999999999 0.29272461057692306 0.6218827163461539 0.29471191346153847
0 0.8153240745192308 0.11631836057692307 0.8166319447115384 0.11598632692307692 0.8223804014423077 0.11003418028846154 0.8255131177884615 0.10970214903846154 0.8257754639423076 0.10871093750000001 0.8260378076923077 0.09680664182692308 0.8239467596153845 0.08424316346153846 0.8140200624999999 0.07432128846153846 0.8108834879807693 0.07531249999999999 0.8056597211538462 0.0759765625 0.7954706778846153 0.07829101682692308 0.7933796298076923 0.085234375 0.7970370360576923 0.09713867067307692 0.8040895072115385 0.11168945192307692 0.8043518509615384 0.11201660096153845 0.8153240745192308 0.11631836057692307
0 0.15450617307692308 0.16708984375000002 0.15224922836538463 0.18766113221153846 0.14999228365384615 0.200234375 0.14999228365384615 0.21508788942307694 0.15134644951923076 0.21851562500000002 0.1603742283653846 0.20594726442307693 0.17301697596153845 0.19394531250000002 0.18294753125 0.18823242307692306 0.19017361057692309 0.1859472644230769 0.21003857932692307 0.19108886778846154 0.22267746875 0.19737793028846154 0.22719135817307692 0.20251953125 0.2339660504807692 0.20537597596153848 0.24073688221153844 0.20766113221153845 0.24750771634615384 0.19909179567307692 0.2511226850961539 0.19337402403846154 0.2533796298076923 0.18423339903846153 0.2425424375 0.18309081971153846 0.22764274759615383 0.18194824278846153 0.21996913461538461 0.17395019471153847 0.21229552403846152 0.17052246153846154 0.19875 0.16937988221153846 0.1761766971153846 0.16423339903846154 0.17391975240384616 0.16309081971153847 0.1635378076923077 0.16251953125000002 0.15450617307692308 0.16708984375000002
0 0.8219212956730769 0.2946142572115385 0.8207445985576923 0.2797265625 0.8201581778846154 0.2782421875 0.8154513894230769 0.27451660096153846 0.8078086418269231 0.2707958990384615 0.8019290120192307 0.2700537115384615 0.7878163581730769 0.2707958990384615 0.7854629639423076 0.27377441346153847 0.7813464495192307 0.2827050769230769 0.7813464495192307 0.29089355528846156 0.7819367283653846 0.2975878918269231 0.7872299375 0.30651855528846156 0.7884027788461538 0.3080078125 0.7913425937499999 0.3124755865384615 0.7931095673076923 0.31470703125 0.7936959879807692 0.31842773317307693 0.8019290120192307 0.32363769471153847 0.808398920673077 0.3206591802884615 0.8183950624999999 0.3057763677884615 0.8207445985576923 0.3035449206730769 0.8219212956730769 0.2946142572115385
0 0 0 0 0.014291992788461539 0 0.07737304807692308 0.004355709134615384 0.07805664182692308 0.02331790144230769 0.07257324278846154 0.03361111057692308 0.06982910096153847 0.03523919711538462 0.06434570432692308 0.03631944471153846 0.05749023317307692 0.05148919711538461 0.043774413461538465 0.05365740625 0.03966308653846154 0.055281634615384614 0.03966308653846154 0.061782406250000005 0.03486328125 0.06286651201923077 0.02869140625 0.05744984615384615 0.014975586538461538 0.050405093750000005 0 0.02440200721153846 0 0 0
0 0.9792476850961538 0.4859863269230769 0.9891820985576923 0.4756982427884615 0.9824112644230769 0.45970214903846157 0.9679629639423077 0.44541503846153846 0.9557716057692307 0.43570312499999997 0.9566743822115384 0.4665576177884615 0.9607407403846153 0.47912597596153844 0.9792476850961538 0.4859863269230769
0 0.12838734615384614 0.2742480456730769 0.12250771634615384 0.28479003846153844 0.12250771634615384 0.2928515625 0.12201774759615384 0.3015332019230769 0.12397762259615384 0.30587402403846153 0.1323070985576923 0.31393554807692303 0.14455632692307693 0.31890136778846156 0.14749614182692308 0.3201416009615385 0.14847607932692308 0.32262206971153845 0.15533950721153847 0.32510253846153847 0.16121913461538462 0.328203125 0.1666087956730769 0.32510253846153847 0.1754282403846154 0.31828125 0.1808179014423077 0.3108349615384615 0.1950308653846154 0.29657226442307694 0.19650077163461538 0.29533203125 0.20238040144230768 0.29037109375000003 0.20238040144230768 0.28168945192307693 0.19748070913461538 0.26494140625 0.1969907403846154 0.2581201177884615 0.1955208341346154 0.24695800721153846 0.19356095673076926 0.23889648557692308 0.18914737740384616 0.23083496153846153 0.18473765384615384 0.2264941418269231 0.1808179014423077 0.22525390625 0.17689814903846154 0.22525390625 0.16954861057692308 0.22525390625 0.1587692908653846 0.23703613221153846 0.14896605048076922 0.25067871153846155 0.13426697596153844 0.26556152403846156 0.12838734615384614 0.2742480456730769
0 0.5270601850961538 0.37060058653846156 0.5394753076923077 0.3863134759615384 0.5432368822115385 0.40012206971153846 0.5451157403846154 0.42345703125 0.5548996923076923 0.4496435552884615 0.5643055552884616 0.4525 0.5707021610576923 0.4448828125 0.5699498461538461 0.42916992307692303 0.5714544759615385 0.4182177740384615 0.584243826923077 0.4091699206730769 0.5857484567307693 0.40060058653846153 0.5970370360576923 0.3853613293269231 0.6007986105769231 0.3710791009615385 0.5959066346153846 0.3606005865384615 0.587631173076923 0.35964843750000003 0.5755902788461539 0.3606005865384615 0.5680671298076923 0.3606005865384615 0.5601658942307692 0.35869628846153845 0.5560262355769231 0.35346191346153844 0.5503858028846154 0.34298339903846153 0.5447415120192308 0.3344140625 0.5406018509615385 0.3263183581730769 0.5372183653846154 0.32346191346153846 0.5247993822115384 0.32346191346153846 0.5195331778846154 0.3263183581730769 0.5244251538461538 0.3444140625 0.5240470673076923 0.35964843750000003 0.5270601850961538 0.37060058653846156
0 0 0.89904296875 0.006334877403846154 0.89904296875 0.023942901442307693 0.909326170673077 0.03206790144230769 0.9150439447115384 0.05283564903846154 0.9190429687499999 0.06412422836538462 0.9190429687499999 0.07450617307692307 0.9190429687499999 0.08489197596153845 0.9190429687499999 0.09617669711538462 0.9213281249999999 0.1038503076923077 0.9298974615384614 0.10701388942307692 0.9287548822115385 0.11513888942307693 0.9190429687499999 0.11784722115384616 0.90361328125 0.11784722115384616 0.8927587884615384 0.12010416586538461 0.8841845697115385 0.12100694471153847 0.8727587884615384 0.1146875 0.8624755865384616 0.1079166658653846 0.8584716802884615 0.09753086538461539 0.8550439447115384 0.08489197596153845 0.8601904302884615 0.08172839423076923 0.8659033197115384 0.05825231490384616 0.86076171875 0.04967592548076923 0.855615233173077 0.03613040144230769 0.8464746105769231 0.016716822115384614 0.8299023437499999 0.005432098557692307 0.8196191418269231 0 0.8139062499999999 0 0.8424755865384616 0 0.8944726562499999 0 0.89904296875
0 0.5583834879807692 0.29375976682692306 0.5615200625 0.2985205072115385 0.5687307091346153 0.3008984375 0.5709259254807693 0.30169433653846156 0.5778240745192308 0.29613769471153845 0.5844058653846154 0.29613769471153845 0.5856597211538461 0.2993115240384615 0.5859760793269231 0.30248535096153845 0.5909915120192308 0.30010742307692306 0.5966358028846154 0.29772460817307694 0.6003973774038461 0.29613769471153845 0.6038464495192307 0.29613769471153845 0.6066666658653846 0.29971191346153847 0.6076080240384616 0.3012988269230769 0.6088618822115385 0.2989160144230769 0.6098032403846154 0.28899414182692307 0.6088618822115385 0.28344238221153845 0.6082368822115385 0.2822509759615385 0.6079205240384615 0.27629882932692307 0.6079205240384615 0.273125 0.6082368822115385 0.2711425769230769 0.6069791658653846 0.2687597644230769 0.6054128076923078 0.26796386778846154 0.602276235576923 0.2691552740384615 0.5972608028846154 0.27232910096153845 0.5925578701923077 0.27232910096153845 0.5856597211538461 0.27232910096153845 0.5800192908653846 0.2711425769230769 0.5768827163461538 0.2687597644230769 0.5706134254807692 0.26995117307692307 0.5677893509615385 0.2739160144230769 0.5624614206730769 0.28304687500000003 0.5590123461538462 0.29177246153846154 0.5583834879807692 0.29375976682692306
0 0.37404706730769227 0.22994628846153847 0.3879668221153846 0.24470703124999998 0.38909722115384615 0.24327636778846154 0.3977507716346154 0.22708984375 0.3962461418269231 0.21042480528846155 0.3898495360576923 0.2008984375 0.3747993822115384 0.20613769471153848 0.36388888942307696 0.20708984375 0.3420679014423077 0.20423339903846155 0.33793209855769235 0.21042480528846155 0.33830632692307694 0.22185058653846154 0.35862268509615386 0.22946777403846155 0.3668981490384615 0.22899413942307692 0.37404706730769227 0.22994628846153847
0 0.9652546298076923 0.4414160168269231 0.9679629639423077 0.4374169927884616 0.9837654326923077 0.4271337884615385 0.9959529326923077 0.42141601442307697 0.9982098774038461 0.4122753918269231 0.9955015432692308 0.40370605528846154 0.9873765432692309 0.39799316346153846 0.9819598774038462 0.39970703124999996 0.9693171298076924 0.4054199206730769 0.9535146610576923 0.41513183653846153 0.9435841057692307 0.42312988221153847 0.9535146610576923 0.43398925721153847 0.9571257716346153 0.43798828125 0.9652546298076923 0.4414160168269231
0 0.36012731490384614 0.1908984375 0.3657716057692308 0.17994628846153848 0.3725424375 0.17090331971153847 0.38157407451923075 0.17471191346153844 0.38684027884615385 0.17613769471153845 0.39474151201923074 0.16852050721153844 0.40489969230769235 0.15852050721153846 0.4056520072115385 0.15042480528846153 0.4015123461538461 0.14375976682692307 0.3939891971153846 0.13661621153846154 0.38834490625 0.13280761778846153 0.3763040120192308 0.13471191346153846 0.36727623557692307 0.14471191346153847 0.35109953605769234 0.158046875 0.3413155865384615 0.1756640625 0.3424459879807692 0.1928027355769231 0.35109953605769234 0.19613769471153847 0.36012731490384614 0.1908984375
0 0.03753472115384616 0.8421923822115385 0.057064043269230764 0.8603173822115384 0.07225308653846153 0.8669091802884614 0.08570987740384615 0.8581201177884614 0.09569058653846155 0.85482421875 0.11825617307692307 0.8608691394230769 0.12737268509615385 0.8597705072115385 0.1269367283653846 0.8509814447115385 0.12129629567307693 0.8427441418269231 0.10393518509615385 0.8312060552884616 0.10567129567307693 0.8147265625 0.11001157451923077 0.7977001947115384 0.10350308653846155 0.780126954326923 0.09785879567307693 0.7729833990384616 0.08440586538461538 0.7597998052884616 0.07355709855769231 0.7482666009615385 0.06444058653846153 0.7301416009615385 0.05315972115384615 0.7098193365384616 0.03840277884615385 0.69333984375 0.0184375 0.6774121081730768 0 0.6735644519230769 0.001080247596153846 0.8119824230769231 0.01236496875 0.8224169927884616 0.03753472115384616 0.8421923822115385
0 0.46003857932692305 0.48964355528846154 0.49539737740384615 0.5035302740384615 0.5246643509615384 0.52205078125 0.546608795673077 0.5266796874999999 0.5563657403846154 0.51896484375 0.5575848774038461 0.51587890625 0.5685570985576923 0.49427246153846155 0.5575848774038461 0.4603222668269231 0.5453896610576924 0.41557128846153846 0.5392939807692307 0.39396484375 0.5344174375 0.37544433653846154 0.5220293221153847 0.3570800769230769 0.5173456778846154 0.3121728509615384 0.51125 0.29057128846153846 0.49905864182692306 0.26896484375 0.4905208341346154 0.255078125 0.4844251538461538 0.24735839903846155 0.47467206730769235 0.23655761778846152 0.4576003076923077 0.21030273317307693 0.43688271634615383 0.2072265625 0.4149228389423077 0.2211230480769231 0.4076080240384616 0.22729980528846155 0.40029320913461536 0.25044433653846154 0.39943672836538463 0.2808496081730769 0.40029320913461536 0.29828613221153844 0.37834490625 0.3399511730769231 0.3649305552884616 0.35692871153846156 0.3969984567307692 0.3240576177884616 0.3811496923076923 0.35337890625 0.35066357932692305 0.37189453125 0.3454205240384616 0.39087890625 0.3393248461538461 0.39705078125 0.33444830288461536 0.40630859375 0.33688657451923076 0.42328613221153844 0.38078317788461535 0.43254394471153845 0.3929745360576923 0.4371728509615384 0.41979938221153845 0.4587792980769231 0.46003857932692305 0.48964355528846154
0 0.25993827163461536 0.5743017572115384 0.26332561778846153 0.5923974615384615 0.26633487740384615 0.6100146490384616 0.2667129639423077 0.6214404302884616 0.2708487644230769 0.6309667980769231 0.2753665120192308 0.634296875 0.28025462980769233 0.6323925769230769 0.2990663581730769 0.6285839831730768 0.2998186730769231 0.62525390625 0.29756172836538464 0.6157275384615384 0.2949266971153846 0.6071582019230769 0.28890817788461537 0.5909667956730769 0.28476851923076923 0.5804931634615385 0.2783757716346154 0.5600195312499999 0.2719791658653846 0.5433544927884616 0.2700964495192308 0.5371630865384616 0.2644560192307692 0.518115233173077 0.2614429014423077 0.5038330072115385 0.25128472115384615 0.4995458990384615 0.24225694471153847 0.5004980480769231 0.2403742283653846 0.5052587884615385 0.23736496875 0.51240234375 0.24338734615384613 0.5152587884615385 0.25505015384615387 0.5447802740384615 0.25993827163461536 0.5743017572115384
0 0.34267746875000005 0.5716943365384616 0.33635802403846154 0.5911181634615384 0.3390663581730769 0.59912109375 0.3499035504807692 0.5934082019230769 0.36073688221153843 0.5859765625000001 0.3801504639423077 0.5768359375000001 0.3882754639423077 0.5774072259615385 0.4158179014423077 0.5876904302884616 0.4374884254807692 0.5928369134615384 0.45735339423076926 0.5962646490384615 0.4587075625 0.5951220697115385 0.4587075625 0.5848339855769231 0.45690200721153845 0.5739794927884615 0.4514814807692308 0.5591210937500001 0.4433564807692308 0.5414111322115385 0.4356828701923077 0.5282666009615384 0.4234915120192308 0.52083984375 0.41852623557692303 0.5225537115384615 0.41310956730769227 0.5236962884615385 0.3869212956730769 0.5236962884615385 0.37834490625 0.5202685552884615 0.37563657451923077 0.517412110576923 0.3458371923076923 0.5185546875 0.33500385817307693 0.5242675793269231 0.33500385817307693 0.5425537115384615 0.34403163461538466 0.5539794927884615 0.34267746875000005 0.5716943365384616
0 0.6433564807692308 0.5139843749999999 0.6573533942307692 0.5048388677884615 0.6650270072115384 0.48312988221153846 0.6812808653846154 0.45970214903846157 0.691211420673077 0.4414160168269231 0.6889544759615384 0.43570312499999997 0.6808294759615384 0.43570312499999997 0.6754128076923076 0.43798828125 0.6672839495192308 0.44084472596153845 0.6483217596153845 0.44084472596153845 0.6410995360576923 0.44255859375 0.6361342596153846 0.44770019471153844 0.6325231490384616 0.45456054807692303 0.6225887355769231 0.46255859374999997 0.6167206778846155 0.4728417980769231 0.6149151225961538 0.48312988221153846 0.6094984567307692 0.4951269543269231 0.6072376538461538 0.5002685552884615 0.6022723774038462 0.5242675793269231 0.6054320985576923 0.5305517572115385 0.6239429014423077 0.5305517572115385 0.6338773149038462 0.528837889423077 0.6433564807692308 0.5139843749999999
0 0.4556134254807693 0.7306640625 0.46146219230769236 0.7438281250000001 0.47251543269230767 0.7611083990384616 0.4829166658653846 0.7693359375 0.49266975240384614 0.7808544927884615 0.4959182091346154 0.77673828125 0.5017708341346154 0.7643994134615385 0.5043711418269231 0.7569921875 0.5076234567307693 0.7446484375 0.511523920673077 0.7356005865384615 0.511523920673077 0.7273730480769232 0.5108719134615385 0.7224365240384615 0.5102237644230769 0.7150292980769231 0.5063233028846154 0.7002197259615385 0.4978703701923077 0.6796484374999999 0.4952700625 0.6656640625 0.4952700625 0.654140625 0.49396990625 0.6426220697115385 0.4835686730769231 0.6376855480769231 0.4764158942307692 0.6376855480769231 0.4556134254807693 0.6418017572115384 0.43675925961538464 0.6524951177884616 0.42700617307692307 0.6623730480769231 0.4153047836538461 0.68541015625 0.4120563269230769 0.6961035144230769 0.4283063269230769 0.7092724615384616 0.4478125 0.7191455072115385 0.4556134254807693 0.7306640625
0 0.25681712980769233 0.454453125 0.25042052403846154 0.4687402331730769 0.24891589423076924 0.4749267572115385 0.24402392067307693 0.48921386778846154 0.24515432211538463 0.494453125 0.2507986105769231 0.4968310552884615 0.2571913581730769 0.49826171874999997 0.2617091057692308 0.50349609375 0.2669753076923077 0.50349609375 0.2752507716346154 0.5030224615384615 0.28052083413461537 0.4987353509615385 0.2857870360576923 0.4939746081730769 0.2963194447115385 0.4887353509615385 0.2982021610576923 0.4801660168269231 0.2940625 0.4696923822115385 0.28917052403846155 0.45826171875 0.28127314903846157 0.4396923822115385 0.2793904326923077 0.43159668028846154 0.27073688221153847 0.4411230456730769 0.2628356490384615 0.4468359375 0.25681712980769233 0.454453125
0 0.3387152788461538 0.5593945312499999 0.33383873557692306 0.53625 0.32286265384615387 0.5254443365384616 0.31844135817307695 0.508349608173077 0.28872299278846153 0.5038427740384616 0.28506558653846154 0.5053857427884615 0.2753086418269231 0.5100146490384615 0.27165123557692306 0.5131005865384616 0.2704320985576923 0.5192724615384615 0.2692129639423077 0.5347070312500001 0.27165123557692306 0.54396484375 0.29116126442307694 0.5732861322115385 0.3118904326923077 0.593349610576923 0.31798611057692305 0.5887158197115384 0.3314004639423077 0.5779150384615385 0.3387152788461538 0.5593945312499999
0 0.3259297836538462 0 0.3268325625 0.0068164062499999995 0.3367631177884615 0.025673826923076924 0.34263503125 0.034814451923076924 0.34985725240384613 0.04224121153846154 0.3615933653846154 0.049672850961538464 0.37017361057692305 0.062241211538461544 0.3760416658653846 0.07424316346153846 0.38100694471153845 0.08109863221153847 0.39094135817307696 0.08109863221153847 0.3999691346153846 0.07252929567307692 0.40719521634615385 0.06966796875 0.4148688269230769 0.06566894471153846 0.4216396610576923 0.060527343750000004 0.42479938221153846 0.05595703125 0.42750771634615387 0.046245117788461534 0.4266049375 0.04166992307692308 0.4189313269230769 0.02453125 0.41757716105769227 0.015385742788461538 0.41757716105769227 0.005673829326923077 0.4198341057692308 0 0.3259297836538462 0
0 0.22384259375 0.19337402403846154 0.21012345673076924 0.18779296875 0.19787037019230772 0.18469238221153847 0.18807098798076924 0.18283203125 0.17925154326923076 0.19213378846153845 0.16945216105769229 0.19709472596153846 0.16209876442307694 0.20329589903846154 0.15964892067307693 0.2101171875 0.15817901201923076 0.2206640625 0.16650848798076925 0.2219042956730769 0.1753317908653846 0.2194238269230769 0.1772916658653846 0.2194238269230769 0.1831712956730769 0.22004394471153846 0.18660107932692307 0.22252441346153845 0.1899575625 0.22606445192307692 0.19934027884615385 0.22810546874999998 0.20570987740384616 0.22872558653846153 0.21992283894230769 0.22810546874999998 0.2360918221153846 0.21446289182692307 0.2375617283653846 0.2113574230769231 0.23413194471153845 0.19771484375 0.22384259375 0.19337402403846154
0 0.10981095673076924 0.16708984375000002 0.09807484615384615 0.17337890625 0.09265432211538462 0.17794921875 0.08768904326923077 0.18880371153846154 0.09130015384615384 0.20251953125 0.09310570913461538 0.21394531249999998 0.09807484615384615 0.21451660096153846 0.11251929086538462 0.20537597596153848 0.12290509375 0.20309081971153847 0.13689814903846154 0.20766113221153845 0.13825231490384615 0.20766113221153845 0.14186728365384615 0.19794921875 0.14412422836538463 0.18080566346153845 0.14096064903846153 0.17909179567307693 0.12877314903846154 0.16937988221153846 0.12200231490384615 0.16651855528846154 0.10981095673076924 0.16708984375000002
0 0.05853394951923077 0.06708984375 0.0747878076923077 0.06365722596153846 0.09103780769230768 0.060229492788461535 0.11162422836538462 0.0616015625 0.13871527884615384 0.07051757692307692 0.15225694471153847 0.08011718749999999 0.18368055528846156 0.09245605528846154 0.18747299278846155 0.08834472596153847 0.18693287019230767 0.08217285096153847 0.17988811778846153 0.06502929807692308 0.17392746874999998 0.05611816346153846 0.15442515384615385 0.04720214903846154 0.14413194471153845 0.03966308653846154 0.11975308653846153 0.02251953125 0.10241512259615385 0.016347656250000002 0.08941357932692308 0.017719725961538462 0.07315972115384616 0.021831055288461538 0.06503472115384615 0.02389160096153846 0.039031634615384614 0.0554296875 0.04173996875 0.06640136778846153 0.05853394951923077 0.06708984375
0 0.6886265432692308 0.3174902355769231 0.6920138894230768 0.30999023557692307 0.6776195985576923 0.29498535096153844 0.6725385793269231 0.2842675769230769 0.6674575625 0.27891113221153846 0.6539120360576922 0.27891113221153846 0.6335879639423077 0.2842675769230769 0.6302006177884615 0.2917675769230769 0.6276620360576923 0.29498535096153844 0.6107253076923077 0.30248535096153845 0.6098804014423077 0.30677246153846155 0.6132677475961539 0.31427734375 0.6141126538461539 0.31427734375 0.6191936730769231 0.3164160168269231 0.6268171298076923 0.32284668028846153 0.6378240745192307 0.3271337884615385 0.6471373461538461 0.3399951177884616 0.6564506177884616 0.33570800721153843 0.67084490625 0.3271337884615385 0.6801620360576923 0.32284668028846153 0.6886265432692308 0.3174902355769231
0 0.39943672836538463 0.2700439447115385 0.3957793221153846 0.2592431634615385 0.3872453701923077 0.24380859375 0.3750501538461538 0.24072265625 0.35066357932692305 0.24226562499999998 0.3348148149038461 0.24689453125 0.32018132692307694 0.26232910096153844 0.2982330240384615 0.2746728509615385 0.2872608028846154 0.28393554807692306 0.28360339423076925 0.29473632932692306 0.27994212980769234 0.30862304567307697 0.28116512259615384 0.3225146490384615 0.29457561778846153 0.3456640625 0.3055516971153846 0.35955078125 0.31896219230769235 0.3749853509615385 0.35066357932692305 0.37189453125 0.37260802403846155 0.3580078125 0.37627314903846154 0.33793945432692307 0.39943672836538463 0.2808496081730769 0.39943672836538463 0.2700439447115385
0 0.9250810192307692 0.19091796875 0.9158719134615385 0.19503418028846153 0.9099112644230769 0.20051757692307692 0.9023263894230769 0.20874511778846155 0.8958256177884615 0.21560546875 0.8952854927884615 0.22451660096153844 0.8974537043269231 0.23411621153846152 0.9072029326923077 0.248515625 0.9126234567307693 0.2519433581730769 0.9234567908653847 0.25262695192307694 0.9299575625000001 0.2519433581730769 0.9321257716346154 0.2519433581730769 0.93375 0.24988769471153846 0.941875 0.24166015625 0.9462114206730768 0.23686035096153846 0.9505439807692307 0.22657226682692308 0.9505439807692307 0.21491699278846152 0.9472955240384615 0.20120605528846153 0.9429591057692307 0.18749023317307692 0.9424189807692307 0.18680663942307693 0.9348341057692308 0.18543456971153846 0.9332098774038461 0.18886230528846154 0.9250810192307692 0.19091796875
0 0.94834490625 0.5029931634615384 0.951288579326923 0.4903417980769231 0.951875 0.47322265625 0.951875 0.4553613293269231 0.951875 0.4464355456730769 0.951875 0.44122558653846156 0.9506983028846154 0.43303711057692307 0.9465817908653846 0.4308056634615385 0.9307060192307692 0.4308056634615385 0.9230632716346154 0.43005859375 0.9124768509615385 0.4308056634615385 0.9060108028846153 0.44122558653846156 0.9024807091346154 0.4523876947115385 0.9118904326923077 0.45833984375000003 0.9195331778846154 0.48662109374999996 0.9212962956730769 0.49332031249999997 0.9218865745192308 0.4977832019230769 0.9295293221153845 0.5119238293269232 0.9354089495192308 0.5134130865384615 0.9389390432692307 0.5141552740384616 0.9477584879807692 0.5119238293269232 0.94834490625 0.5029931634615384
0 0.7158101850961539 0.9560986322115385 0.7200424375 0.9528857427884615 0.7225848774038461 0.9443115240384615 0.7166550937499999 0.9239501947115384 0.7014158942307692 0.9228759759615385 0.694641204326923 0.92501953125 0.6827854927884616 0.9260937499999999 0.6785532403846154 0.9282373052884616 0.6599228389423076 0.9368115240384616 0.6590779326923077 0.9485986322115385 0.6700848774038461 0.9603857427884616 0.6768595673076923 0.967890625 0.6861728389423077 0.9603857427884616 0.6895601850961538 0.95931640625 0.7158101850961539 0.9560986322115385
0 0 0.46503906250000004 0.00045138942307692306 0.4687597668269231 0.002804783653846154 0.47173828125 0.005158177884615385 0.47471191346153846 0.009861110576923078 0.4762011706730769 0.015740740384615384 0.4776904302884616 0.01868055528846154 0.4784326177884616 0.02162037019230769 0.4806689447115385 0.024560185096153844 0.4829003894230769 0.03632330288461538 0.48513183653846154 0.045142747596153845 0.4776904302884616 0.048082562499999995 0.47248046875 0.049845677884615386 0.4642919927884615 0.050435956730769234 0.45685058653846156 0.04866898076923077 0.4427099615384616 0.04572916586538462 0.4389892572115385 0.03103009375 0.43526855528846153 0.02691357932692308 0.43452636778846154 0.007507716346153845 0.43452636778846154 0 0.43601562499999996 0 0.45461913942307697 0 0.46503906250000004
0 1 0.155546875 0.9993904326923077 0.10985839903846153 0.9567901225961539 0.13081054567307693 0.9407330240384616 0.13841308653846154 0.9362191346153845 0.1479296875 0.9332098774038461 0.15681640624999998 0.9372222211538461 0.17268066346153846 0.9512615745192308 0.20060058653846152 0.9668016971153846 0.22153808653846155 0.9893634254807692 0.22915039182692307 1 0.20630859375000002 1 0.155546875
0 0.8181520072115384 0.28298339903846154 0.8197839495192307 0.29125 0.8234143509615385 0.294921875 0.8404706778846154 0.2907861322115385 0.8506288581730769 0.28986816346153843 0.8549845673076923 0.28642578125 0.8580671298076923 0.27999511778846153 0.8578858028846154 0.27356445432692306 0.8566165120192307 0.26828613221153846 0.8526273149038462 0.25933105528846156 0.8506288581730769 0.2531298822115385 0.8431905865384616 0.2471582043269231 0.8348456778846154 0.24486328124999998 0.8270447524038461 0.2439453125 0.8221450625 0.24325683653846156 0.8148881177884615 0.24302734374999999 0.8098070985576923 0.2480761706730769 0.8034567908653846 0.25129394471153843 0.8014621923076923 0.2568017572115385 0.8005555552884616 0.2666796875 0.8098070985576923 0.27264648317307694 0.8159760793269231 0.2779296875 0.8181520072115384 0.28298339903846154
0 0.03721450721153846 0.4881201177884616 0.04022376442307692 0.5000244134615385 0.046246141826923076 0.516689454326923 0.048877314903846156 0.5247802740384615 0.05076003125 0.5290673822115385 0.055648149038461533 0.535732423076923 0.061292437500000005 0.5395410144230769 0.06994598798076923 0.5366845697115384 0.07671682211538461 0.5333544927884616 0.08160879567307691 0.5343066394230769 0.08386574038461539 0.5309716802884615 0.0883796298076923 0.5204980456730769 0.10079861057692309 0.5114501947115385 0.10456018509615385 0.5066894543269231 0.10756944471153845 0.5024023437499999 0.10869598798076924 0.5019287115384615 0.10832175961538462 0.49573730528846155 0.10493441346153845 0.49383300721153844 0.09552855048076923 0.49002441346153847 0.08612268509615384 0.48573730528846154 0.0797299375 0.48240234374999996 0.0737075625 0.48049804567307697 0.05903549278846154 0.48097656250000004 0.0496296298076923 0.47859375 0.04060185096153846 0.47764160096153846 0.038719134615384614 0.47907226442307693 0.03721450721153846 0.4881201177884616
0 0.09425154326923077 0.37069824278846153 0.09989197596153845 0.3821240240384615 0.09876543269230768 0.3935546875 0.10177469230769232 0.42021972596153845 0.10591435096153846 0.411171875 0.11042824038461538 0.39641113221153845 0.12020833413461539 0.38736328124999997 0.1360108028846154 0.3830761730769231 0.14993055528846153 0.371171875 0.16798996875 0.36212890625 0.1747608028846154 0.3564111322115385 0.17702160576923076 0.34308105528846156 0.17626543269230768 0.34069824278846156 0.17024691346153847 0.3368896490384615 0.16159336538461538 0.33451171875 0.14315972115384615 0.32688964903846157 0.1360108028846154 0.32165527403846156 0.12284336538461539 0.32165527403846156 0.1149421298076923 0.3230810552884616 0.10967592548076924 0.3240332019230769 0.09801311778846154 0.3364160144230769 0.09537808653846154 0.34212890625000003 0.09425154326923077 0.37069824278846153
0 0.29701388942307694 0.4135644519230769 0.31896219230769235 0.3749853509615385 0.2921296298076923 0.35493163942307693 0.25677855048076925 0.33177246153846157 0.23604938221153848 0.3209716802884615 0.22141589423076924 0.3178857427884615 0.20556327163461538 0.31171386778846155 0.1884953701923077 0.33177246153846157 0.18727623557692308 0.33485839903846154 0.1604513894230769 0.35029296875000004 0.16410879567307693 0.3641796875 0.1263078701923077 0.3888720697115385 0.11533564903846154 0.39350097596153844 0.10802083413461538 0.43362304567307697 0.10679783894230768 0.47220703125 0.11045910576923078 0.47837890625 0.1116782403846154 0.4830078125 0.11533564903846154 0.48609375 0.13972222115384614 0.48609375 0.14947530769230769 0.48146484375000004 0.16288966105769231 0.48146484375000004 0.17386188221153848 0.48455078125 0.1799575625 0.492265625 0.1836188269230769 0.4953515625 0.22385416586538462 0.5123291009615385 0.23726851923076925 0.492265625 0.2421450625 0.46603027403846153 0.2653163581730769 0.4397949230769231 0.29701388942307694 0.4135644519230769
0 0.5741666658653846 0.053730468749999996 0.5753896610576923 0.05114746153846154 0.5762075625 0.04494628846153846 0.5762075625 0.03150878846153846 0.5725308653846154 0.022719725961538463 0.5708989206730769 0.018588867788461538 0.5668171298076923 0.014970701923076923 0.5606905865384616 0.00669921875 0.5549729927884616 0.0015332043269230768 0.5492554014423077 0.0020458990384615385 0.5455825625 0.004116211538461539 0.5435378076923076 0.011870117788461539 0.5349652788461539 0.023754882211538462 0.53169753125 0.030991211538461537 0.5292476850961538 0.041845704326923076 0.5296566346153846 0.048046875 0.53169753125 0.05321289182692308 0.5419058653846154 0.055278319711538466 0.5492554014423077 0.05838378846153846 0.5557908942307692 0.05424804567307692 0.5587692908653846 0.05393554807692307 0.5741666658653846 0.053730468749999996
0 0.31323688221153845 0.8688916009615385 0.3164891971153846 0.8721826177884615 0.3522453701923077 0.8680712884615385 0.3977507716346154 0.857373048076923 0.4224575625 0.8458544927884616 0.42570601923076923 0.8376269519230769 0.43675925961538464 0.8063623052884614 0.47901620432692305 0.7956640625 0.49461805528846153 0.7973095697115385 0.4933179014423077 0.7931982427884615 0.48421682211538464 0.77673828125 0.4582137355769231 0.7421826177884616 0.44911265384615384 0.7224365240384615 0.4016512355769231 0.6887011706730769 0.38344907451923077 0.6780029302884615 0.3678472211538461 0.6747119134615385 0.35614583413461537 0.6706005865384616 0.3515933653846154 0.666484375 0.3359915120192308 0.6483837884615385 0.3294907403846154 0.6393310552884616 0.31128857932692305 0.6319287115384615 0.2982831778846154 0.6360400384615384 0.2787808653846154 0.6418017572115384 0.27813271634615383 0.6516748052884616 0.28528163461538464 0.6673095697115384 0.30738811778846153 0.8310449230769231 0.3164891971153846 0.8475 0.31323688221153845 0.8688916009615385
0 1 0.22684570192307693 0.9916628076923076 0.23027831971153848 0.9732445985576923 0.24124511778846153 0.9559645072115385 0.2522167956730769 0.9488657403846154 0.2590722668269231 0.9580748461538462 0.2796435552884616 0.9607831778846154 0.28375976442307693 0.966203704326923 0.30021484375 0.9716203701923077 0.3296972668269231 0.9743827163461538 0.33586914182692307 0.9889544759615384 0.3406689447115384 1 0.3379248052884615 1 0.31049804567307693 1 0.27758788942307694 1 0.22684570192307693
0 0.67165509375 0.36398437499999997 0.6766628076923078 0.3650878918269231 0.6882021610576923 0.36619140624999996 0.6914660504807693 0.3670166009615385 0.6936458341346154 0.36426269471153844 0.6958217596153846 0.3606787115384616 0.6988695985576924 0.3628808605769231 0.7014814807692308 0.3601269543269231 0.7019174375 0.3515869134615385 0.6988695985576924 0.34607421875 0.6960378076923077 0.3391845697115385 0.69125 0.3378076177884616 0.6873302475961538 0.33808105528846155 0.6801466057692308 0.3391845697115385 0.6766628076923078 0.3378076177884616 0.671435185096154 0.33615234374999997 0.6609876538461539 0.3356005865384616 0.6596797836538462 0.3372558605769231 0.6570679014423076 0.34083984375000004 0.65576003125 0.34579589903846153 0.65576003125 0.35461425721153844 0.6577199062500001 0.36040039182692307 0.6627276225961538 0.36426269471153844 0.6646875 0.36398437499999997 0.67165509375 0.36398437499999997
0 1 0.7592431634615384 0.9810570985576923 0.7700439447115385 0.955451389423077 0.7669580072115385 0.9395987644230769 0.7561572259615384 0.9176504639423076 0.7299218749999999 0.8932638894230769 0.7052294927884616 0.8749768509615384 0.6805371081730769 0.8688773149038462 0.6712792956730769 0.829861110576923 0.6527587884615385 0.8079128076923077 0.6481298822115384 0.7944984567307691 0.6450439447115385 0.7737692908653847 0.6419580072115385 0.7676736105769231 0.6435009759615385 0.7591396610576923 0.655849610576923 0.748163579326923 0.6712792956730769 0.7384104927884615 0.6897998052884616 0.7323148149038462 0.7144873052884615 0.7262191346153847 0.73609375 0.7189004639423077 0.7715869134615385 0.717681326923077 0.799365233173077 0.7371913581730769 0.807080079326923 0.7688927475961538 0.7854785168269232 0.7762114206730769 0.7839355480769231 0.7920601850961538 0.7931933581730769 0.7798688269230769 0.7901074206730769 0.7932793221153845 0.7947363269230769 0.799378858173077 0.7962792956730769 0.8201041658653847 0.8086230456730769 0.8444907403846155 0.8209716802884616 0.8505902788461538 0.8271435552884616 0.8615625 0.8456640624999999 0.8640007716346154 0.86880859375 0.8640007716346154 0.8811572259615384 0.8640007716346154 0.8996728509615385 0.8725347211538461 0.916650389423077 0.8859490745192308 0.9274511706730769 0.8993634254807692 0.9336230456730769 0.9298456778846155 0.9382568365384615 0.9481365745192308 0.9382568365384615 1 0.9382568365384615 1 0.9274511706730769 1 0.912021483173077 1 0.7700439447115385 1 0.7592431634615384
0 0.11027392067307693 1 0.11381944471153846 0.9894921875 0.11381944471153846 0.96408203125 0.1079128076923077 0.9476416009615385 0.10319058653846154 0.94166015625 0.04886188221153846 0.9147558581730769 0.019336420673076924 0.9147558581730769 0.0075231490384615385 0.91625 0 0.9820166009615385 0.0028009254807692305 0.9865039062500001 0.02169753125 1 0.07248070913461538 1 0.11027392067307693 1
0 0.31761574038461543 0.22613769471153844 0.3277739206730769 0.23280273317307693 0.33416666586538457 0.22804199278846154 0.3360493822115385 0.20375488221153845 0.33943672836538463 0.18471191346153845 0.33115740625 0.17756835817307692 0.31798996875 0.18185546875 0.3089621923076923 0.18947265625 0.2901504639423077 0.20232910096153847 0.29692129567307696 0.20470703125 0.3097145072115385 0.21232910096153848 0.31761574038461543 0.22613769471153844
0 0.7972608028846154 0.4416455072115385 0.7913927475961539 0.43307617307692303 0.7886844134615385 0.4273583990384615 0.7814621923076923 0.42164550721153843 0.7724305552884616 0.41878906250000003 0.7643055552884616 0.4147900384615385 0.75482253125 0.40964843749999996 0.7453433653846153 0.40507812499999996 0.73857253125 0.40336425721153846 0.7286381177884615 0.39821777403846154 0.7236728389423077 0.39650390625000004 0.7119328701923078 0.39421875 0.7042592596153846 0.39479003846153843 0.6952314807692308 0.40164550721153847 0.6898109567307693 0.40736328125 0.6875540120192307 0.40964843749999996 0.6861998461538461 0.4176464855769231 0.6916203701923076 0.42678710817307697 0.6938773149038462 0.43193359374999996 0.6956828701923077 0.43364746153846156 0.70290509375 0.43421875 0.7101273149038462 0.43421875 0.7159992283653847 0.43421875 0.7349614206730769 0.43936035096153847 0.7471489206730768 0.4450732427884615 0.7579861105769231 0.45021484375000004 0.7719791658653846 0.4559277355769231 0.7796566346153846 0.4582128894230769 0.7941010793269231 0.4639306634615385 0.8198341057692308 0.47764160096153846 0.8117091057692308 0.4667871081730769 0.8053896610576923 0.45649902403846154 0.8013271610576923 0.4496435552884615 0.7972608028846154 0.4416455072115385
0 0.6117322524038461 0.19688964903846154 0.6056095673076923 0.18965331971153845 0.5815162043269231 0.18861816346153845 0.5782484567307692 0.20205566346153844 0.5725308653846154 0.21497558653846155 0.5615084879807692 0.22376464903846155 0.5537500000000001 0.23875 0.5553819447115385 0.25063964903846153 0.5610995360576922 0.2563232427884615 0.5721257716346154 0.2630419927884616 0.5778395072115384 0.2671777331730769 0.5929513894230769 0.2718261730769231 0.5970331778846154 0.2707958990384615 0.6031597211538462 0.26872558653846157 0.6133680552884615 0.2614892572115385 0.6203086418269231 0.24598632692307693 0.6235763894230769 0.23100097596153846 0.6190856490384615 0.21704589903846155 0.6117322524038461 0.19688964903846154
0 0.49166280769230764 0.6391162115384615 0.4943711418269231 0.6391162115384615 0.4961766971153846 0.63283203125 0.49978780769230774 0.6225488293269231 0.5119791658653846 0.6076904302884615 0.5291358028846154 0.58826171875 0.550806326923077 0.57455078125 0.5557716057692308 0.5665527331730769 0.5458410504807693 0.54541015625 0.5372608028846154 0.544267579326923 0.5250733028846154 0.544267579326923 0.5133333341346155 0.5499804687500001 0.5088194447115385 0.5608349615384616 0.5052083341346154 0.57912109375 0.4961766971153846 0.5974072259615385 0.48308642067307694 0.6111181634615385 0.4749575625 0.61912109375 0.4668325625 0.631689454326923 0.46547839423076925 0.6356884759615385 0.4763117283653846 0.6339746105769231 0.4803780865384616 0.6334033197115385 0.49166280769230764 0.6391162115384615