0 0.33460841105769235 0.24268229086538462 0.3581327163461539 0.24132523076923076 0.37622878125000003 0.20603877403846155 0.3708005408653846 0.15717881971153844 0.34636959855769234 0.16803530048076926 0.3300829471153846 0.15989293990384615 0.28665316346153846 0.2168952548076923 0.2884625769230769 0.25353877403846153 0.30836805528846156 0.22639467548076922 0.33460841105769235 0.24268229086538462
0 0.09573688221153846 0.14903356490384614 0.14278742307692308 0.15989293990384615 0.14188271634615385 0.14631944471153846 0.16993248557692306 0.08931712980769231 0.15002507692307693 0.04317129567307692 0.12921489182692308 0.08660300961538461 0.09573688221153846 0.14903356490384614
0 0.6096701394230769 0.014670139423076923 0.5960995360576923 0.017384259615384614 0.5562866514423077 0.02688368028846154 0.5228086418269231 0.08524594951923076 0.5047125769230769 0.10831886538461538 0.5164756947115385 0.11510416586538462 0.5327623461538461 0.19517939903846154 0.561714891826923 0.219609375 0.5834317139423078 0.22368055528846156 0.6214332572115384 0.11239004567307692 0.6331963725961539 0.09338831009615384 0.6187191346153846 0.05267071875 0.6096701394230769 0.014670139423076923
0 0.5128549375 0.12188946875 0.4775675144230769 0.13410590384615384 0.44680362740384616 0.1531047451923077 0.43323302403846153 0.18567997596153846 0.43413773076923073 0.19246527884615386 0.45856674278846155 0.21282407451923074 0.4929494591346154 0.25353877403846153 0.5155709879807693 0.2657552091346154 0.5399999999999999 0.26439814903846154 0.5399999999999999 0.22503761538461536 0.5300482259615384 0.1870370360576923 0.5164756947115385 0.13817708413461538 0.5128549375 0.12188946875
0 0.8616608798076922 0.22897569471153847 0.884463735576923 0.2664322908653846 0.9072646610576923 0.2550318293269231 0.9029205240384616 0.22083043990384615 0.8996643509615385 0.15894097115384614 0.8703472211538461 0.10682581009615386 0.8464602620192309 0.05796585576923077 0.7910860336538461 0.059592014423076926 0.7302835649038462 0.049820600961538467 0.7096527788461539 0.06447916586538462 0.681423610576923 0.16708622596153846 0.7172530865384614 0.19640046394230767 0.7454841826923077 0.18337094951923077 0.8616608798076922 0.22897569471153847
0 1 0.043188656250000006 0.9625308653846154 0.11969039423076923 0.9223572524038463 0.17669560096153847 0.9093267740384616 0.18972222115384613 0.9028125 0.21903935096153845 0.9310435961538462 0.2288107644230769 1 0.22254340384615384 1 0.043188656250000006
0 0.5235127307692308 0 0.48695987740384616 0.03174189903846154 0.4967322524038461 0.08223090384615385 0.5217052475961539 0.08060185096153846 0.5575347211538462 0.030115740384615383 0.5317226081730769 0 0.5235127307692308 0
0 0.15254050961538462 0.7263686346153846 0.19162808653846156 0.7540567139423077 0.23288773076923078 0.7442824062500001 0.3284375 0.6481915504807693 0.3642669759615385 0.6074768509615385 0.36318094230769227 0.56350115625 0.31975115625 0.4755555552884615 0.3012924375 0.42506655048076925 0.26546103365384616 0.4087789350961539 0.23614583413461537 0.4201793990384616 0.20357253125 0.45112557932692304 0.12431134375 0.5325578701923077 0.08413773076923078 0.5977054399038462 0.10368055528846153 0.6970515048076924 0.13625385817307692 0.7068258100961539 0.15254050961538462 0.7263686346153846
0 1 0.4263686346153846 0.9538445216346154 0.38271990624999996 0.9397280096153846 0.30780092548076926 0.7736053245192308 0.1921672451923077 0.7214872692307692 0.19868055528846154 0.6976003076923077 0.2247395841346154 0.6889139663461539 0.2833709495192308 0.6248533942307692 0.3371180552884615 0.5868518509615385 0.45112557932692304 0.5705651995192308 0.5602459495192308 0.5727372692307692 0.659592014423077 0.5673070985576923 0.6823958341346154 0.57490740625 0.7117100697115385 0.5423341057692308 0.7670862259615384 0.5629648918269231 0.944609375 0.5673070985576923 0.9413512740384615 0.650912423076923 0.8973784711538462 0.7866338725961538 0.8762065961538461 0.8800115745192307 0.8778356490384615 0.9712172067307693 0.9169212956730769 1 0.9452083341346154 1 0.4263686346153846
0 1 0.9615653942307693 0.9994463725961539 0.9478674759615384 0.9266994591346154 0.8973784711538462 0.7768614975961537 0.8810908557692307 0.6476543221153845 0.9087789350961538 0.5705651995192308 0.9429803245192308 0.5623456778846154 1 1 1 1 0.9615653942307693
0 0.25842013942307696 1 0.36752507692307695 0.9967274302884616 0.38055362740384613 0.9788107644230769 0.4413580240384615 0.9739265048076924 0.4587307091346154 0.9641521995192307 0.45113040144230765 0.931579860576923 0.4131269278846154 0.90389178125 0.3382079471153846 0.8436313653846154 0.30997878125 0.7980295144230769 0.21768711538461538 0.7735995360576923 0.18294367307692308 0.8110590288461539 0.15905478365384618 0.8468894687499999 0.17751350240384617 0.8696903942307692 0.20432677403846153 1 0.25842013942307696 1
0 0 0.9999334495192307 0.19814429086538463 0.9950983798076922 0.17859953605769233 0.8990075240384615 0.15471257692307694 0.84037615625 0.11671103365384615 0.7328819447115384 0.08522376442307691 0.6074768509615385 0.03853394951923077 0.45763888942307696 0.05047839423076923 0.4185503461538461 0.08739390384615384 0.3517766201923077 0.09716628125000001 0.2507986105769231 0.10259452163461538 0.20682581009615383 0.07110725240384616 0.1644791658653846 0 0.17389178125000002 0 0.9999334495192307
0 0.25145447596153847 0.3950983798076923 0.2623128846153846 0.3739265048076923 0.27968557211538464 0.3527517355769231 0.2829436730769231 0.3266956009615385 0.27859953605769233 0.2973784711538462 0.23516782451923077 0.25828993028846153 0.1949942139423077 0.2648061346153846 0.16133487740384614 0.2859780096153846 0.13961998557692307 0.3266956009615385 0.14939236057692307 0.39998553124999997 0.2025945216346154 0.44232928125000004 0.23299768509615384 0.4260416658653846 0.25145447596153847 0.3950983798076923
0 0.27827353365384616 0.3389091442307692 0.34559220673076924 0.35845196874999996 0.34776427403846155 0.3258796298076923 0.34776427403846155 0.25421875 0.30324652884615383 0.22327546394230768 0.2837037043269231 0.27050636538461537 0.27827353365384616 0.3389091442307692
0 0.46390625 0.9469444447115385 0.47747685096153847 0.862795139423077 0.5028125 0.78407696875 0.49466820913461534 0.7501475697115385 0.4648109567307692 0.7012876153846155 0.43042824038461536 0.65649884375 0.4023784711538462 0.6483564807692308 0.3797569447115385 0.6537847211538461 0.36980517067307694 0.6727864591346153 0.3643769278846154 0.6958593750000001 0.33904128125 0.7202893509615385 0.3209452163461538 0.7447193293269231 0.3091820985576923 0.7908622692307692 0.3643769278846154 0.8600810192307692 0.44128472115384615 0.9170862259615385 0.46390625 0.9469444447115385
0 0.3047492283653846 0.770642360576923 0.35722800961538465 0.71092303125 0.3753240745192308 0.6579918990384616 0.3708005408653846 0.6023466442307692 0.33913194471153846 0.6403472211538461 0.25769868749999997 0.731281829326923 0.23055362740384616 0.7529976850961538 0.24141203605769232 0.7828559038461538 0.28303240625 0.7923553245192309 0.3047492283653846 0.770642360576923
0 0.5743827163461538 0.6308478004807692 0.5689544759615385 0.613203125 0.5182851081730769 0.5643431706730769 0.4902353389423077 0.5453414350961538 0.46671103365384614 0.5684143509615385 0.44861496875 0.5887731490384616 0.43956597115384616 0.613203125 0.4232793221153846 0.6389901610576924 0.4151369591346154 0.6457754639423077 0.41242091105769235 0.6498495360576922 0.4621855721153846 0.691921295673077 0.5029031634615385 0.7652112259615385 0.5209992283653846 0.7828559038461538 0.5336670528846154 0.78014178125 0.5590007716346154 0.731281829326923 0.5689544759615385 0.6932783557692308 0.5662403557692308 0.65256365625 0.5743827163461538 0.6308478004807692
0 0.027876156250000002 0.07845775480769232 0.047781634615384615 0.10967592548076924 0.06225887259615385 0.11239004567307692 0.10387924278846154 0.06353009375 0.026066742788461536 0.005167824519230769 0.02063657451923077 0.059458911057692306 0.027876156250000002 0.07845775480769232
0 0.2890046298076923 0 0.2477449855769231 0.02959780048076923 0.2151716826923077 0.06895833413461538 0.20431519951923077 0.09474537019230769 0.22693480048076922 0.12188946875 0.23779320913461538 0.20196469951923077 0.27217592548076924 0.20196469951923077 0.30927276201923076 0.12324652884615385 0.3273688269230769 0.08660300961538461 0.29841435096153845 0.05267071875 0.3156057091346154 0.03231192067307692 0.2895756177884615 0 0.2890046298076923 0
0 0.4088020841346154 0.3729745360576923 0.431423610576923 0.36347511538461535 0.4531385024038462 0.3811197908653846 0.46309027884615384 0.4014756947115385 0.4513290889423077 0.5806307860576922 0.4576620360576923 0.573845485576923 0.5038078701923077 0.5575578701923077 0.5535725312499999 0.5982754639423077 0.5734780096153846 0.6172743052884615 0.5861458341346154 0.4313368052884616 0.6096701394230769 0.3689033557692308 0.6458641971153847 0.3146151610576923 0.570763889423077 0.3146151610576923 0.557191358173077 0.2725405096153846 0.5427141201923077 0.2793287043269231 0.49837962980769235 0.25761284615384616 0.4748533942307693 0.23725405048076925 0.44318480048076925 0.20603877403846155 0.42146990624999997 0.18975115625 0.3454648918269231 0.2508246538461539 0.34908371875 0.31732928125000004 0.3527044759615385 0.36483217548076924 0.3554185961538462 0.3607609951923077 0.4088020841346154 0.3729745360576923