0 1 0.5793595673076923 0.9992100697115384 0.5749729927884615 0.9950231490384615 0.5545081009615385 0.9713020841346154 0.5470659711538461 0.9112991899038462 0.5489255408653846 0.9224623846153845 0.5619502307692308 0.9112991899038462 0.5907889663461539 0.8889728004807692 0.623348764423077 0.909904514423077 0.6317206778846154 0.9531626153846153 0.6289293990384616 1 0.6003067139423077 1 0.5793595673076923
0 0 0.8403877307692308 0.022502894230769233 0.8525057860576923 0.07676793990384614 0.8279552475961538 0.11746817067307692 0.8143904326923077 0.11068576442307693 0.8021141971153847 0.08936631971153847 0.7943634254807692 0.06610821875 0.8008236875 0.03025462980769231 0.8202044759615384 0.01087384375 0.8279552475961538 0 0.8367592596153847 0 0.8403877307692308
0 0.5251302091346154 0.9264564038461539 0.5710561346153846 0.9233005408653846 0.60751446875 0.9128838725961538 0.6146151610576923 0.8958391201923077 0.6288194447115385 0.8674305552884616 0.6193518509615384 0.8402854927884615 0.60751446875 0.8024074062500001 0.59188946875 0.8030401225961538 0.555905670673077 0.809982639423077 0.5298668990384615 0.8342881947115385 0.5033506947115385 0.8623804014423077 0.5019299759615385 0.89646990625 0.49767071874999996 0.9081500769230769 0.4957754639423077 0.9176195985576924 0.5251302091346154 0.9264564038461539
0 0.4865422451923077 0.9246894278846154 0.4969589110576923 0.9246894278846154 0.4988541658653846 0.9048032403846153 0.48038773076923075 0.8849170528846154 0.4567158557692308 0.8779745360576924 0.44440393509615383 0.8830246923076923 0.43824942067307693 0.9076446754807692 0.44487847115384616 0.926267360576923 0.45387442067307693 0.9357368822115385 0.4865422451923077 0.9246894278846154
0 0.7606018509615384 0.8695351081730769 0.7613917812500001 0.85138503125 0.7507378461538461 0.8392862644230769 0.7361400456730769 0.8371817139423077 0.7215422451923076 0.8421797836538462 0.7207523149038462 0.8566473774038462 0.7243026610576924 0.8713773149038461 0.7385069447115384 0.8766377307692307 0.7606018509615384 0.8695351081730769
0 0.13025752403846155 0.6259008485576923 0.14988425961538462 0.6113213725961538 0.15381076442307692 0.61431134375 0.1723177091346154 0.6131905865384616 0.17512152884615384 0.6068344903846155 0.16446469951923076 0.5944965288461538 0.17736400480769232 0.577673610576923 0.15549189903846153 0.5720659711538462 0.12296875 0.55935378125 0.07530092548076923 0.5488869591346154 0.06184317067307692 0.557858795673077 0.06015914423076923 0.5855246923076923 0.07810474519230769 0.6135628846153847 0.10502314903846154 0.6229108798076923 0.13025752403846155 0.6259008485576923
0 0.3024189807692308 0.6602951394230769 0.32709201442307695 0.6363695985576924 0.32709201442307695 0.6184239975961539 0.32092303125000005 0.6079552475961538 0.3102690961538462 0.6057118052884616 0.2990538197115385 0.6019733798076923 0.28783854086538463 0.6105729158653846 0.27774305528846155 0.6296392740384615 0.2642853004807692 0.6573051706730768 0.28335069471153845 0.6595486105769232 0.3024189807692308 0.6602951394230769
0 0 0.6569579471153847 0.02314814903846154 0.6516975312500001 0.02707465384615385 0.6397337956730769 0.02146701442307692 0.6330034711538463 0.005763889423076924 0.6311342596153846 0 0.6351909711538462 0 0.6569579471153847
0 0.3602922451923077 0.5355401225961539 0.37374999999999997 0.5295582572115385 0.3771151610576923 0.5187172067307693 0.3726273149038462 0.510117670673077 0.3546846057692308 0.4992766201923077 0.34066261538461534 0.49254629567307695 0.3367390048076923 0.5018923605769231 0.3232783557692308 0.5119868822115385 0.31879340384615384 0.5190895072115385 0.32496238461538457 0.5261940576923076 0.3305700240384616 0.5325482259615385 0.3417853004807692 0.5362885793269231 0.3602922451923077 0.5355401225961539
0 0.78061053125 0.6223784711538461 0.8115653942307692 0.6187905096153846 0.8203125 0.6080227620192308 0.8243518509615384 0.5909760793269231 0.8256973389423077 0.5828993052884616 0.8263686346153847 0.5707870360576923 0.8129108798076923 0.5640586418269231 0.8068547451923076 0.5658526225961539 0.7853211802884614 0.5627121923076923 0.77993634375 0.5694405865384615 0.7678240745192307 0.577517360576923 0.7631134254807692 0.5905266201923077 0.7570572908653846 0.6071257716346155 0.76109375 0.6165470673076924 0.78061053125 0.6223784711538461
0 0.8014699062499999 0.42453510817307694 0.8068547451923076 0.41556134375 0.7954137740384616 0.4052430552884615 0.7752256947115386 0.40479552403846153 0.7658043990384615 0.4115239206730769 0.75100115625 0.4204976850961539 0.76109375 0.4317129639423077 0.7664785889423077 0.4357503846153846 0.7846469903846154 0.43619984615384616 0.8014699062499999 0.42453510817307694
0 0.6009346057692307 0.42004822596153846 0.6056452548076924 0.41376736057692304 0.613046875 0.40030864182692305 0.6150665504807692 0.39043981490384616 0.6157378461538462 0.3796720673076923 0.6177575240384615 0.3724942139423077 0.6137210649038461 0.36396990625000003 0.5975694447115385 0.3603819447115385 0.5874768509615385 0.36082947596153847 0.5598842596153847 0.36217592548076927 0.5423900456730769 0.3738406634615385 0.553828125 0.3886439038461538 0.5592129639423077 0.39537422836538466 0.5787268509615384 0.4101793990384615 0.6009346057692307 0.42004822596153846
0 0.21729166586538462 0.4383371923076923 0.22850694471153846 0.4316087956730769 0.23635706009615387 0.4248784711538462 0.24701388942307692 0.41889660576923077 0.25542534615384616 0.3987094903846154 0.24813368028846156 0.38487654326923076 0.24084490625 0.3762770072115385 0.2296296298076923 0.3714178245192308 0.20046875 0.3695486105769231 0.15280092548076923 0.3736612644230769 0.13149305528846153 0.3803896610576923 0.13149305528846153 0.38749228365384614 0.143828125 0.4024479158653846 0.15953124999999999 0.4245042427884615 0.17747685096153848 0.42861689903846156 0.21729166586538462 0.4383371923076923
0 0.18775752403846152 0.20150077163461538 0.17233506971153847 0.19744984615384614 0.15971643509615385 0.2039930552884615 0.14429687500000002 0.2130266201923077 0.13308159615384615 0.23140817788461537 0.1251359951923077 0.24262345673076924 0.1316782403846154 0.26879436778846155 0.13682002403846155 0.2865528557692308 0.15504340384615387 0.2915374230769231 0.1914959495192308 0.28561728365384614 0.20972222115384614 0.27377893509615386 0.21205729086538463 0.2522820216346154 0.20925347115384613 0.2077314807692308 0.20691840384615384 0.20430362740384614 0.18775752403846152 0.20150077163461538
0 0.38024594951923074 0.3205420528846154 0.40501446875 0.32209876442307694 0.41062210576923075 0.32334490625 0.42136863461538465 0.32490355048076924 0.4241724543269231 0.32209876442307694 0.4433333341346154 0.3018499230769231 0.44006365625000005 0.2893865745192308 0.43071759374999996 0.2815991514423077 0.3774421298076923 0.26913773076923075 0.35594618028846153 0.2682021610576923 0.34753472115384615 0.27163001442307694 0.34239293990384617 0.2784837956730769 0.3498697908653846 0.28471450721153846 0.3517390048076923 0.30621142067307694 0.3601504639423077 0.31680362740384616 0.36622685096153845 0.32833140384615384 0.38024594951923074 0.3205420528846154
0 0.2627719903846154 0.14639467548076923 0.29641782451923077 0.13368248557692308 0.3171672451923077 0.12246720673076922 0.30482928125000003 0.11087769951923078 0.29305266105769234 0.1030266201923077 0.2823987259615385 0.0876986875 0.26501446875 0.09704475240384616 0.22856192067307693 0.11573688221153847 0.21398148076923076 0.1318132716346154 0.23641493028846156 0.14639467548076923 0.25043402884615384 0.1613483798076923 0.25772280048076923 0.16022569471153847 0.2627719903846154 0.14639467548076923
0 0.42876157451923075 0.1269540889423077 0.46689525480769234 0.1194753076923077 0.4971788197115385 0.10527006250000001 0.5055902788461538 0.09517554086538461 0.4820370360576923 0.07573495432692308 0.4674565961538461 0.07349151201923078 0.4562413197115385 0.06115547836538461 0.43661458413461535 0.05741705288461539 0.42820312499999996 0.06825810096153846 0.4332494206730769 0.08994212980769231 0.43100694471153844 0.10227816346153847 0.4197916658653846 0.11984953605769232 0.42091145913461536 0.1235879639423077 0.42876157451923075 0.1269540889423077