0 0.8778414350961538 0.5916695600961538 0.8815798605769231 0.590546875 0.8827006177884615 0.5782089110576923 0.8789621923076923 0.5714814807692308 0.8703645841346154 0.5602633100961538 0.8636342596153846 0.5484895841346155 0.8498013124999999 0.5507320600961538 0.8449421298076923 0.5608246538461539 0.8449421298076923 0.5641898149038462 0.8479320985576924 0.5714814807692308 0.857652391826923 0.5843778942307692 0.8692418990384615 0.5933506947115385 0.8778414350961538 0.5916695600961538
0 0.5890007716346154 0.6874045144230769 0.5849633485576923 0.67865740625 0.5836168990384615 0.6557783557692307 0.5737461418269231 0.6524131947115385 0.5517650456730769 0.6638512740384616 0.5522125769230769 0.6759664350961538 0.5674652788461538 0.7042303245192307 0.578682485576923 0.7008651610576924 0.5890007716346154 0.6874045144230769
0 0.5086959879807693 0.727780670673077 0.5046585649038462 0.7264351850961539 0.5073495360576923 0.696154514423077 0.5042091057692308 0.6894241899038461 0.4920968365384616 0.6907696754807693 0.4763946754807692 0.696825810096154 0.47415123557692307 0.7042303245192307 0.4867129639423077 0.7365306706730769 0.49927469230769234 0.7412413197115384 0.5086959879807693 0.727780670673077
0 0.9391531634615385 0.5316637740384615 0.94513503125 0.5187673605769231 0.9387789350961538 0.49857928125 0.9298070985576923 0.4772685192307692 0.9215817908653846 0.46324942067307695 0.9159741514423078 0.45651909615384617 0.9129841826923077 0.4537152788461538 0.9088715288461539 0.4525954855769231 0.9062538581730769 0.4548379639423077 0.9043846442307693 0.45539930528846156 0.9017669759615384 0.4615653942307692 0.9047588725961538 0.48063368028846154 0.9129841826923077 0.5002604158653846 0.91821759375 0.5271788197115385 0.9298070985576923 0.5378327548076923 0.9391531634615385 0.5316637740384615
0 0.4500906634615385 0.8725839110576923 0.47481674278846153 0.8600376153846153 0.4744521610576923 0.8491840288461538 0.47517939903846157 0.8322193293269231 0.47118055528846153 0.8186400456730769 0.46717978365384616 0.8060387740384616 0.462816358173077 0.7984577548076923 0.4391801706730769 0.7427690961538461 0.4344540889423077 0.7351331009615384 0.39772762259615385 0.7379137740384615 0.38500192788461535 0.7509490745192308 0.38100115625 0.7537326394230769 0.36318287019230766 0.7956770841346154 0.3471836418269231 0.8436747692307692 0.37736496875 0.8605815961538461 0.4500906634615385 0.8725839110576923
0 0.32100308653846155 0.8186400456730769 0.3264583341346154 0.8344010408653847 0.3424575625 0.853000579326923 0.3693653557692308 0.7787673605769231 0.3722743052884615 0.7716782403846154 0.3820910504807692 0.7564033557692308 0.3846373461538462 0.7520949062500001 0.3897280096153847 0.7427690961538461 0.39118248557692303 0.736767939903846 0.39045524759615385 0.7329513894230769 0.3846373461538462 0.72640625 0.36027392067307695 0.7165885408653847 0.34427469230769236 0.711189235576923 0.32718557211538457 0.7165885408653847 0.3100945216346154 0.725859375 0.2999131947115385 0.7362239591346154 0.29227623557692306 0.7465856490384616 0.28973186778846155 0.7525868052884616 0.2900945216346154 0.7585850697115385 0.28973186778846155 0.7640943293269231 0.28136767067307694 0.7831307860576923 0.27991319471153847 0.7940393509615385 0.28209490625 0.8000405096153845 0.2864583341346154 0.8016753461538462 0.3137307091346154 0.8098582187500001 0.32100308653846155 0.8186400456730769
0 0.6537056322115385 0.8772077548076923 0.6554494591346154 0.8686979158653846 0.6598128846153847 0.8575723389423077 0.6589409711538461 0.8484085649038462 0.6606867283653847 0.8385908557692308 0.6628684423076923 0.8353182860576923 0.6654861105769231 0.8300810192307692 0.6672318677884616 0.8228819447115385 0.6702854927884616 0.8104456009615385 0.67203125 0.7973553245192307 0.6702854927884616 0.7757581009615385 0.6550135024038461 0.74892071875 0.6327604158653847 0.7587384254807692 0.6070158173076923 0.77837384375 0.5982889663461538 0.7953935192307693 0.5799614206730769 0.8248466442307693 0.5725443677884615 0.8372829855769232 0.570798610576923 0.8425173605769231 0.5721084110576923 0.86149884375 0.6523958341346153 0.8863715288461538 0.6537056322115385 0.8817881947115385 0.6537056322115385 0.8772077548076923
0 0.713483795673077 0.8477546298076923 0.7248302475961539 0.8398987259615385 0.7339930552884616 0.8333535889423077 0.7422839495192307 0.8235358798076924 0.7527565576923076 0.814375 0.7597376538461538 0.8065190961538462 0.76671875 0.7947366899038462 0.7763194447115385 0.7823032403846154 0.7780651995192307 0.77313946875 0.7750096442307692 0.7672482644230769 0.7715181322115385 0.759392360576923 0.7571199855769231 0.7325578701923077 0.7401022379807691 0.7279774302884616 0.7296296298076924 0.7233940961538461 0.7178472211538461 0.7338686346153847 0.7078125 0.74892071875 0.7034490745192308 0.743029514423077 0.689484954326923 0.747612846153846 0.6807581009615385 0.7600491899038461 0.6790123461538461 0.7705208341346155 0.6798861875 0.7764120360576924 0.6903587956730769 0.8451359951923076 0.7108661274038461 0.8516811346153846 0.713483795673077 0.8477546298076923
0 0.6381809423076923 0.6904600697115384 0.6503009254807692 0.68318865625 0.6536342596153847 0.6818258100961538 0.6524228389423077 0.67728009375 0.6496952163461539 0.66818865625 0.6493923605769231 0.65728009375 0.6448476081730768 0.6272829855769231 0.6454533173076923 0.6195543990384615 0.63696759375 0.6041001153846154 0.6351504639423078 0.6013744206730769 0.6321199855769231 0.597282985576923 0.6263618822115385 0.5963744206730769 0.6218171298076923 0.5931915504807692 0.6139390432692308 0.5981915504807692 0.6124228389423076 0.6004629639423077 0.6115142740384616 0.6091001153846154 0.6121199855769232 0.6163715288461538 0.6136361874999999 0.6236458341346154 0.6151504639423077 0.6341001153846153 0.6045447524038461 0.6559172451923078 0.6121199855769232 0.662734375 0.6336342596153847 0.6786429399038462 0.6381809423076923 0.6904600697115384
0 0.6706635793269231 0.601828704326923 0.6775733028846154 0.5952835649038462 0.6855729158653846 0.5881915504807692 0.6957542427884615 0.5745572908653845 0.7026639663461538 0.5680121538461539 0.7037538581730769 0.5620109951923077 0.7012094903846153 0.5560098389423077 0.6957542427884615 0.5527372692307693 0.6888445216346154 0.5412847211538462 0.6790277788461538 0.5445572908653846 0.6746643509615384 0.5380121538461539 0.6732098774038462 0.5325578701923077 0.6623013124999999 0.5172858798076923 0.6539371153846154 0.5052864591346153 0.6350289350961538 0.5549189807692307 0.6364834110576923 0.5680121538461539 0.6361207572115385 0.5701938653846154 0.6557561730769231 0.6051012740384615 0.6652102620192307 0.60782696875 0.6706635793269231 0.601828704326923
0 0.7848418221153846 0.6644444447115384 0.789205247596154 0.6688078701923076 0.7953877307692309 0.6671701394230769 0.8073861875 0.667717014423077 0.816840278846154 0.6628067139423077 0.8252044759615385 0.6578993052884615 0.8299324855769231 0.6508072908653847 0.8317496153846153 0.6420804399038461 0.8353858028846154 0.6289901610576922 0.8317496153846153 0.6158998846153847 0.8259317139423078 0.608263889423077 0.8190219903846153 0.6060821754807693 0.813931326923077 0.6033564807692308 0.8059317139423077 0.602265625 0.7964776225961538 0.6000839110576923 0.7873881177884615 0.6049913197115384 0.7775694447115384 0.6180815961538462 0.7706616514423076 0.6262644687500001 0.7681153557692307 0.6464438653846154 0.7819328701923076 0.6595341442307692 0.7848418221153846 0.6644444447115384
0 0.7342978389423076 0.7037152788461539 0.7357523149038462 0.7086255793269232 0.7412075625000001 0.7091695600961538 0.751388889423077 0.7118981490384615 0.7561168990384615 0.7135329855769231 0.7662982259615384 0.7178964110576923 0.7761149687500001 0.7140798605769232 0.77975115625 0.7037152788461539 0.7968422067307692 0.7048061346153845 0.7946604927884615 0.6988078701923077 0.7957503846153846 0.6895341442307692 0.7979320985576923 0.6786255793269231 0.7953877307692309 0.6737152788461539 0.79247878125 0.6704427091346153 0.7877507716346154 0.667717014423077 0.7852064038461539 0.6617158557692308 0.7801157403846154 0.6529890048076923 0.7753877307692308 0.6480815961538462 0.7575713725961539 0.6518981490384615 0.7393885024038462 0.6622627307692308 0.7288445216346153 0.6791695600961538 0.7342978389423076 0.7037152788461539
0 0.876111110576923 0.8041637740384615 0.8887654326923078 0.8100549759615384 0.8922569447115385 0.8041637740384615 0.8647665889423077 0.7210387740384616 0.8512403557692308 0.72431134375 0.8420775456730769 0.7380555552884616 0.8368402788461539 0.765546875 0.8416396610576923 0.795 0.8499305552884615 0.8100549759615384 0.8538580240384616 0.8054716442307692 0.876111110576923 0.8041637740384615
0 0.17454089423076924 0.7911892355769231 0.22166666586538464 0.8076851850961538 0.23789930528846154 0.79982928125 0.2420871923076923 0.7825520841346154 0.25151234615384616 0.7778385408653846 0.26879243750000004 0.7456365745192308 0.25936728365384615 0.7102922451923077 0.2305690576923077 0.6576678245192308 0.22218942788461538 0.65295428125 0.20857638942307694 0.6537413197115385 0.19234375 0.6851562499999999 0.17768325721153846 0.7244299759615385 0.17506558653846155 0.7409230312499999 0.17506558653846155 0.7676273149038462 0.17454089423076924 0.7911892355769231
0 0.10646990625 0.7951186346153847 0.13893518509615385 0.7864785889423077 0.14993055528846153 0.7770515048076923 0.1541203701923077 0.7707696754807691 0.1598804014423077 0.77548321875 0.17192322596153845 0.7778385408653846 0.17768325721153846 0.7574160889423076 0.1703530096153846 0.7424942139423076 0.13788773076923078 0.7228587956730769 0.10908950721153846 0.7063628461538461 0.10332947596153846 0.7786226850961538 0.10646990625 0.7951186346153847
0 0.15836033894230767 0.5265798605769231 0.13270447596153845 0.5281510408653847 0.11490162019230768 0.5525 0.12432677403846154 0.5587818293269231 0.14317708413461538 0.5627083341346154 0.17564043269230767 0.5564265048076923 0.17302276201923078 0.55014178125 0.15836033894230767 0.5265798605769231
0 0.1584567908653846 0.6251388894230769 0.1486361875 0.639079860576923 0.1475829471153846 0.6422366899038461 0.1498630408653846 0.651970485576923 0.15108989182692306 0.6548640048076924 0.1649440576923077 0.651970485576923 0.17230902884615384 0.6498640048076924 0.17984953605769233 0.639343170673077 0.17984953605769233 0.6148813653846154 0.16897762259615384 0.6130410889423077 0.1584567908653846 0.6251388894230769
0 0.1212442139423077 0.6815335649038462 0.11019675961538462 0.6957378461538462 0.12685570913461539 0.7102054399038462 0.1354494591346154 0.7130989591346153 0.1521084110576923 0.70915509375 0.15403742307692306 0.7062615745192308 0.15614197596153845 0.699157985576923 0.16262924278846155 0.6912673605769231 0.16315586538461538 0.6841666658653847 0.16192708413461537 0.6791666658653847 0.15473765384615384 0.6807465288461538 0.14684799278846156 0.6736429399038462 0.13597415144230768 0.6765364591346154 0.1212442139423077 0.6815335649038462
0 0.15133680528846155 0.6023090288461538 0.14775848798076924 0.5821064807692308 0.1321875 0.5691637740384615 0.12587384375 0.5647453701923077 0.1220871923076923 0.5697974543269231 0.11535300961538461 0.5868402788461539 0.11577353365384616 0.5912586802884615 0.12040316346153847 0.6038859951923077 0.13092399759615383 0.6218778942307692 0.1427083341346154 0.6266116899038461 0.1490219903846154 0.6158796298076923 0.15133680528846155 0.6023090288461538
0 0 0.7126012740384616 0.00829282451923077 0.7224652788461537 0.011957947115384615 0.7295341442307692 0.01405092548076923 0.73188946875 0.022430555288461537 0.72875 0.030808257211538462 0.7216811346153846 0.03656828605769231 0.7153964110576924 0.04442129567307692 0.7067563653846154 0.05122878125 0.6973321754807693 0.055941358173076924 0.6910474543269232 0.05489390384615385 0.6792679399038462 0.006720677884615385 0.6659143509615385 0 0.67134259375 0 0.7126012740384616
0 0.031855709134615384 0.7735185192307692 0.038138502403846156 0.7672337956730769 0.04180362740384615 0.7593807860576922 0.04285107932692308 0.7499565961538461 0.040233411057692306 0.743671875 0.03499614182692308 0.7373871538461538 0.029760802884615387 0.7279629639423076 0.022430555288461537 0.73188946875 0.011957947115384615 0.7491695600961539 0.011957947115384615 0.77037615625 0.024523533653846154 0.7735185192307692 0.031855709134615384 0.7735185192307692
0 0.24752121875000002 0.5142679399038461 0.25155478365384615 0.5176880793269231 0.25348379567307694 0.5187413197115385 0.2559375 0.5187413197115385 0.2603221442307692 0.517951389423077 0.2641801706730769 0.5124276610576923 0.26523148076923075 0.5013802091346153 0.26347800961538465 0.4969068293269231 0.25944444471153844 0.4919097211538462 0.25628857932692306 0.49006944471153846 0.24629243750000002 0.4745486105769231 0.24138310096153845 0.4727083341346154 0.23857831730769233 0.4732349543269231 0.23927855048076924 0.47691840384615386 0.23612268509615383 0.50032696875 0.23506944471153846 0.51295428125 0.23752507692307695 0.5126909711538462 0.24752121875000002 0.5142679399038461
0 0.18062114182692307 0.46839409615384614 0.16615355048076924 0.4835185192307693 0.16543595673076925 0.49206886538461536 0.18910879567307692 0.50521990625 0.19349344230769233 0.504140625 0.19473765384615385 0.4971701394230769 0.19491319471153845 0.4627141201923077 0.19421103365384618 0.458767360576923 0.19217785576923077 0.4589785889423077 0.18062114182692307 0.46839409615384614
0 0.9111593365384615 0.6555092596153845 0.9174401995192307 0.6534895841346154 0.9169907403846154 0.6447424759615384 0.9178877307692308 0.6285908557692307 0.9210281634615385 0.6057118052884616 0.9169907403846154 0.609748264423077 0.9071219134615384 0.6084027788461538 0.8680902788461539 0.5983072908653846 0.8573244591346154 0.6191695600961539 0.8568749999999999 0.6292621538461538 0.8730246923076923 0.6420486105769231 0.8891763125000001 0.6541608798076923 0.8977006177884616 0.6689670144230769 0.9111593365384615 0.6555092596153845
0 0.8707831778846155 0.759140625 0.8896257716346153 0.7941348389423077 0.8963541658653846 0.8015364591346154 0.9035320216346154 0.7995167812499999 0.9125038581730769 0.7826938653846154 0.9116126538461539 0.7524016201923077 0.9048784711538461 0.7214554399038462 0.9071219134615384 0.7113628461538462 0.8981481490384616 0.6656018509615385 0.8837924374999999 0.6440682860576923 0.8640528557692307 0.6642563653846154 0.8595659711538463 0.6736776610576923 0.8550810192307693 0.6804079855769231 0.8528375769230769 0.6979021995192307 0.8577719903846154 0.71876446875 0.8734741514423077 0.7362615745192307 0.8707831778846155 0.759140625
0 0.7765914350961538 0.8445225697115385 0.7623784711538462 0.867780670673077 0.7585011562499999 0.8765017355769231 0.7526871153846154 0.8939438653846155 0.7565644278846153 0.9046035889423076 0.7882195216346154 0.916232639423077 0.8399016201923076 0.9152633100961538 0.8482986105769231 0.8861921298076924 0.8373167427884615 0.8416174759615385 0.8095370360576923 0.8309577548076923 0.7856346442307692 0.8309577548076923 0.7765914350961538 0.8445225697115385
0 1 0.6258969903846154 0.9981770841346154 0.6226157403846154 0.9716898149038461 0.6749421298076924 0.9800868052884616 0.6972309038461538 1 0.7151504639423076 1 0.6258969903846154
0 1 0.42957175961538463 0.9780343365384615 0.42904224519230766 0.9627064038461538 0.4559577548076923 0.9645756177884616 0.4817563653846154 0.9742959110576923 0.48119502403846154 0.9922415120192307 0.5103559038461538 1 0.5054745360576923 1 0.42957175961538463