0 0.3456577932692308 0.9895399302884615 0.36925347115384616 0.9790133100961539 0.39565779326923073 0.9657233798076923 0.4069733798076923 0.9421701394230768 0.40881558653846156 0.9316435192307692 0.3727623461538461 0.9158564807692307 0.3526755408653846 0.8973032403846154 0.31583333413461534 0.8867766201923076 0.28337769951923075 0.8632233798076924 0.2658333341346154 0.8604600697115384 0.2561844134615385 0.8617766201923077 0.2632021610576923 0.9053298605769231 0.27635995432692306 0.9486197908653846 0.27188657451923076 0.9724334495192307 0.29828896634615387 0.9999334495192307 0.3456577932692308 0.9895399302884615
0 0.1485744591346154 0.8897106490384614 0.12725308653846154 0.8897106490384614 0.10958912019230768 0.8979340288461538 0.10045138942307694 0.9107262740384615 0.10166859615384616 0.9290017355769231 0.11141589423076924 0.9646383100961539 0.11689814903846153 0.9847395841346154 0.17903356490384617 0.9454484951923077 0.19182484615384615 0.91712384375 0.17720486057692308 0.9070717596153847 0.1485744591346154 0.8897106490384614
0 0.7744058653846154 0.9139265048076923 0.7811053245192308 0.8959490745192308 0.7881558653846154 0.88484375 0.7853356490384615 0.8721527788461538 0.7789891971153846 0.8589322908653846 0.7726446754807692 0.8520572908653846 0.7659471442307692 0.851530670673077 0.751140045673077 0.8599913197115385 0.7412692908653846 0.8663368052884616 0.7338657403846154 0.8737384254807693 0.7250540120192308 0.8991203701923076 0.73915509375 0.9223871538461539 0.7507870360576923 0.9435387740384615 0.7631269278846153 0.9377228004807693 0.7744058653846154 0.9139265048076923
0 1 0.6459866899038461 0.9965354927884615 0.6354600697115385 0.9560956778846154 0.6434866899038462 0.9333776995192308 0.6565133100961538 0.920131173076923 0.6855931706730769 0.920131173076923 0.7276967596153846 0.9158333341346154 0.77625 0.9351273149038462 0.827690971153846 0.9411844134615385 0.87625 0.9701311730769231 0.90125 0.9973244591346154 0.9421701394230768 1 0.6670399302884615 1 0.6459866899038461
0 0.08415702163461539 1 0.09769482932692308 0.9913078701923077 0.10911651201923077 0.9506973389423077 0.10277006250000001 0.9215104158653846 0.0507388125 0.8764583341346154 0.04100887259615385 0.8580555552884616 0.03085648076923077 0.8479021995192307 0.01604938221153846 0.8307696754807693 0.0012442139423076923 0.8117332187499999 0 0.8155410889423076 0 0.8301359951923076 0 0.9069155096153847 0 0.9995572908653846 0.038470293269230765 1 0.08415702163461539 1
0 0.6736400456730769 0.46322337980769235 0.6736400456730769 0.4341435192307692 0.6623244591346154 0.40532986057692305 0.6262712187499999 0.3579600697115385 0.5911844134615385 0.3196701394230769 0.5474131947115385 0.27098668990384617 0.5139911274038462 0.21717013942307692 0.49653549278846154 0.20269675961538464 0.46662230048076925 0.20651331009615384 0.44907986057692306 0.22098668990384615 0.3903067139423077 0.24730324038461537 0.32802662019230766 0.26848668990384617 0.30346450721153845 0.2815133100961539 0.2903954471153846 0.33940682932692307 0.2815354927884615 0.3920399302884615 0.27188657451923076 0.4684866899038462 0.2578510793269231 0.5473032403846154 0.2561844134615385 0.6040133100961539 0.2623244591346154 0.6670399302884615 0.3079378846153846 0.7276967596153846 0.35171103365384615 0.7803298605769231 0.3938155865384615 0.8000665504807691 0.4455709879807692 0.8013802091346154 0.5245177475961539 0.8249334495192309 0.5911844134615385 0.7842766201923077 0.6588155865384615 0.7382233798076924 0.7667110336538462 0.6382233798076923 0.7122376538461539 0.5461197908653846 0.6876755408653845 0.49874999999999997 0.6736400456730769 0.46322337980769235
0 0 0.8053877307692308 0.009915122596153847 0.8275983798076924 0.10192515384615385 0.86884259375 0.19465277884615384 0.9011400456730769 0.1890258485576923 0.8815335649038462 0.1509953701923077 0.8015798605769231 0.06951967548076923 0.7704890048076922 0.06139853365384615 0.7662991899038462 0.043757716346153844 0.7620486105769231 0.029672067307692306 0.7609693293269231 0.013807870192307694 0.7652228004807693 0 0.7763252307692308 0 0.8053877307692308
0 0.26608217548076923 0.16410879567307693 0.26851851923076925 0.15040219951923078 0.2666917427884615 0.13852430528846155 0.2618171298076923 0.13760995432692308 0.2459799375 0.12847222115384616 0.23623263942307693 0.12481770913461537 0.22161265384615386 0.13304108894230768 0.21125771634615387 0.14309317067307692 0.19724730048076924 0.15497106490384616 0.19480902884615384 0.156796875 0.21125771634615387 0.1951765048076923 0.22587769951923078 0.20431423557692308 0.24658950721153847 0.20248553125 0.25877121875 0.18238425961538463 0.26608217548076923 0.16410879567307693
0 0.23162230048076923 0.6841435192307692 0.21925347115384616 0.6645399302884616 0.19741319471153848 0.6342766201923078 0.1780266201923077 0.6145399302884615 0.1632021610576923 0.592170139423077 0.1376755408653846 0.5724334495192308 0.11057098798076924 0.5711197908653847 0.08328896634615385 0.5829600697115385 0.07460455288461539 0.5934866899038462 0.05355324038461539 0.6342766201923078 0.013991127403846153 0.6645399302884616 0.006184413461538461 0.686906829326923 0.0026755408653846152 0.7091435192307693 0.00521990625 0.7420399302884615 0.021008872596153846 0.7645399302884616 0.058815586538461535 0.7698032403846155 0.10609567788461538 0.7867766201923078 0.1508333341346154 0.813093170673077 0.19469328605769232 0.8394068293269231 0.19741319471153848 0.8158564807692308 0.23065779326923078 0.7342766201923077 0.23951774759615382 0.72375 0.23600887259615386 0.6999334495192309 0.23162230048076923 0.6841435192307692
0 0.5803703701923077 0.8314033557692307 0.5545659711538462 0.8288657403846155 0.5367978389423077 0.8250578701923076 0.5279147379807692 0.8275983798076924 0.5177623461538462 0.8377488437499999 0.5152237644230769 0.8504398149038461 0.5025327932692307 0.8821672451923077 0.5021103389423077 0.9075491899038461 0.5084548605769231 0.9113570600961538 0.544413579326923 0.9348350697115385 0.5609104927884615 0.9342013894230768 0.5727565576923077 0.9088194447115385 0.5875617283653847 0.8904166658653847 0.6044830240384615 0.8421903942307692 0.5989834110576923 0.834577545673077 0.5803703701923077 0.8314033557692307
0 0.7881558653846154 0.5738628461538462 0.7839255408653846 0.581796875 0.778285108173077 0.5976591442307693 0.7729957572115385 0.6203964110576923 0.7729957572115385 0.6293865745192307 0.7677083341346154 0.6463078701923077 0.7603067139423078 0.6642853004807693 0.7694714495192307 0.669045139423077 0.7959104927884616 0.6790914350961538 0.8124787812500001 0.6780353004807692 0.8248186730769231 0.6558275456730769 0.8121276995192308 0.6129947908653846 0.8001408173076924 0.5754513894230769 0.7941473774038462 0.5706915504807692 0.7881558653846154 0.5738628461538462
0 0.9130401225961537 0.9108506947115385 0.9150617283653847 0.89790509375 0.9018634254807693 0.8849594903846154 0.8790200625 0.875060764423077 0.8617611875000001 0.8819126153846154 0.8521161274038461 0.8956192139423076 0.8455169759615385 0.914655670673077 0.8587152788461538 0.9306481490384615 0.8754668221153845 0.9413078701923077 0.8927256947115385 0.9512065961538462 0.9054166658653846 0.9466377307692307 0.9130401225961537 0.9108506947115385
0 0.24500964423076924 0.12295138942307693 0.25176697596153846 0.11501736057692308 0.25088541586538465 0.10267939903846154 0.23413966105769232 0.08593460576923076 0.22003857932692308 0.08197048557692307 0.21093171394230767 0.08549479086538461 0.19859374999999999 0.09386863461538461 0.1830246923076923 0.10752893509615384 0.17068480048076923 0.118984375 0.16539737740384614 0.12912037019230768 0.16627893509615385 0.14013599519230768 0.18596257692307694 0.15864293990384615 0.21680748557692306 0.13793402884615386 0.23149691346153847 0.12823784615384615 0.24500964423076924 0.12295138942307693
0 0.17775269951923076 0.16045428125 0.15034143509615386 0.15497106490384616 0.13389467548076922 0.16136574038461537 0.1253645841346154 0.18238425961538463 0.11744598798076923 0.20888020913461539 0.10099922836538461 0.23720775480769232 0.10709105048076924 0.2600520841346154 0.1448591826923077 0.29477430528846155 0.20942901201923075 0.33771990625 0.22648726923076923 0.3121354158653846 0.23562307211538464 0.26553240625 0.21064814903846155 0.19334780048076924 0.1978549375 0.17690104086538463 0.17775269951923076 0.16045428125
0 0.45557677403846153 0.8745543990384615 0.44373263942307695 0.8720138894230769 0.42469521634615387 0.8808998846153846 0.4175038581730769 0.8916869206730769 0.40227430528846153 0.9100868052884615 0.4060821754807692 0.9246817139423077 0.4065046298076923 0.9456221057692308 0.3938155865384615 0.9633883100961539 0.3967766201923077 0.9963859951923077 0.5228375769230769 1 0.5537191346153846 0.9925781250000001 0.5647183653846154 0.9570428245192308 0.48053626442307695 0.884704860576923 0.4754591057692308 0.8834375 0.45557677403846153 0.8745543990384615
0 0.3602854927884615 0.16309317067307694 0.36263503125 0.15296006971153847 0.3594039350961538 0.1375376153846154 0.3505902788461538 0.11550347115384615 0.33413966105769227 0.1071296298076923 0.3197453701923077 0.11065682932692307 0.3074054783653846 0.11506365625000001 0.3053491514423077 0.11947048557692308 0.31005015384615386 0.1353327548076923 0.32797067788461537 0.14546875 0.33942708413461536 0.16000868028846152 0.3520601850961539 0.16089120432692308 0.3602854927884615 0.16309317067307694
0 0.6946932860576923 0.7473032403846154 0.6421489206730769 0.7657233798076923 0.5938155865384616 0.7604600697115385 0.6000443677884616 0.7973032403846154 0.60521990625 0.8276967596153846 0.6132021610576923 0.8854600697115385 0.62021990625 0.9316435192307692 0.6367978389423077 0.9657233798076923 0.6517978389423077 0.9959866899038462 0.7035532403846154 0.9973032403846154 0.7105709879807692 0.9709866899038461 0.7131134254807693 0.9183564807692307 0.7297800937500001 0.8882233798076923 0.7271489206730769 0.7948032403846154 0.7271489206730769 0.75125 0.7105709879807692 0.7473032403846154 0.6946932860576923 0.7473032403846154