0 0.16913966105769232 0.30340820192307694 0.17777777884615384 0.30209472596153847 0.1808179014423077 0.2994628894230769 0.18393904326923077 0.29591796875000004 0.1873804014423077 0.29328613221153843 0.18665894951923076 0.2903466802884615 0.18993827163461538 0.28873046874999997 0.18922067788461538 0.28498046875 0.18434027884615387 0.2818457043269231 0.17945987740384617 0.2794140625 0.17449845673076922 0.27728515625 0.17065972115384614 0.2757666009615385 0.16361882692307692 0.274453125 0.15633873557692307 0.27627441346153847 0.15001929086538462 0.27951660096153846 0.14209876442307692 0.2851855456730769 0.13770061778846154 0.2881201177884615 0.13282021634615385 0.29328613221153843 0.13793981490384616 0.2978417956730769 0.1435378076923077 0.30037109375 0.15057870432692308 0.30340820192307694 0.1573804014423077 0.30583984375 0.16289737740384616 0.30553710817307694 0.16673996875 0.3045214831730769 0.16913966105769232 0.30340820192307694
0 0.03517361057692308 0.4351464855769231 0.03787037019230769 0.4045849615384615 0.03378086538461538 0.38551269471153843 0.024818673076923075 0.3735449230769231 0.01486496875 0.36157226442307694 0.0015933653846153845 0.35422363221153846 0 0.35297363221153844 0.0002700625 0.45220214903846156 0.0087924375 0.45205566346153847 0.019969134615384614 0.4498681634615384 0.029297838942307693 0.44185058653846154 0.03517361057692308 0.4351464855769231
0 0.40003472115384614 0.3509765625 0.3973958341346154 0.3429785144230769 0.39371527884615387 0.33457519471153846 0.3892361105769231 0.33376464903846154 0.38483410576923077 0.33761230528846153 0.3805941346153846 0.3391308605769231 0.3769135793269231 0.3415625 0.3717168221153846 0.3436865240384615 0.36371527884615384 0.3451025384615385 0.3596334879807692 0.3482421875 0.35931712980769226 0.35502929807692307 0.3605169759615385 0.3637353509615385 0.35987654326923074 0.37153320192307693 0.36147376442307694 0.37294921875 0.3670756177884615 0.3692041009615385 0.3771566346153846 0.3660644543269231 0.3894753076923077 0.3624169927884615 0.39747685096153845 0.3560400384615384 0.40003472115384614 0.3509765625
0 0.58392746875 0.4029785144230769 0.5931172836538462 0.40256347596153846 0.5996797836538461 0.39404785096153844 0.6072299375 0.3847021490384615 0.616747685096154 0.3757714855769231 0.618881173076923 0.36663086057692307 0.6129745360576924 0.3624755865384615 0.6057523149038462 0.35500000000000004 0.5972183653846154 0.34814453125 0.5886844134615384 0.3473144519230769 0.5813001538461539 0.3450292956730769 0.5780208341346154 0.3404589831730769 0.5734259254807692 0.33505859375 0.5678433653846153 0.3302832019230769 0.5616087956730769 0.32986816346153847 0.5553742283653846 0.3336083990384615 0.5501195985576923 0.33879882932692307 0.5474961418269231 0.3425390625 0.5414236105769231 0.3390087884615385 0.5327237644230769 0.3400439447115385 0.5256674375 0.34274414182692303 0.5207445985576923 0.34814453125 0.5184490745192307 0.3589453125 0.5172993822115385 0.3774316394230769 0.5169714495192308 0.38989257692307694 0.5156597211538462 0.39799316346153846 0.5166435192307692 0.4052636706730769 0.5197608028846153 0.41356933653846156 0.5271450625 0.41876464903846156 0.5322337956730769 0.4227099615384615 0.538796295673077 0.4274853509615385 0.5524189807692308 0.4241650384615384 0.5601311730769231 0.41689453125 0.5724382716346154 0.4048486322115385 0.58392746875 0.4029785144230769
0 0.900798610576923 0.8470703125000001 0.9027662043269231 0.82912109375 0.9031597211538462 0.8164111322115384 0.8976466057692308 0.8061914062500001 0.8840586418269231 0.7972216802884616 0.8736226850961538 0.7909912115384615 0.8612152788461539 0.7899951177884615 0.8440817908653847 0.7914892572115384 0.8350231490384614 0.8012109374999999 0.8287229927884615 0.8071923822115384 0.8249807091346154 0.8196533197115384 0.8265547836538462 0.8358544927884615 0.8291165120192308 0.8550439447115384 0.8320679014423077 0.87 0.834236110576923 0.8856982427884615 0.8391589495192308 0.8936767572115384 0.8476273149038461 0.8979150384615384 0.8523533942307692 0.8979150384615384 0.8604282403846154 0.8969140624999999 0.8675154326923077 0.8986621081730769 0.87263503125 0.9033935552884615 0.8799228389423077 0.9048925793269231 0.8830748461538461 0.9028955072115384 0.8931172836538461 0.892431641826923 0.9029629639423077 0.8799658197115385 0.9057214495192307 0.8627685552884615 0.900798610576923 0.8470703125000001
0 0.8421643509615385 0.5999121081730769 0.8480401225961539 0.5945849615384615 0.8564583341346155 0.5934814447115385 0.86678240625 0.5969970697115385 0.8700385793269232 0.576708983173077 0.8712847211538463 0.56603515625 0.8710069447115385 0.55955078125 0.8621604927884616 0.55361328125 0.8497183653846154 0.5490625 0.8429359567307693 0.5466992187499999 0.8367746923076923 0.5511621081730769 0.8303742283653845 0.5566259759615385 0.8194945985576924 0.56087890625 0.8129359567307692 0.5607763677884615 0.8072492283653846 0.5619921875 0.8030979927884616 0.5704980480769231 0.8006134254807692 0.5759619134615385 0.8042978389423077 0.5814306634615385 0.8093325625 0.5894287115384615 0.8158024687500001 0.5931787115384616 0.8259645072115384 0.60091796875 0.8307291658653846 0.6036328125 0.8362114206730769 0.602626954326923 0.8421643509615385 0.5999121081730769
0 0.13457561778846155 0.3796484375 0.13489197596153846 0.39110839903846156 0.13631944471153845 0.40025390625 0.14124614182692308 0.40276367307692307 0.14989969230769232 0.40316406250000003 0.15927083413461537 0.4042724615384615 0.1684799375 0.4026660144230769 0.17443672836538462 0.39763671875 0.17618441346153846 0.39210937500000004 0.17626157451923077 0.3860791009615384 0.17530864182692307 0.3786425769230769 0.16840277884615384 0.37573242307692306 0.15895061778846153 0.3735205072115385 0.15228009375 0.3711083990384615 0.14402392067307693 0.36869628846153846 0.1403703701923077 0.36909668028846154 0.13552855048076923 0.37231445192307694 0.13457561778846155 0.3796484375
0 0.8384567908653846 0.11489257932692308 0.8346952163461538 0.10936523317307692 0.8328819447115384 0.10368164182692308 0.8318441346153846 0.10070312499999999 0.82794753125 0.10075195432692308 0.8235879639423077 0.10329101442307692 0.8190354927884615 0.10480956971153846 0.8133719134615384 0.10840820432692308 0.811423610576923 0.11197753846153846 0.8108680552884615 0.11643554807692308 0.8105902788461539 0.12082519471153846 0.8125385793269231 0.12422363221153845 0.8135069447115384 0.12721679807692307 0.8154089495192308 0.1298535144230769 0.8185570985576922 0.13495605528846155 0.8248649687499999 0.14177246153846154 0.8254128076923077 0.14125976682692307 0.8376041658653846 0.13834472596153846 0.8398109567307692 0.12303710817307692 0.8406172836538462 0.11694824278846154 0.8384567908653846 0.11489257932692308
0 0.7968287043269231 0.52896484375 0.8029822524038461 0.5281005865384615 0.8077700625 0.5310400384615385 0.8124189807692308 0.5372705072115385 0.818433641826923 0.5428125 0.829375 0.5457519543269231 0.8377160504807691 0.5455810552884615 0.8416820985576923 0.5452343749999999 0.8435995360576923 0.5384814447115385 0.8433256177884616 0.5324267572115384 0.8470177475961538 0.5291357427884615 0.8528973774038462 0.5324267572115384 0.8602816346153846 0.5351953125000001 0.872453704326923 0.5398681634615385 0.8750540120192307 0.5376171875 0.8773765432692309 0.5303466802884615 0.8813425937499999 0.5234228509615385 0.8868132716346153 0.522041016826923 0.8903703701923077 0.51650390625 0.8894097211538461 0.505771483173077 0.8868132716346153 0.49365722596153844 0.8805208341346155 0.47790527403846156 0.8686265432692307 0.47461425721153844 0.8550848774038461 0.47998046875 0.844691358173077 0.48396484375 0.8217168221153847 0.4881152331730769 0.8047608028846154 0.49365722596153844 0.7940933653846154 0.503349608173077 0.7913580240384616 0.51771484375 0.7921797836538461 0.52376953125 0.7946412043269231 0.528271485576923 0.7968287043269231 0.52896484375
0 0.7984953701923078 0.23484863221153846 0.7907021610576923 0.22844238221153848 0.7930246923076923 0.22082519471153847 0.7948032403846154 0.2156347668269231 0.7842746923076922 0.209921875 0.771693673076923 0.20282714903846152 0.7603433653846154 0.1998828125 0.7506327163461539 0.20282714903846152 0.7470756177884615 0.20784668028846154 0.743931326923077 0.21096191346153845 0.7413310192307693 0.22446288942307693 0.73736496875 0.23986816346153847 0.7359992283653847 0.25163574278846157 0.73298996875 0.261328125 0.7335378076923077 0.26859863221153846 0.7417438269230769 0.2660009759615385 0.7474884254807692 0.25751953125 0.7570601850961538 0.2568261706730769 0.7641705240384616 0.2642724615384615 0.7715547836538461 0.2717138677884615 0.7786651225961538 0.27776855528846156 0.7833179014423077 0.2796728509615385 0.7896064807692308 0.27690429807692307 0.7961728389423077 0.26704101442307693 0.8021874999999999 0.25423339903846154 0.8038310192307693 0.24177246153846152 0.7984953701923078 0.23484863221153846
0 0.6699112644230769 0.2965625 0.6694290120192308 0.28939453125000003 0.665493826923077 0.2885400384615385 0.6633834879807693 0.28817871153846153 0.6603086418269231 0.28246581971153845 0.6573341057692308 0.2790673822115385 0.6510956778846153 0.27785156250000004 0.644375 0.27772949278846154 0.6352546298076922 0.2782128894230769 0.6289197524038461 0.2776074206730769 0.6171103389423076 0.2848974615384615 0.6115432091346154 0.2890283197115385 0.6073186730769231 0.29400878846153844 0.6043441346153846 0.29765625 0.6020370360576923 0.30373046875000004 0.6027121923076924 0.3089550793269231 0.6077006177884615 0.31393554807692303 0.6110609567307692 0.3161230456730769 0.6155748461538462 0.31928222596153844 0.6224884254807692 0.3203759759615385 0.6388078701923077 0.31891601442307693 0.6518634254807693 0.3149072259615385 0.6663580240384616 0.3060400384615385 0.6699112644230769 0.2965625
0 0.4489621923076923 0.6925341802884616 0.44603009375 0.7013769519230769 0.45189814903846154 0.7190624999999999 0.4657330240384615 0.7347998052884616 0.4841782403846154 0.7429345697115385 0.5003858028846154 0.7475341802884615 0.5058371923076923 0.7462988269230769 0.5075154326923077 0.745234375 0.50709490625 0.7333886730769231 0.5106867283653846 0.718115235576923 0.516875 0.7126953125 0.5175771610576922 0.7096875 0.5175771610576922 0.7052636730769231 0.5181327163461538 0.7006689447115384 0.5207908942307692 0.6978369134615385 0.5241435192307692 0.6863427740384616 0.5247029326923077 0.6792675769230769 0.5219058653846154 0.6752001947115385 0.518973764423077 0.6706005865384616 0.5128240745192307 0.6660058605769231 0.5080748461538461 0.6635302740384615 0.5047183653846153 0.6640576177884616 0.4968942908653846 0.6661816394230768 0.4941010793269231 0.6640576177884616 0.49116512259615386 0.6628222644230769 0.48501543269230774 0.6628222644230769 0.47649305528846153 0.6610498052884615 0.47216049278846156 0.6621142572115384 0.46112268509615384 0.6698925793269231 0.4567901225961538 0.6753759759615385 0.45133873557692306 0.6865185552884616 0.4489621923076923 0.6925341802884616
0 0.6140393509615385 0.6500732427884616 0.6025540120192308 0.6509082019230769 0.5900810192307693 0.6531933581730769 0.5853202163461538 0.661083985576923 0.5831867283653847 0.6804003894230769 0.5831867283653847 0.6990917956730769 0.5845023149038462 0.7173681634615385 0.588441358173077 0.7265087884615385 0.5966435192307692 0.72837890625 0.6091165120192308 0.7248486322115385 0.6273341057692308 0.7206933605769231 0.6427584879807693 0.71072265625 0.6394753076923076 0.6899511706730769 0.6335686730769231 0.674169923076923 0.6268402788461539 0.6604589831730769 0.6140393509615385 0.6500732427884616
0 0.4614043221153846 0.32306152403846156 0.45718749999999997 0.3190087884615384 0.4487538581730769 0.3190087884615384 0.4403240745192308 0.32363769471153847 0.43735725240384615 0.33068847596153844 0.4323456778846154 0.3403662115384615 0.43063657451923076 0.35261230528846155 0.43485339423076924 0.368046875 0.43986496875 0.36862304807692303 0.4460185192307692 0.3653222668269231 0.45194830288461535 0.368046875 0.45491126442307694 0.37455078125 0.4585570985576923 0.3793115240384616 0.46380015384615386 0.37815918028846157 0.4672183653846154 0.3772949230769231 0.4716628076923077 0.37037109375 0.4708641971153846 0.35607421875 0.4688117283653846 0.34410644471153845 0.4653935192307692 0.3288134759615385 0.4614043221153846 0.32306152403846156
0 0.35308256250000003 0.36872558653846155 0.35780478365384616 0.3538427740384616 0.3570023149038462 0.34807128846153845 0.35420138942307694 0.34482910096153846 0.34828317788461544 0.3434130865384616 0.3438040120192308 0.34250488221153846 0.3404436730769231 0.34290527403846155 0.3360416658653846 0.34321288942307693 0.33276234615384614 0.3434130865384616 0.3286844134615385 0.3458447259615385 0.3251620360576923 0.34958984374999996 0.3194830240384615 0.350703125 0.3134837956730769 0.3504003894230769 0.3084413581730769 0.35151367067307693 0.3035648149038461 0.35556152403846153 0.30060185096153846 0.3710546875 0.3027623461538461 0.3773339831730769 0.3032445985576923 0.38776367067307693 0.30372299278846154 0.39869628846153843 0.30460262259615384 0.4027441394230769 0.3086844134615384 0.4042626947115385 0.31548225240384614 0.4073046875 0.3264429014423077 0.40902343750000003 0.3348418221153846 0.4027441394230769 0.338125 0.38856933653846154 0.34204475240384613 0.38037109375 0.35308256250000003 0.36872558653846155
0 0.9527700625000001 0.5751855456730769 0.9639776225961539 0.5725439447115385 0.96834490625 0.5614843749999999 0.9680632716346154 0.5511474615384615 0.9594212956730769 0.540693358173077 0.9479282403846153 0.5350439447115385 0.9428935192307691 0.5346826177884615 0.9346334879807692 0.5362451177884615 0.9291242283653846 0.53732421875 0.9215277788461538 0.5358837884615385 0.9153549375 0.539130860576923 0.9118402788461538 0.5448974615384615 0.9089891971153846 0.55607421875 0.9088001538461538 0.56376953125 0.9083256177884615 0.57158203125 0.9066165120192308 0.5799951177884616 0.9044328701923077 0.5857666009615385 0.904336420673077 0.5960986322115385 0.9073765432692308 0.6112451177884616 0.91544753125 0.61220703125 0.9199112644230769 0.60908203125 0.9231404326923076 0.6058349615384615 0.928746141826923 0.605234375 0.9330169759615384 0.605234375 0.9343479927884615 0.6051171875 0.9462191346153846 0.602109375 0.9544830240384615 0.5944189447115384 0.9554320985576923 0.5823974615384615 0.9527700625000001 0.5751855456730769
0 0.5653240745192307 0.29209472596153846 0.5615933653846154 0.28357421875 0.5503240745192307 0.28188964903846153 0.5425270072115385 0.2795263677884615 0.5343942908653846 0.27851074278846155 0.5276581778846153 0.2795263677884615 0.5180594134615385 0.27893554807692306 0.5144598774038461 0.2797802740384615 0.5113271610576923 0.28424804567307693 0.508526235576923 0.2896484375 0.5061921298076923 0.2980859375 0.5059915120192308 0.3023925769230769 0.5071913581730769 0.3034033197115385 0.5096604927884616 0.3032324230769231 0.512326389423077 0.3022216802884615 0.5168595673076923 0.3027294927884615 0.5188580240384616 0.30483886778846153 0.5204591057692307 0.30677734375 0.5219907403846153 0.30829589903846155 0.5237924374999999 0.3082128918269231 0.5268595673076922 0.3065234375 0.5291242283653846 0.3064404302884615 0.5309915120192308 0.30669433653846156 0.5346604927884615 0.3082128918269231 0.5365933653846153 0.309140625 0.5402584879807693 0.3121777355769231 0.5533256177884616 0.30669433653846156 0.5597916658653846 0.30458496153846154 0.5631944447115385 0.29783203124999996 0.5653240745192307 0.29209472596153846
0 0.6972029326923077 0.2307421875 0.6984259254807692 0.22603027403846154 0.6961496923076923 0.22181152403846155 0.6914814807692308 0.2166796875 0.6874266971153846 0.21365722596153847 0.6847608028846154 0.21302246153846155 0.6761496923076924 0.2155566394230769 0.6719830240384616 0.2180859375 0.6681481490384615 0.2204785168269231 0.6631481490384614 0.22448242067307692 0.6592592596153846 0.22631347596153845 0.6575385793269231 0.22912597596153847 0.6572608028846154 0.23481933653846154 0.6583140432692307 0.24135742307692307 0.6658140432692308 0.24262695192307693 0.6679822524038461 0.2426953125 0.6727584879807692 0.2422753918269231 0.682816358173077 0.24473632932692307 0.6897029326923078 0.24185058653846153 0.6937037043269231 0.23840820432692308 0.6972029326923077 0.2307421875
0 0.24155092548076923 0.2416699230769231 0.2744753076923077 0.24475586057692308 0.2891049375 0.22315429807692308 0.2988618822115385 0.20771972596153845 0.29276234615384616 0.181484375 0.29642361057692307 0.1537109375 0.28057098798076924 0.13210449278846154 0.25984182211538465 0.12438964903846153 0.25374614182692307 0.12747558653846153 0.2476504639423077 0.15216308653846153 0.22692129567307692 0.15833984375000001 0.2061921298076923 0.1753125 0.21716435096153844 0.20926269471153847 0.22692129567307692 0.23549804807692307 0.24155092548076923 0.2416699230769231
0 0.34885416586538465 0.49938964903846156 0.38177469230769234 0.4793261706730769 0.41957561778846153 0.4685253918269231 0.43176697596153846 0.4515478509615385 0.4268904326923077 0.41914062500000004 0.4073804014423077 0.40988281249999997 0.3878703701923077 0.40216308653846156 0.3634837956730769 0.3990771490384616 0.35616898076923076 0.42994140625 0.34885416586538465 0.4685253918269231 0.34885416586538465 0.49938964903846156
0 0.3083564807692308 0.4419189447115385 0.3108179014423077 0.43679199278846154 0.3128819447115384 0.4312646490384615 0.3146296298076923 0.42191894471153846 0.3108179014423077 0.4194091802884615 0.3078780865384615 0.4212158197115385 0.30533950721153846 0.41830078125000003 0.2985879639423077 0.41709472596153846 0.29199845673076924 0.4200097668269231 0.28429398076923074 0.42604003846153843 0.2765933653846154 0.4348828125 0.27500385817307693 0.44433105528846156 0.28000771634615385 0.4502587884615385 0.2891396610576923 0.45498535096153847 0.29962191346153844 0.45317382932692307 0.30065200721153845 0.44865234375 0.30319444471153845 0.4435253918269231 0.3083564807692308 0.4419189447115385
0 0.8614313269230769 0.7379931634615384 0.8652044759615385 0.7456787115384615 0.8681597211538462 0.7521191394230768 0.8627430552884616 0.7649951177884616 0.8637268509615385 0.7691503918269231 0.8701273149038461 0.7687353509615384 0.874560185096154 0.771640625 0.8763657403846155 0.7774560552884615 0.8789891971153847 0.78181640625 0.8832561730769231 0.7793261706730769 0.8903125000000001 0.7774560552884615 0.8947453701923076 0.7737158197115386 0.8968788581730769 0.76603515625 0.9016358028846153 0.7604248052884616 0.9101697524038461 0.76146484375 0.9173919759615384 0.761669923076923 0.9218209879807693 0.7564794927884615 0.9216589495192308 0.7502490240384615 0.9203472211538462 0.7409033197115384 0.9170640432692309 0.73072265625 0.9114853389423078 0.720546875 0.9068904326923076 0.70642578125 0.901963735576923 0.7051757812499999 0.8906404326923076 0.70974609375 0.8824382716346153 0.7089160168269231 0.8719328701923076 0.7153564447115385 0.8683256177884615 0.7186767572115385 0.8648765432692307 0.7247021490384615 0.8614313269230769 0.7379931634615384
0 0 0.8435253918269231 0.005003858173076923 0.8712988269230769 0.051338735576923075 0.8898193365384616 0.08547839423076924 0.8635839831730769 0.09523148076923077 0.8419824230769231 0.10742669711538462 0.80802734375 0.11961805528846153 0.7540185552884615 0.13790894951923077 0.7324121105769231 0.13547067788461536 0.6861181634615385 0.12083719230769231 0.6243896490384616 0.0891358028846154 0.6166699230769231 0.08791666586538462 0.6027832019230769 0.06231095673076924 0.5750048822115384 0.020852622596153843 0.55802734375 0.0037847211538461537 0.55185546875 0 0.6243896490384616 0.0013464495192307693 0.724697266826923 0 0.8435253918269231
0 0.7818634254807691 0.3590136706730769 0.8008989206730769 0.3382080072115385 0.8034953701923077 0.3206884759615385 0.8043595673076923 0.30645507932692306 0.8026273149038462 0.2922167980769231 0.7861882716346155 0.28345703125 0.7688850312500001 0.2746972668269231 0.7593672836538462 0.2604589831730769 0.7489853389423077 0.2593652331730769 0.7247569447115385 0.2768847644230769 0.7100501538461538 0.28455078125 0.7031288581730769 0.2922167980769231 0.6996682091346155 0.30754882932692307 0.714375 0.3425878894230769 0.7264891971153846 0.3568261706730769 0.7481172836538461 0.3601123052884615 0.7818634254807691 0.3590136706730769
0 0.07084490625 0.5780908197115384 0.0903549375 0.5703759759615384 0.10498842548076923 0.5642041009615385 0.10864583413461538 0.544140625 0.10864583413461538 0.5256201177884615 0.10742669711538462 0.4947558581730769 0.10986496874999999 0.45617675721153844 0.10986496874999999 0.42994140625 0.09279320913461539 0.41759765625 0.07328703605769231 0.4469189447115385 0.053777007211538455 0.46234863221153844 0.03548611057692307 0.47161132932692307 0.018414350961538463 0.49166992307692303 0.006222992788461538 0.5132763677884615 0.013537807692307693 0.54876953125 0.04036265384615385 0.5642041009615385 0.07084490625 0.5780908197115384
0 0.8103472211538462 0.6874707043269231 0.8155632716346154 0.6852685552884614 0.8178819447115384 0.684169923076923 0.8216473774038462 0.6764697259615384 0.8285995360576923 0.6716992187499999 0.83584490625 0.6654638677884616 0.8471450625 0.6643652331730769 0.8584452163461538 0.6573974615384616 0.86134259375 0.6573974615384616 0.8674305552884616 0.6629003894230769 0.8758333341346154 0.6683984374999999 0.8798881177884615 0.675 0.8761226850961539 0.6838037115384614 0.86771990625 0.7116748052884615 0.8740933653846154 0.7102050769230769 0.8859760793269231 0.7021386730769231 0.8917708341346154 0.6900341802884615 0.8908989206730769 0.6720654302884616 0.8813387355769231 0.6544628894230768 0.8706172836538462 0.6449267572115385 0.8497530865384615 0.6243896490384616 0.8387422836538462 0.61265625 0.8233873461538461 0.602021485576923 0.8152739206730769 0.5954199230769232 0.8071604927884616 0.597255860576923 0.7891936730769231 0.59798828125 0.7776041658653846 0.6108203125 0.7584799375 0.6199902331730769 0.7521026225961538 0.639794920673077 0.7599266971153846 0.6460302740384616 0.767461420673077 0.6489648437500001 0.7723881177884616 0.6551953125 0.7776041658653846 0.6746337884615384 0.7871643509615385 0.6926025384615385 0.799336420673077 0.6929687499999999 0.80482253125 0.690771485576923 0.8103472211538462 0.6874707043269231
0 0.8606211418269231 0.45319824278846155 0.8572800937499999 0.43786621153846156 0.8464158942307692 0.4304638677884615 0.8305401225961538 0.4294042956730769 0.8184220673076923 0.4294042956730769 0.8096489206730768 0.4304638677884615 0.8008757716346153 0.4373339831730769 0.8000385793269231 0.4568847668269231 0.7883410504807693 0.4775244134615385 0.7883410504807693 0.4828125 0.8033834879807693 0.49550293028846154 0.8342978389423077 0.4828125 0.8489236105769231 0.4785791009615385 0.8568595673076923 0.4664208990384615 0.8606211418269231 0.45319824278846155
0 0.4791628076923077 0.49921875000000004 0.4695486105769231 0.4946533197115385 0.45572916586538464 0.49921875000000004 0.43710262259615384 0.5045410144230769 0.41066743749999995 0.50986328125 0.4034567908653846 0.515185545673077 0.39804783894230766 0.5296386730769231 0.39804783894230766 0.54712890625 0.39804783894230766 0.56994140625 0.40285493749999995 0.582109375 0.4100655865384616 0.5889501947115384 0.4220833341346154 0.5866699230769231 0.4341010793269231 0.5836279302884615 0.45572916586538464 0.5919921875 0.4653433653846154 0.5965576177884615 0.4749575625 0.6064404302884616 0.4947878076923077 0.6254541009615384 0.4977893509615384 0.6368603509615384 0.4977893509615384 0.6459863293269231 0.5056018509615384 0.6513085937499999 0.5164158942307693 0.63990234375 0.5080054014423078 0.59123046875 0.4845717596153846 0.5189892572115384 0.4791628076923077 0.49921875000000004
0 0.7146527788461537 0.79259765625 0.7280632716346154 0.8172900384615385 0.7426967596153846 0.8280908197115384 0.7780555552884615 0.8111181634615385 0.7956404326923077 0.795849610576923 0.8353780865384616 0.7850585937500001 0.8603395072115384 0.766748045673077 0.8661651225961537 0.749951173076923 0.8661651225961537 0.723095704326923 0.8780401225961539 0.6722265625 0.8609683653846154 0.6567968750000001 0.8341435192307693 0.66759765625 0.8121952163461538 0.6861181634615385 0.7951273149038461 0.6938330072115384 0.7829320985576923 0.7000048822115384 0.7622029326923077 0.7015478509615385 0.7414776225961539 0.7061767572115384 0.7158719134615384 0.7447558605769231 0.7097723774038461 0.7848828125 0.7146527788461537 0.79259765625
0 0.69884259375 0.3065576177884615 0.6961419759615384 0.3027001947115385 0.6902391971153846 0.29986816346153844 0.6859953701923077 0.2981591802884615 0.6822145072115385 0.2969873052884615 0.6765046298076923 0.29884277403846154 0.6738040120192307 0.3012353509615385 0.6701003076923077 0.3057763677884615 0.6662037043269231 0.30846191346153845 0.6627700625 0.3087060552884615 0.6613811730769231 0.3115869134615385 0.6606867283653847 0.31368652403846153 0.6623456778846154 0.31466308653846153 0.6658950625 0.31417480528846153 0.6681712956730769 0.31476074278846156 0.6702546298076922 0.31529785096153845 0.6730709879807691 0.31524902403846156 0.6839120360576924 0.31480956971153845 0.6935570985576922 0.31378418028846156 0.6976851850961538 0.31139160096153845 0.69884259375 0.3065576177884615
0 0.2701311730769231 0.58015625 0.27108024759615384 0.5717529302884615 0.27131558653846155 0.5621484375 0.27131558653846155 0.55314453125 0.27344907451923073 0.5444433605769231 0.27250385817307693 0.5408447259615385 0.26444058653846153 0.5408447259615385 0.2592245360576923 0.5414453125 0.2549575625 0.5453466802884616 0.24926697596153843 0.5543457019230769 0.24333719230769232 0.5636474615384615 0.23930555528846156 0.574150389423077 0.23907021634615383 0.58765625 0.23978009375 0.5939599615384615 0.24286265384615383 0.5951611322115384 0.2511612644230769 0.5921582043269231 0.2594598774038462 0.5891552740384616 0.2623070985576923 0.5903564447115385 0.2637307091346154 0.5906591802884615 0.26657407451923076 0.58765625 0.2701311730769231 0.58015625
0 0.5157098774038462 0.33784668028846154 0.5204783942307692 0.3397802740384615 0.5227006177884616 0.3355615240384615 0.5221450625 0.3256005865384616 0.5216358028846154 0.3196826177884615 0.5220987644230769 0.3148779302884615 0.5223765432692308 0.31013183653846155 0.5198302475961538 0.3064404302884615 0.51705246875 0.30403808653846154 0.5155246923076923 0.3033349615384615 0.5133950625 0.30286621153846155 0.5104320985576923 0.30310058653846156 0.5074228389423077 0.30415527403846154 0.5044598774038461 0.30550293028846154 0.5015895072115385 0.3077294927884615 0.49825617307692305 0.31147949278846154 0.4968209879807692 0.3138818365384616 0.49941357932692304 0.3159326177884615 0.5014969134615385 0.3182177740384615 0.5037422836538462 0.3234277355769231 0.5037422836538462 0.32575683653846155 0.5031172836538461 0.3355615240384615 0.5065432091346154 0.3346240240384616 0.5106635793269231 0.33403808653846156 0.5139969134615385 0.3355615240384615 0.5157098774038462 0.33784668028846154
0 0.8697453701923077 0.30648925721153847 0.8617476850961538 0.3036230480769231 0.8553472211538462 0.3010058605769231 0.846878858173077 0.30016113221153845 0.8400810192307693 0.29780273317307693 0.8344791658653846 0.29603027403846155 0.8316782403846154 0.2955224615384615 0.8244907403846155 0.3051171875 0.8195987644230769 0.31222168028846153 0.8139930552884616 0.32058105528846154 0.811431326923077 0.3269873052884616 0.8141589495192308 0.3303613293269231 0.818881173076923 0.331484375 0.8226003076923077 0.33049804807692307 0.8292669759615384 0.3312060552884616 0.8372145072115385 0.3360546875 0.8422646610576923 0.3388671875 0.8476581778846154 0.3403417980769231 0.8554938269230768 0.33816406250000003 0.8603780865384615 0.3336621105769231 0.8608140432692307 0.3329003894230769 0.8666782403846154 0.32851074278846154 0.8729475312499999 0.3193994134615385 0.8745447524038461 0.310625 0.8697453701923077 0.30648925721153847
0 0.98446759375 0.7172949206730769 0.9746334879807693 0.7120849615384616 0.9594251538461538 0.71150390625 0.9477623461538461 0.715703125 0.935756173076923 0.7225048822115384 0.9295794759615384 0.7269921874999999 0.9247993822115385 0.73705078125 0.9219405865384616 0.7439794927884615 0.9228124999999999 0.7544287115384616 0.9272608028846154 0.762578125 0.9323495360576923 0.7671923822115385 0.9367939807692308 0.769609375 0.9468016971153846 0.7717089831730769 0.9552970673076923 0.7737207043269231 0.9615625 0.7718115240384615 0.9671219134615385 0.7681933605769231 0.969189814903846 0.7678027331730769 0.974861110576923 0.769970704326923 0.9804629639423077 0.7601318365384616 0.9846952163461539 0.74291015625 0.9856095673076923 0.7282958990384615 0.98446759375 0.7172949206730769
0 0.20909722115384616 0.592265625 0.2021875 0.5872412115384615 0.1904359567307692 0.58533203125 0.18320987740384617 0.5861328125 0.17749228365384614 0.5934716802884615 0.17241126442307692 0.6000048822115385 0.17082175961538462 0.60673828125 0.1759066346153846 0.6135693365384616 0.18185956730769232 0.6174902331730769 0.1891666658653846 0.6165869134615385 0.19980709855769233 0.6138720697115384 0.21028935096153845 0.6135693365384616 0.21259259375 0.601611326923077 0.20909722115384616 0.592265625
0 0.30817129567307694 0.46086425721153845 0.31055555528846157 0.46664062500000003 0.3147878076923077 0.47132324278846155 0.31883101923076923 0.4752636730769231 0.32233024759615386 0.47744628846153847 0.33054012259615384 0.48020996153846157 0.3350347211538462 0.479453125 0.3418557091346154 0.4778564447115385 0.3474151225961538 0.47576660096153844 0.3480092596153846 0.46873046874999996 0.34468364182692307 0.45960449278846155 0.34369212980769226 0.451796875 0.3417631177884616 0.4462792956730769 0.3353125 0.445234375 0.32853394951923076 0.4471826177884616 0.32461805528846155 0.4453759759615385 0.32213348798076924 0.44080078125 0.3155401225961538 0.43989746153846154 0.30903163461538463 0.44230956971153845 0.3033140432692308 0.44421875 0.3010879639423077 0.4499462884615385 0.30287808653846154 0.4547412115384616 0.3040663581730769 0.45625000000000004 0.30817129567307694 0.46086425721153845
0 0.47566357932692305 0.44229003846153847 0.4833333341346154 0.46391601682692307 0.5009259254807692 0.4744628918269231 0.5171219134615385 0.4638916009615385 0.5376929014423077 0.45332031250000004 0.5338348774038462 0.43872070192307694 0.5317515432692308 0.42068359375000003 0.5183410504807692 0.41142578124999996 0.5049266971153846 0.40062011778846157 0.4866358028846154 0.3913623052884615 0.4705632716346154 0.39409179807692307 0.46188271634615385 0.41582031249999996 0.4561535504807692 0.4392041009615385 0.47566357932692305 0.44229003846153847
0 0.21376157451923075 0.5250634759615385 0.20827160576923076 0.5236425793269232 0.20403549278846153 0.5265722668269232 0.20125771634615383 0.5317626947115385 0.19920524759615385 0.5357861322115385 0.19715277884615384 0.5420654302884615 0.19596064903846155 0.5480126947115385 0.19834490625 0.5530371081730769 0.20502700721153846 0.5551318365384615 0.20945987740384617 0.5557177740384616 0.21243827163461537 0.55345703125 0.21846064903846155 0.5495214855769232 0.22005015384615384 0.535615235576923 0.2187924375 0.527744139423077 0.21376157451923075 0.5250634759615385
0 0.9509529326923077 0.8293457019230769 0.9595679014423077 0.8269238293269231 0.9655825625 0.8184423822115385 0.9770717596153846 0.808056641826923 0.9814467596153846 0.7955957043269231 0.9781674375 0.7841699230769231 0.9732407403846154 0.7765576177884616 0.9694135793269231 0.76876953125 0.9584722211538461 0.77603515625 0.9439776225961538 0.7720556634615385 0.9337191346153847 0.771015625 0.9275655865384616 0.7639208990384615 0.920181326923077 0.76236328125 0.9129320985576924 0.7621923822115384 0.9037692908653846 0.7602880865384616 0.8993942908653847 0.7608056634615384 0.8969328701923077 0.7692871105769231 0.8931172836538461 0.7774560552884615 0.8827237644230769 0.7798437500000001 0.878472221153846 0.7828369134615384 0.8777584879807693 0.7900244134615384 0.8820138894230769 0.7954052740384616 0.8909992283653847 0.8013916009615384 0.8976466057692308 0.8061914062500001 0.9032793221153846 0.8133544927884616 0.9039891971153846 0.8187353509615385 0.90486496875 0.825537110576923 0.9168981490384615 0.8324609374999999 0.9283873461538461 0.83125 0.9390547836538462 0.8276171875 0.9509529326923077 0.8293457019230769
0 0 0.14650878846153848 0.0015007716346153847 0.14614257932692307 0.0112924375 0.14565918028846153 0.026462192307692308 0.14079589903846154 0.030300925480769233 0.13241699278846156 0.025597992788461536 0.1259765625 0.020798610576923077 0.11662109375 0.014942129807692307 0.10823730528846154 0.00975694471153846 0.10520019471153846 0.003804012019230769 0.10386230528846153 0 0.10580566346153845 0 0.10993652403846153 0 0.14128418028846154 0 0.14650878846153848
0 0.7227623461538462 0.6347705072115384 0.7239081778846154 0.64681640625 0.7340856490384616 0.6387158197115385 0.739826389423077 0.6200195312500001 0.7426195985576923 0.601953125 0.7378587956730769 0.5915673822115385 0.731296295673077 0.5799365240384615 0.7285030865384615 0.567060545673077 0.7250578701923077 0.5583349615384615 0.7122569447115384 0.54919921875 0.7066782403846154 0.5481591802884616 0.7024112644230769 0.5475341802884615 0.6974884254807693 0.5552197259615385 0.6925655865384616 0.55875 0.6899382716346154 0.564775391826923 0.6881327163461539 0.57349609375 0.6868209879807693 0.5815966802884616 0.6868209879807693 0.5894921875 0.6879706778846154 0.5994580072115384 0.6869868822115385 0.6061083990384616 0.6874768509615384 0.6119238293269231 0.687642747596154 0.61607421875 0.6891203701923078 0.6185693365384615 0.6999498461538463 0.618359375 0.7097955240384616 0.6187744134615384 0.7203009254807693 0.6235546875 0.7227623461538462 0.6347705072115384
0 0.9814351850961539 0.47776855528846157 0.9753549375 0.47404296875 0.9671875000000001 0.4729589831730769 0.9621566346153846 0.470078125 0.9551273149038462 0.4655078125 0.9465779326923076 0.46430663942307693 0.9401234567307692 0.4659912115384615 0.9319560192307693 0.47211913942307693 0.9263503076923078 0.48017089903846155 0.9222685192307692 0.4851025384615385 0.9234066346153846 0.49267089903846156 0.9274922836538462 0.50060546875 0.9382214495192307 0.5054150384615385 0.9450617283653846 0.5092578125 0.9511381177884615 0.5102197259615384 0.9592091057692307 0.5123828125000001 0.9730748461538461 0.5019287115384615 0.9814351850961539 0.4938769519230769 0.9862770072115384 0.4845019519230769 0.9814351850961539 0.47776855528846157
0 0.6171064807692308 0.8759326177884615 0.6341743822115385 0.8527832019230769 0.6585609567307693 0.8527832019230769 0.6780709879807693 0.8311767572115384 0.6927044759615384 0.8111181634615385 0.6927044759615384 0.7771630865384616 0.675632716346154 0.7524755865384616 0.6646604927884615 0.7416699230769231 0.6463695985576923 0.7169824230769231 0.631736110576923 0.7169824230769231 0.6073495360576924 0.724697266826923 0.5854012355769231 0.7416699230769231 0.5646720673076924 0.7679052740384615 0.5341898149038461 0.78796875 0.5122415120192307 0.7910546875000001 0.4927353389423077 0.80802734375 0.46994598798076925 0.837109375 0.48082561778846156 0.858544920673077 0.503703704326923 0.85908203125 0.5158179014423078 0.8436523437500001 0.5207793221153846 0.8543261730769232 0.5378472211538461 0.8666699230769231 0.5585763894230769 0.8666699230769231 0.5805246923076923 0.8774755865384616 0.6171064807692308 0.8759326177884615
0 0.5335995360576923 0.6042041009615384 0.5427623461538462 0.6021240240384615 0.5524729927884615 0.602470701923077 0.55821759375 0.602470701923077 0.5623186730769231 0.5941650384615385 0.5613618822115385 0.5822216802884616 0.5601311730769231 0.5695849615384615 0.5565740745192308 0.5607568365384615 0.5511072524038462 0.5553955072115385 0.545223764423077 0.5502001947115385 0.5396180552884615 0.5444873052884616 0.5330555552884616 0.54431640625 0.52771990625 0.54431640625 0.5191049375 0.5432763677884616 0.513086420673077 0.5427587884615385 0.5051543221153846 0.5429296874999999 0.501601079326923 0.5460449206730769 0.4980439807692308 0.5507177740384616 0.49681327163461536 0.5547021490384615 0.4985918221153846 0.5614501947115385 0.5009143509615385 0.5728759759615385 0.50419753125 0.5815283197115385 0.5084375 0.59693359375 0.510625 0.6038574230769231 0.5136342596153847 0.6088769519230769 0.5207445985576923 0.61078125 0.5251234567307692 0.61181640625 0.5308641971153846 0.6087011706730769 0.5335995360576923 0.6042041009615384
0 0.6790625 0.32125 0.6699459879807693 0.32221191346153844 0.658263889423077 0.3264208990384615 0.6523765432692308 0.33158691346153846 0.6478163581730769 0.3365136730769231 0.6465817908653846 0.35478515624999996 0.64923996875 0.3651220697115385 0.6549382716346154 0.3663232427884615 0.6611111105769231 0.3643994134615385 0.6687114206730769 0.3666845697115385 0.6714621923076923 0.3670458990384615 0.6740277788461538 0.361875 0.6801041658653847 0.35803222596153844 0.68884259375 0.3569482427884615 0.6956790120192308 0.3597119134615384 0.6989081778846155 0.3605566394230769 0.7038503076923077 0.36223632932692307 0.6996682091346155 0.3430078125 0.6934027788461539 0.32377441346153846 0.6865625000000001 0.32052734374999997 0.6790625 0.32125
0 0.2369174375 0.37982910096153844 0.2423186730769231 0.370546875 0.2445254639423077 0.36335449278846155 0.24447144951923078 0.3541455072115385 0.24154706730769232 0.3499560552884615 0.23779706730769232 0.35016601442307693 0.23057484615384613 0.35226074278846153 0.22494984615384617 0.3565869134615385 0.21800154326923077 0.36042480528846155 0.21165894951923075 0.3627294927884615 0.20824074038461537 0.3620996105769231 0.2042708341346154 0.36642578124999997 0.2023958341346154 0.37717285096153846 0.20388503125000002 0.38317871153846156 0.20344521634615387 0.38966796875000004 0.20393904326923076 0.3932275384615384 0.20752314903846153 0.39462402403846153 0.21133101923076922 0.39476074278846157 0.21651234615384615 0.391484375 0.22197144951923078 0.391484375 0.2309066346153846 0.38701660096153845 0.2369174375 0.37982910096153844
0 0.18295138942307693 0.4796386706730769 0.16902777884615386 0.47699706971153844 0.15196759375 0.4783154302884615 0.14535107932692307 0.4884521490384615 0.14361111057692308 0.5144482427884616 0.15161651201923076 0.5311962884615384 0.169375 0.5422119134615385 0.1850424375 0.5369238269230769 0.19618441346153848 0.5245849615384615 0.20244984615384617 0.5144482427884616 0.2073263894230769 0.49506347596153844 0.20036265384615384 0.48889160096153844 0.18295138942307693 0.4796386706730769
0 0.2039467596153846 0.3670019519230769 0.2017862644230769 0.3638037115384615 0.1976967596153846 0.3628759759615384 0.19140046394230767 0.36328125 0.18634644951923077 0.3616503894230769 0.1818865745192308 0.3602001947115384 0.17563657451923076 0.35787109375 0.1713657403846154 0.35572265625 0.1651620360576923 0.35339355528846156 0.16134644951923077 0.3529296875 0.1594174375 0.3540917980769231 0.15932484615384615 0.3592089831730769 0.16185185096153848 0.3676416009615385 0.16382716105769232 0.37334472596153845 0.16915894951923077 0.3752636730769231 0.17375385817307692 0.37630859375000003 0.17586805528846156 0.3771240240384615 0.1762808653846154 0.38166015625 0.17738425961538462 0.38578613221153846 0.1794058653846154 0.38776367067307693 0.1841396610576923 0.38846191346153847 0.19406635817307694 0.38392578125 0.19856867307692308 0.38171875 0.20261188221153845 0.37438964903846156 0.2039467596153846 0.3670019519230769
0 0.08782407451923077 0.29734374999999996 0.09055941346153847 0.2934472644230769 0.09636959855769231 0.28984375 0.10184027884615385 0.28869140625 0.10263888942307692 0.29315918028846155 0.10844907451923078 0.2950341802884615 0.11471836538461538 0.2959033197115385 0.11916280769230769 0.2944580072115385 0.12451774759615385 0.2904199206730769 0.12657021634615384 0.28825683653846157 0.13135802403846156 0.2885449230769231 0.13568672836538462 0.28594726682692306 0.14138503125 0.2768603509615385 0.14195601923076923 0.27296875000000004 0.14195601923076923 0.2669091802884615 0.1404745360576923 0.26171875 0.13636959855769232 0.26013183653846156 0.12793981490384615 0.26546875000000003 0.12577160576923077 0.2615722668269231 0.11772762259615385 0.24987793028846153 0.11408179086538461 0.24437988221153845 0.10857638942307692 0.2348046875 0.10341435096153846 0.22940918028846152 0.09576774759615383 0.22354003846153844 0.09133487740384615 0.21918456971153846 0.08690972115384615 0.21710449278846153 0.08181712980769232 0.21295410096153844 0.07689429086538462 0.21336913942307692 0.07445601923076924 0.21084472596153844 0.07014660576923076 0.21189941346153846 0.0661921298076923 0.21598144471153846 0.06131558653846154 0.21923828125 0.05861496875 0.22224121153846152 0.05729166586538462 0.2263378918269231 0.058738425480769234 0.23134277403846154 0.06050540144230769 0.23613769471153848 0.06252314903846154 0.24129394471153848 0.06466435096153846 0.2548535168269231 0.06708333413461538 0.27311035096153846 0.0750578701923077 0.2894091802884616 0.08052855048076922 0.29388183653846156 0.08531635817307692 0.29662109375 0.08782407451923077 0.29734374999999996
0 0.2648148149038462 0.6185693365384615 0.26752700721153844 0.6142968750000001 0.27189429086538464 0.6093603509615385 0.27248842548076924 0.6045019543269231 0.26805555528846153 0.5981347644230769 0.2646141971153846 0.5934472668269231 0.26070987740384616 0.58984375 0.25521990625 0.5911865240384615 0.2475424375 0.5938623052884615 0.23993441346153846 0.59654296875 0.2346412043269231 0.5994775384615385 0.2348379639423077 0.60408203125 0.23808256249999998 0.6104443365384615 0.2425154326923077 0.6225927740384616 0.24628472115384614 0.631298829326923 0.24999228365384615 0.6322216802884615 0.2613078701923077 0.6236767572115384 0.2648148149038462 0.6185693365384615
0 0.30370370432692306 0.5797363269230769 0.29286265384615384 0.59560546875 0.29032407451923076 0.6027832019230769 0.2952044759615385 0.618212889423077 0.3195910504807692 0.6305615240384616 0.35373070913461535 0.6367333990384616 0.37324074038461535 0.6197558605769231 0.4037229927884616 0.6151269519230769 0.4110378076923077 0.5904345697115384 0.3976273149038461 0.5734619134615385 0.38665123557692305 0.5533984375000001 0.3634837956730769 0.55494140625 0.35616898076923076 0.54876953125 0.34641589423076924 0.54876953125 0.33178240625 0.5626611322115385 0.3122723774038461 0.5626611322115385 0.3100308653846154 0.569775391826923 0.30625 0.57421875 0.30370370432692306 0.5797363269230769
0 0.1456095673076923 0.9872949230769231 0.1495293221153846 0.971171875 0.16324845673076924 0.9575292956730769 0.17452160576923076 0.9631103509615385 0.19069058653846155 0.9668310552884616 0.2053896610576923 0.9618701177884615 0.21960262259615385 0.9451269519230769 0.22205246875 0.9277587884615385 0.23332175961538462 0.9079150384615384 0.24067129567307693 0.8812451177884615 0.24067129567307693 0.8626416009615384 0.24753472115384617 0.8285302740384615 0.23381172836538464 0.8142675769230769 0.22009259375 0.7956591802884615 0.20931327163461538 0.7869775384615385 0.1887307091346154 0.7683740240384616 0.14805941346153847 0.7503857427884615 0.12047067788461539 0.77271484375 0.11214120432692307 0.8117871105769231 0.0989081778846154 0.852099608173077 0.08028935096153847 0.8694628918269232 0.025895062500000003 0.9066748052884616 0.013155865384615384 0.9358203125 0.01070601923076923 0.9686914062499999 0.02050540144230769 0.9997021490384616 0.13483024759615383 1 0.14168981490384616 0.9978417980769231 0.1456095673076923 0.9872949230769231
0 0.37386574038461534 0.6865332019230769 0.37283179086538465 0.6784912115384615 0.37505787019230774 0.6594970697115384 0.3724382716346154 0.6466357427884616 0.3664004639423077 0.6482421875 0.34797839423076926 0.6581933605769231 0.33273148076923076 0.6657275384615384 0.3286844134615385 0.6700488293269231 0.3232831778846154 0.6780908197115385 0.31701003125 0.6882421875 0.3164544759615385 0.6945703125 0.3320177475961538 0.7112548822115384 0.3457561730769231 0.7198974615384616 0.3523456778846154 0.7157763677884615 0.35869984615384615 0.7061279302884615 0.3689429014423077 0.6920605456730768 0.37386574038461534 0.6865332019230769
0 0.8837037043269231 0.11725585817307692 0.8790354927884615 0.11177246153846153 0.8757021610576923 0.10783691346153847 0.872538579326923 0.10495117067307692 0.869371141826923 0.10354492307692308 0.8670910504807693 0.10333496153846154 0.8651466057692307 0.10551757692307692 0.8622608028846154 0.10811523557692307 0.85892746875 0.11409179567307692 0.8593132716346153 0.12288085817307692 0.859814814903846 0.12907226442307693 0.8599807091346154 0.13174316346153844 0.8612577163461539 0.1344140625 0.8650385793269231 0.13743652403846154 0.8710918221153846 0.14045898557692307 0.8782600312500001 0.14024902403846154 0.8825385793269231 0.13392089903846155 0.8848148149038462 0.12196777403846154 0.8837037043269231 0.11725585817307692
0 0 0.15720214903846155 0.00111496875 0.16218261778846152 0.006300153846153846 0.16765136778846154 0.011003086538461538 0.17202148557692307 0.015038579326923077 0.17250976682692307 0.018877314903846153 0.17153808653846153 0.024155093750000002 0.17020019471153847 0.03193287019230769 0.16546386778846156 0.03625385817307692 0.1644921875 0.03922839423076923 0.16546386778846156 0.04335648076923077 0.16947265625 0.04805941346153846 0.1708105456730769 0.05631558653846154 0.16619140625 0.055547838942307685 0.15805175721153847 0.04988425961538461 0.14772461057692307 0.042492283653846157 0.14237793028846155 0.030875771634615388 0.14201171875000002 0.022237653846153844 0.14456543028846153 0.013020834134615385 0.14614257932692307 0.0031327163461538463 0.14991210817307693 0 0.14991210817307693 0 0.15720214903846155
0 0.7616203701923077 0.17406249999999998 0.7654591057692308 0.17173339903846155 0.7689004639423077 0.16080078125 0.7698611105769231 0.1517871105769231 0.7722608028846154 0.13974121153846156 0.7716203701923077 0.13204589903846153 0.7692206778846155 0.12505859375 0.7614583341346154 0.11604492067307692 0.7545794759615384 0.11969238221153847 0.7507407403846155 0.12536132692307692 0.7480979927884616 0.13103027403846154 0.7419405865384616 0.13842285096153845 0.7359374999999999 0.14551269471153847 0.7317785504807692 0.15462402403846154 0.7287384254807693 0.16515136778846154 0.7300192908653845 0.17153320432692307 0.73673996875 0.17395996153846155 0.7459375 0.176796875 0.7514583341346154 0.17527831971153846 0.7572183653846154 0.17497558653846154 0.7616203701923077 0.17406249999999998
0 0.5975964495192307 0.5626611322115385 0.6219830240384615 0.5703759759615384 0.651246141826923 0.5642041009615385 0.675632716346154 0.5626611322115385 0.6963618822115384 0.5503125 0.7076774687499999 0.52626953125 0.7170910504807692 0.5163623052884615 0.7215277788461538 0.47895507692307693 0.7012384254807693 0.46234863221153844 0.6768518509615385 0.46234863221153844 0.6658796298076923 0.45617675721153844 0.6488078701923077 0.46543456971153846 0.632955247596154 0.46543456971153846 0.6122260793269231 0.4700683605769231 0.5988155865384616 0.4854980456730769 0.5854012355769231 0.5024755865384616 0.5841820985576923 0.53025390625 0.5963773149038462 0.53333984375 0.5975964495192307 0.5626611322115385
0 0.1018595673076923 0.3557568365384615 0.09820987740384615 0.35259765625 0.09216435096153847 0.34919433653846155 0.08486882692307693 0.3478564447115385 0.08198688221153846 0.349921875 0.07785879567307694 0.356484375 0.0740200625 0.35065429567307693 0.06729938221153846 0.3489501947115385 0.06173225240384616 0.3484667956730769 0.05750771634615385 0.34907226442307693 0.05548996875 0.3512597668269231 0.05405092548076924 0.35830566346153847 0.055972221153846154 0.36462402403846156 0.06000385817307692 0.3726464855769231 0.06278549278846154 0.3837011706730769 0.06729938221153846 0.39099121153846156 0.07162037019230769 0.3936621105769231 0.07526620432692308 0.39499999999999996 0.0795871923076923 0.39293456971153845 0.08198688221153846 0.3898974615384615 0.08457947596153846 0.3875878894230769 0.08841820913461539 0.38601074278846154 0.10176311778846155 0.3828515625 0.1055054014423077 0.3800537115384615 0.11856481490384616 0.3714306634615384 0.11673996875 0.3664501947115385 0.10858024759615385 0.36158691346153843 0.1018595673076923 0.3557568365384615
0 0.7891473774038461 0.5090380865384615 0.79009259375 0.4993359375 0.7891473774038461 0.48984375 0.7868132716346155 0.47803222596153844 0.7833719134615384 0.46931152403846155 0.7798148149038462 0.46734375 0.7774266971153847 0.46755371153846154 0.77326003125 0.46868164182692307 0.7698688269230769 0.4700878918269231 0.7659799374999999 0.47275878846153846 0.7631481490384615 0.476484375 0.759648920673077 0.4790136730769231 0.7567052475961538 0.4795068365384615 0.7538155865384616 0.48393554807692307 0.7529243822115385 0.4914599615384615 0.7514814807692307 0.498984375 0.7508140432692307 0.5093896490384615 0.7527044759615384 0.5142431634615384 0.7619251538461539 0.51234375 0.7827044759615384 0.515224610576923 0.7856481490384616 0.5129052740384615 0.7891473774038461 0.5090380865384615
0 0.8085802475961539 0.20089355528846153 0.8111381177884615 0.18874511778846154 0.8123379639423077 0.18418945432692307 0.8085802475961539 0.17953125 0.8030594134615385 0.17578613221153847 0.7984182091346154 0.17497558653846154 0.79017746875 0.17345703125 0.7836998461538461 0.17477050721153847 0.7809799374999999 0.17791015625 0.7802584879807692 0.1889453125 0.7800192908653846 0.19734863221153848 0.7792206778846154 0.20524902403846154 0.7837808653846154 0.20939941346153848 0.7895408942307692 0.2117285168269231 0.7965779326923077 0.21253906250000001 0.8020177475961539 0.2139550793269231 0.8066589495192308 0.207578125 0.8085802475961539 0.20089355528846153
0 0.4110532403846153 0.6100878894230769 0.40525848798076924 0.61779296875 0.4020717596153846 0.6232910144230769 0.39888503124999997 0.6346582019230769 0.39772376442307694 0.6434619134615385 0.39975308653846153 0.6551953125 0.4009143509615385 0.6636328125000001 0.4081558653846154 0.6706005865384616 0.4406095673076923 0.6779345697115384 0.4568364206730769 0.6731689447115384 0.4745138894230769 0.6603320312500001 0.4996527788461539 0.664208983173077 0.5052276225961538 0.6617968750000001 0.504066358173077 0.6482275384615386 0.4936381177884615 0.6232910144230769 0.46320987740384617 0.5939550793269232 0.4391628076923077 0.5847851562499999 0.4229359567307692 0.5844189447115384 0.4162692908653846 0.5965185552884615 0.4139506177884615 0.6012890625 0.4110532403846153 0.6100878894230769
0 0 0.298046875 0.0029050937499999997 0.29946777403846153 0.008576389423076923 0.30163574278846156 0.01706404326923077 0.3023339831730769 0.021612653846153847 0.3066455072115385 0.026732252403846152 0.30923828124999997 0.0325424375 0.3079443365384616 0.041520062499999996 0.3076220697115385 0.04804012259615385 0.3029345697115385 0.059521605769230775 0.2893261706730769 0.06346064903846153 0.2774853509615384 0.06493441346153847 0.2631542980769231 0.06296682211538461 0.24486328124999998 0.06050540144230769 0.23613769471153848 0.05721836538461538 0.22970703125 0.05607638942307692 0.22367675721153846 0.05262731490384616 0.21744628846153846 0.048198302884615386 0.2087207019230769 0.053020834134615384 0.20298828124999999 0.051604937499999996 0.1983300793269231 0.04234953605769231 0.18930663942307693 0.03295524759615385 0.19825683653846154 0.023877314903846154 0.2072265625 0.01706404326923077 0.21512695192307693 0.01168595673076923 0.22088378846153847 0.004027778846153846 0.22985839903846153 0 0.23703613221153846 0 0.298046875
0 0.6663194447115385 0.5612939447115385 0.6499575624999999 0.5617333990384615 0.6363773149038461 0.5674609375 0.6207098774038461 0.5749511730769231 0.6168788581730769 0.5775976562499999 0.6231481490384615 0.5894921875 0.6328973774038461 0.6013916009615385 0.6391628076923077 0.6031542956730769 0.6840779326923077 0.6150537115384616 0.6851195985576923 0.596103514423077 0.6858179014423077 0.5846484375000001 0.6840779326923077 0.5709863293269231 0.6663194447115385 0.5612939447115385
0 0.36320216105769226 0.32929199278846155 0.36320216105769226 0.32135742067307693 0.36616512259615386 0.3103955072115384 0.3744868822115385 0.30203125 0.38041280769230773 0.29409668028846153 0.38121142067307695 0.28630859375 0.3806404326923077 0.27404785096153844 0.3758526225961539 0.27318359375 0.36741898076923074 0.2723193365384616 0.35750385817307695 0.26958007932692307 0.35021219230769235 0.27044433653846156 0.3449691346153846 0.27477050721153845 0.335625 0.28111816346153845 0.3278742283653846 0.2864550769230769 0.3188734567307692 0.29640625000000004 0.30884259375 0.30953125 0.30326003125 0.32467773557692303 0.30622299278846155 0.3375146490384615 0.31408564903846153 0.34631347596153844 0.3222916658653846 0.34818847596153846 0.33311728365384613 0.34169433653846154 0.3466782403846154 0.34241699278846155 0.3576195985576923 0.3453027355769231 0.36126543269230765 0.34299316346153846 0.36309027884615386 0.33880859375 0.36320216105769226 0.32929199278846155
0 0.22579089423076923 0.3057763677884615 0.22439429086538462 0.30138671875 0.22045910576923078 0.29792480528846155 0.21606095673076925 0.2947216802884615 0.20832561778846154 0.29193847596153844 0.20265817788461538 0.2915136730769231 0.19832561778846153 0.2916845697115385 0.19206018509615383 0.29294921874999996 0.18645833413461538 0.29395996153846154 0.18279320913461536 0.29674804567307694 0.18346450721153845 0.3015576177884615 0.19039351923076925 0.30636230528846153 0.19445987740384615 0.30982421875 0.20179398076923077 0.31437988221153845 0.20805941346153847 0.31851562499999997 0.21525848798076924 0.32054199278846157 0.22219135817307695 0.31395996153846156 0.22579089423076923 0.3057763677884615
0 0.10986496874999999 0.43364746153846156 0.10986496874999999 0.456796875 0.12449845673076923 0.45525390625 0.14156635817307692 0.44753418028846154 0.16229552403846154 0.44136230528846154 0.17205246875 0.42901855528846156 0.16717206730769232 0.4197558581730769 0.15619984615384613 0.4058691418269231 0.13912808653846154 0.4058691418269231 0.11961805528846153 0.3858056634615385 0.10742669711538462 0.3811767572115385 0.08547839423076924 0.38889160096153846 0.07572530769230769 0.40432617067307697 0.06962577163461539 0.4197558581730769 0.08060185096153846 0.42747558653846157 0.0903549375 0.41821288942307694 0.10986496874999999 0.43364746153846156
0 0.8147800937499999 0.3319238269230769 0.8116473774038462 0.33384765625 0.8076581778846154 0.3446630865384615 0.8031018509615385 0.35572265625 0.7973070985576923 0.36762206971153844 0.7921797836538461 0.3735107427884615 0.7936998461538463 0.3785595697115385 0.7959760793269232 0.3819238293269231 0.8066126538461538 0.38408691346153845 0.8141165120192307 0.3837255865384615 0.8232330240384615 0.38288574278846155 0.8333950625 0.383125 0.8391898149038461 0.3803613269230769 0.8487808653846154 0.3795214831730769 0.8578009254807692 0.3773583990384616 0.8619830240384616 0.3714697259615385 0.8642592596153846 0.3662988293269231 0.8593209879807693 0.3587255865384616 0.8503009254807693 0.34947265625 0.8414699062500001 0.3412988269230769 0.8316859567307693 0.33288574278846156 0.8261766971153846 0.33072265624999997 0.82209490625 0.3316845697115385 0.8147800937499999 0.3319238269230769
0 0.1300308653846154 0.5322509759615385 0.12237268509615386 0.5344580072115385 0.11262345673076922 0.540625 0.10913966105769231 0.5498779302884615 0.10565972115384616 0.5600146490384615 0.1098379639423077 0.5732324206730769 0.12097993750000001 0.5829296875 0.1328163581730769 0.5882177740384615 0.15405478365384614 0.5824853509615384 0.1596257716346154 0.5705908197115385 0.15927855048076925 0.5560498052884616 0.14186728365384615 0.534013673076923 0.13734182211538462 0.5322509759615385 0.1300308653846154 0.5322509759615385
0 0.29908950721153843 0.45432128846153846 0.2916242283653846 0.4553271490384615 0.2859066346153846 0.45703125 0.2807445985576923 0.45904296875 0.2748688269230769 0.46376953125 0.27145447596153843 0.4685888677884616 0.26907407451923077 0.47683105528846154 0.27185185096153847 0.48457031250000004 0.27915894951923076 0.48869140625 0.28749614182692307 0.49060058653846156 0.29614969230769234 0.4856738269230769 0.30139274759615386 0.4793457043269231 0.30702932211538464 0.47693359375 0.3105246923076923 0.4712060552884615 0.3071875 0.4612548822115385 0.30432870432692305 0.45632812500000003 0.29908950721153843 0.45432128846153846
0 0.6390586418269231 0.6730859375 0.6609915120192308 0.6845410168269231 0.6766628076923078 0.675732423076923 0.6874537043269231 0.6655957019230769 0.6958101850961539 0.6501708990384615 0.6912847211538462 0.6373925793269231 0.6853665120192307 0.6210888677884616 0.6780516971153846 0.6135986322115385 0.6693479927884615 0.6100732427884615 0.6592515432692309 0.6109521490384615 0.6341820985576923 0.60875 0.6233912043269231 0.6237353509615384 0.6213001538461539 0.6422412115384616 0.6289621923076923 0.6594238269230769 0.6390586418269231 0.6730859375
0 0.7096990745192309 0.3639306634615384 0.6965702163461539 0.36123046875 0.6873804014423077 0.35728515625 0.6758912043269232 0.36060546875 0.6714621923076923 0.3670458990384615 0.6691628076923077 0.3770166009615385 0.6699845673076923 0.3871923822115385 0.6711342596153845 0.3963330072115384 0.6714621923076923 0.40505371153846154 0.6781905865384614 0.40775390625 0.6827854927884616 0.40879394471153846 0.6891859567307693 0.4069238293269231 0.6973919759615386 0.397578125 0.7090432091346154 0.38615234375 0.7146219134615385 0.3790917980769231 0.7096990745192309 0.3639306634615384
0 0.578441358173077 0.6165478509615384 0.5789158942307693 0.6102978509615384 0.5765432091346153 0.6036865240384615 0.5714120360576923 0.6012792980769232 0.56353009375 0.6012792980769232 0.5571682091346154 0.601640625 0.5502353389423077 0.6022412115384616 0.5435879639423077 0.601884766826923 0.5360841057692307 0.6042871081730768 0.5313348774038462 0.60548828125 0.52611496875 0.6099365240384615 0.5220293221153847 0.6170263677884615 0.5196566346153846 0.6249609374999999 0.5187075624999999 0.6366210937500001 0.5196566346153846 0.64287109375 0.5313348774038462 0.6434716802884615 0.5402623461538462 0.6481591802884614 0.5508989206730769 0.6505615240384616 0.5563155865384615 0.65080078125 0.5650501538461539 0.6505615240384616 0.5694212956730769 0.6432275384615385 0.5739776225961538 0.6352978509615385 0.5770177475961538 0.6223144519230769 0.578441358173077 0.6165478509615384
0 0.3520601850961539 0.8478320312500001 0.3602276225961539 0.8228515624999999 0.3578433653846154 0.788828125 0.36805169711538466 0.76341796875 0.3758796298076923 0.7522216802884615 0.37043595673076923 0.7479150384615385 0.35103780769230764 0.7423144543269231 0.3428703701923077 0.7362841802884615 0.33232253125 0.7216406249999999 0.32075231490384615 0.7181982427884616 0.31394675961538465 0.7293945312500001 0.3030594134615385 0.7427441394230769 0.28944444471153846 0.7608349615384615 0.2768557091346154 0.7741845697115385 0.2717515432692308 0.7827978509615385 0.2727700625 0.7922753918269231 0.27005015384615383 0.8008886730769231 0.265625 0.8090722668269231 0.2543942908653846 0.8185449230769231 0.24997299278846155 0.8232812500000001 0.24827160576923074 0.8262988293269231 0.24520833413461537 0.84697265625 0.24180555528846154 0.8702294927884615 0.2380632716346154 0.8908984375 0.24248456730769233 0.8930517572115384 0.2486111105769231 0.89046875 0.2554166658653846 0.8939160144230769 0.26426311778846157 0.8995117187499999 0.2720910504807692 0.9033886706730769 0.2901273149038462 0.8878857427884616 0.3033989206730769 0.8728125 0.3149691346153846 0.8598925769230769 0.3520601850961539 0.8478320312500001