0 0.9617110336538462 0.3732436346153846 0.9570601850961539 0.36516493028846153 0.9514293990384615 0.3644299759615385 0.9470216057692308 0.36626446874999996 0.9435956778846154 0.3699392355769231 0.9386979158653846 0.3798524302884615 0.9360050144230769 0.39527488461538457 0.93673996875 0.4084953701923077 0.9472665889423078 0.41914351923076926 0.9582831778846154 0.4294270841346154 0.9712577163461538 0.4283246538461538 0.9744405865384616 0.41694155048076925 0.9666068677884615 0.38021990625 0.9648939038461539 0.3769155096153846 0.9617110336538462 0.3732436346153846
0 0.7528510793269232 1 0.76673996875 0.9902401610576923 0.7711265432692307 0.969406829326923 0.7418865745192308 0.9398032403846154 0.7353067139423076 0.9419965288461539 0.7250733028846154 0.9474768509615384 0.722880014423077 0.9584432860576922 0.71703125 0.9759866899038462 0.71703125 0.9924334495192307 0.7236111105769231 1 0.7528510793269232 1
0 0.5199807091346154 1 0.5315547836538461 0.9951562500000001 0.5425192908653846 0.9549537043269231 0.5382561730769231 0.9412471057692307 0.5266820985576923 0.9293663197115385 0.5023148149038461 0.9275405096153846 0.49439621875 0.9403327548076923 0.4883043990384615 0.9604340288461538 0.47916666586538464 0.9915017355769231 0.48586805528846155 0.9997251153846154 0.49439621875 1 0.5199807091346154 1
0 0.3105999230769231 0.7610734951923077 0.3105999230769231 0.7786197908653846 0.3208333341346154 0.807126735576923 0.33618441346153843 0.807126735576923 0.36396219230769233 0.7961631947115385 0.3763888894230769 0.7797135408653847 0.36761767067307694 0.7501099543269232 0.3354533173076923 0.7303732644230769 0.31937114182692306 0.74353009375 0.3105999230769231 0.7610734951923077
0 0.12463541586538461 0.027502894230769234 0.10331404326923077 0.03115740625 0.08138503124999999 0.0403067139423077 0.06737268509615385 0.051261574519230774 0.061280865384615385 0.09420717548076923 0.061280865384615385 0.13898148076923078 0.08382137259615385 0.14811631971153846 0.11671489182692309 0.15451388942307692 0.1307253076923077 0.13075520913461539 0.14656442788461538 0.09055266105769232 0.1587480721153846 0.05583043990384616 0.14961033894230769 0.03298611057692308 0.14229938221153846 0.03115740625 0.12463541586538461 0.027502894230769234
0 0.050364584134615385 0.512170139423077 0.027704475961538463 0.5154600697115385 0.01016589423076923 0.5198495360576924 0.001388889423076923 0.5483564807692308 0.0065065576923076926 0.5779600697115385 0.014546682692307692 0.5998900456730769 0.024780093750000003 0.6240133100961539 0.03647569471153846 0.6404600697115386 0.059137730769230776 0.64375 0.07156442788461538 0.6426533557692308 0.07668209855769231 0.6075665504807692 0.07083333413461539 0.5417766201923077 0.06498456730769231 0.5231365745192308 0.050364584134615385 0.512170139423077
0 0.7777044759615385 0.44089988461538465 0.7740489975961539 0.45625000000000004 0.7769733798076923 0.4694068293269231 0.7857465288461539 0.4770833341346154 0.8062133485576923 0.4913368052884615 0.8230266201923077 0.4913368052884615 0.8244888125000001 0.4573466442307692 0.7894000769230769 0.42335648076923077 0.7850154326923077 0.424453125 0.7777044759615385 0.44089988461538465
0 0.8142534711538462 0.2661197908653846 0.7896932860576923 0.2661197908653846 0.7774131947115385 0.2661197908653846 0.7405709879807693 0.30164351923076926 0.7239043221153847 0.35559317067307694 0.7282889663461538 0.3858564807692308 0.7475868052884616 0.4082233798076923 0.7896932860576923 0.4082233798076923 0.8160088725961538 0.4174334495192307 0.8756577932692308 0.39769675961538464 0.8282889663461539 0.2753298605769231 0.8256577932692307 0.27138020913461536 0.8142534711538462 0.2661197908653846
0 0.6929089495192307 0.30164351923076926 0.6702488437499999 0.31370659615384616 0.6585532403846154 0.32576678124999997 0.6600154326923077 0.34331018509615385 0.6702488437499999 0.35646990625 0.6951022379807692 0.361953125 0.7199556322115386 0.3652401610576923 0.7243422067307693 0.3476967596153846 0.7265354927884615 0.29506655048076924 0.7133776995192308 0.29506655048076924 0.6929089495192307 0.30164351923076926
0 0.27478009375 0.8926533557692308 0.2806288581730769 0.8575665504807692 0.2784355721153846 0.8400231490384615 0.2718576394230769 0.8180931706730769 0.2645466826923077 0.8082233798076923 0.2513888894230769 0.8082233798076923 0.23165123557692308 0.8169965288461539 0.21410879567307692 0.8224768509615384 0.20095100240384617 0.8400231490384615 0.2148398918269231 0.861953125 0.22872878125 0.8674334495192307 0.26162230048076923 0.89375 0.27478009375 0.8926533557692308
0 0.5883776995192307 0.6547135408653847 0.5730266201923077 0.655810185096154 0.55767746875 0.6569155096153847 0.5459799375000001 0.6876099543269232 0.5364756947115384 0.7084432860576922 0.5379378846153846 0.7347598389423078 0.5437866514423078 0.7479166658653846 0.5598688269230769 0.7654600697115386 0.5854533173076922 0.7731365745192308 0.6176176706730769 0.7391435192307692 0.6066512355769231 0.6788368052884616 0.5986111105769231 0.6667766201923077 0.5883776995192307 0.6547135408653847
0 0.5579378846153846 0.4065133100961538 0.5298688269230769 0.4040133100961538 0.49820216105769227 0.40125 0.4736400456730769 0.4000665504807692 0.44820216105769234 0.39348668990384617 0.41583333413461543 0.3948032403846154 0.37627121875 0.40125 0.36574652884615383 0.41059317067307693 0.34118441346153844 0.4369068293269231 0.30881558653846153 0.46717013942307695 0.29907986057692304 0.48822337980769226 0.29907986057692304 0.52625 0.29828896634615387 0.5711197908653847 0.2780266201923077 0.6249334495192307 0.25434220673076924 0.6540133100961539 0.25434220673076924 0.6828298605769232 0.29557098798076925 0.7026967596153846 0.39565779326923073 0.7420399302884615 0.4570621153846154 0.7276967596153846 0.52021990625 0.717170139423077 0.5429378846153846 0.6605931706730769 0.6210956778846154 0.5303298605769231 0.62978009375 0.47769675961538466 0.5956577932692307 0.41980324038461536 0.5579378846153846 0.4065133100961538
0 0.6300443677884615 0.5012065961538462 0.6161554783653845 0.5297135408653847 0.6432021610576922 0.5516435192307692 0.6629378846153846 0.5428732644230769 0.6775578701923077 0.5209432860576924 0.6921778557692307 0.48366319471153846 0.6446643509615384 0.4726967596153846 0.6424710649038462 0.4792766201923077 0.6300443677884615 0.5012065961538462
0 0.09337769951923078 0.7338802091346154 0.06793788461538462 0.7444068293269231 0.05214892067307692 0.7654600697115386 0.04951774759615384 0.78125 0.05302662019230769 0.7957233798076923 0.06267554086538461 0.8259866899038462 0.07320216105769231 0.8233564807692308 0.09425347115384615 0.8009866899038461 0.11881558653846154 0.7786197908653846 0.14688657451923076 0.7601967596153846 0.14513117307692308 0.7325665504807692 0.13109567788461537 0.7141435192307692 0.11179783894230769 0.724670139423077 0.09337769951923078 0.7338802091346154
0 0.20504436778846152 0.5751099543269231 0.20358217548076923 0.5849768509615385 0.20431327163461538 0.6025231490384615 0.22112654326923076 0.6255468750000001 0.25182677403846154 0.6376099543269231 0.2759510024038461 0.6003298605769231 0.2489043221153846 0.5827864591346154 0.23428433653846154 0.5751099543269231 0.20504436778846152 0.5751099543269231
0 0 0.3224739591346154 0.012793209134615385 0.34912615625 0.05086419711538462 0.34379629567307696 0.0726929014423077 0.2874479158653846 0.06863232932692308 0.24099826442307692 0.055941358173076924 0.22424768509615384 0.03411265384615385 0.22500868028846155 0.00720871875 0.18998263942307692 0.004670139423076923 0.20445023076923075 0 0.26155960576923076 0 0.3224739591346154
0 0.14518325721153846 0.8434606490384616 0.15990547836538463 0.8419386562500001 0.1715798605769231 0.83584490625 0.17665702163461539 0.8236631947115385 0.16701195913461536 0.8038657403846153 0.1502604158653846 0.7924421298076924 0.13249228365384616 0.7871122692307692 0.12284722115384615 0.7848292812500001 0.11370949038461539 0.7886371538461538 0.08985146634615385 0.8130034711538462 0.09746527884615384 0.8297540504807692 0.10609567788461538 0.8465075240384615 0.12284722115384615 0.8457436346153846 0.14518325721153846 0.8434606490384616
0 0.22141782451923075 0.4694068293269231 0.21703124999999998 0.4441898149038461 0.20899112740384615 0.4277401610576923 0.19510223798076923 0.424453125 0.17244212980769233 0.424453125 0.1541666658653846 0.4266435192307692 0.14978009374999998 0.46611979086538463 0.14904899759615384 0.4913368052884615 0.15270447596153847 0.5033998846153847 0.15855324038461538 0.5253298605769231 0.16951774759615384 0.5362934038461539 0.17975115625000002 0.55603009375 0.18486882692307693 0.5691898149038461 0.2148398918269231 0.5724768509615384 0.22214892067307693 0.5549334495192307 0.22361111057692307 0.5253298605769231 0.22361111057692307 0.505593170673077 0.22141782451923075 0.4694068293269231
0 0.0564486875 0.37958333413461537 0.043757716346153844 0.37653935096153845 0.02649884375 0.3674016201923077 0.01685378125 0.3681626153846154 0.006194057692307692 0.368923610576923 0.0016242283653846155 0.38491319471153845 0.004162807692307692 0.39709780048076926 0.012793209134615385 0.4039496538461539 0.03360532451923077 0.4085185192307692 0.07066357932692308 0.40471064903846155 0.0691396610576923 0.38872106490384617 0.06203317788461538 0.38263020913461543 0.0564486875 0.37958333413461537