0 0.2338541658653846 0 0.22799768509615384 0.045503471153846155 0.24188657451923076 0.07730324038461538 0.26308449038461534 0.11129340384615385 0.28282214423076923 0.11019675961538462 0.3069444447115385 0.09594328605769231 0.32960455288461543 0.05427662019230769 0.3288734567307693 0.0016435192307692307 0.3339911274038462 0 0.2338541658653846 0
0 0.4614467596153846 0.21190682932692306 0.3973244591346154 0.20532986057692307 0.3069733798076923 0.2000665504807692 0.28776234615384616 0.19335648076923076 0.2745177475961538 0.19743344951923078 0.23767361057692307 0.2302083341346154 0.1780266201923077 0.2842766201923077 0.12013117307692307 0.41835648076923077 0.09478009375 0.5788802091346154 0.10083333413461538 0.7645399302884616 0.13065779326923077 0.8948032403846155 0.26934220673076925 0.8867766201923076 0.3456577932692308 0.907829860576923 0.4148688269230769 0.8920399302884616 0.6237287812500001 0.7315133100961538 0.8428819447115384 0.4634837956730769 0.9438657403846153 0.28888888942307694 0.62303240625 0.25570023076923076 0.5218865745192308 0.22493344951923078 0.4614467596153846 0.21190682932692306
0 0.7850443677884615 0.11453993028846154 0.7517978389423077 0.08296006971153846 0.7316223004807691 0.07769675961538461 0.7025868052884616 0.07361979086538462 0.6876755408653845 0.07361979086538462 0.6736400456730769 0.09467013942307692 0.6658333341346154 0.13019675961538463 0.6517978389423077 0.15532986057692308 0.6508333341346154 0.19598668990384616 0.6561844134615384 0.23677662019230766 0.6569733798076923 0.2448032403846154 0.7947800937499999 0.2790133100961538 0.8017978389423077 0.22901331009615383 0.822851079326923 0.1842766201923077 0.8175 0.15532986057692308 0.7850443677884615 0.11453993028846154
0 0.6410088725961539 0.14528645913461538 0.6125 0.12335648076923077 0.5956867283653846 0.11458333413461538 0.5613310192307692 0.1398032403846154 0.5569444447115385 0.18146990624999998 0.5437866514423078 0.21436342548076923 0.5474421298076924 0.22423321875 0.6424710649038462 0.24067997596153848 0.64978009375 0.22971354086538462 0.6439332572115385 0.19682002403846152 0.64173996875 0.1584432860576923 0.6410088725961539 0.14528645913461538
0 0.5895177475961538 0.03559317067307692 0.5736400456730769 0.028880209134615385 0.5158333341346154 0.042039930288461536 0.49995563221153844 0.052566550480769234 0.4746045528846154 0.08032986057692308 0.46925347115384614 0.10927662019230769 0.4640798605769231 0.15796006971153845 0.4640798605769231 0.19217013942307692 0.48328896634615387 0.2276967596153846 0.5123244591346153 0.22901331009615383 0.5368865745192308 0.22493344951923078 0.5588155865384615 0.18546006971153844 0.5693422067307693 0.1407233798076923 0.5991666658653846 0.1051967596153846 0.6017110336538462 0.07506655048076924 0.5895177475961538 0.03559317067307692
0 0.8633043990384616 0.8830034711538463 0.8676909711538462 0.8479166658653846 0.8793865745192307 0.8051533557692309 0.8918132716346154 0.7744531250000001 0.8808487644230769 0.7547135408653846 0.8538020841346154 0.7470399302884616 0.8252932091346155 0.7415567139423077 0.7982465288461539 0.7305931706730769 0.7631577932692307 0.7174334495192307 0.7470756177884615 0.7240133100961538 0.7419598774038462 0.7558101850961538 0.7448823293269231 0.8062499999999999 0.7507310961538463 0.86326678125 0.7616956009615384 0.9235734951923077 0.7719290120192308 0.9641435192307692 0.7748533942307693 1 0.7989756947115385 0.9970399302884616 0.8698823293269231 0.9794965288461538 0.8538020841346154 0.9224768509615384 0.8530709879807692 0.907126735576923 0.8633043990384616 0.8830034711538463
0 0.7521932860576922 1 0.7697376538461539 0.9904600697115384 0.7697376538461539 0.9520833341346153 0.74122878125 0.8040567139423077 0.735380014423077 0.7952864591346154 0.7200289350961538 0.775546875 0.69225115625 0.7777401610576924 0.6864043221153846 0.7908998846153845 0.6710532403846153 0.8161197908653846 0.6432754639423077 0.8928732644230769 0.6301176706730769 0.9213802091346154 0.6279243822115385 0.9542766201923077 0.6293865745192307 0.9827864591346154 0.6293865745192307 1 0.7521932860576922 1
0 0.3244888125 0.08497685096153845 0.31790894951923077 0.11348668990384615 0.3186400456730769 0.14418981490384614 0.32595100240384617 0.1540567139423077 0.3354533173076923 0.14967013942307691 0.36250000000000004 0.15296006971153847 0.37565779326923077 0.1332233798076923 0.37200231490384617 0.10142650480769232 0.33618441346153843 0.05975983894230769 0.3339911274038462 0.060856480769230774 0.3244888125 0.08497685096153845
0 0.1746354158653846 0.04989004567307693 0.16293788461538464 0.0707233798076923 0.1358912043269231 0.09703993028846154 0.13004436778846154 0.11239004567307692 0.13735339423076923 0.13103009375 0.14247106490384615 0.16282986057692309 0.14685763942307692 0.1584432860576923 0.1651311730769231 0.14638020913461539 0.18340663461538462 0.13432002403846155 0.20021990625000002 0.11567997596153846 0.19875771634615386 0.09594328605769231 0.1958333341346154 0.04440682932692308 0.18486882692307693 0.04769675961538462 0.1746354158653846 0.04989004567307693
0 1 1 0.9992689038461537 0.43015335576923075 0.9700289350961538 0.4816898149038461 0.9619888125 0.5518634254807693 0.9371354158653846 0.5968200240384616 0.9261689807692307 0.6362934038461538 0.9086265432692309 0.7294965288461538 0.8932754639423077 0.7974768509615384 0.875 0.8413368052884616 0.8654899687500001 0.8676504639423077 0.8494212956730769 0.9378182860576924 0.8881577932692307 0.98826678125 0.9188599543269231 1 0.9554089495192308 1 1 1
0 0.8764621923076923 0.4432552091346154 0.8496585649038462 0.45513599519230774 0.8283391201923076 0.4752372692307692 0.8021450625 0.5227517355769231 0.7972704471153846 0.5410271995192308 0.8094540889423077 0.5656973389423077 0.8326022379807692 0.5940248846153846 0.8667148918269232 0.6269184038461538 0.9209317139423077 0.6598148149038461 0.9367689038461537 0.5967650456730769 0.951388889423077 0.5894560192307693 0.9361593365384615 0.5355439807692307 0.8977835649038461 0.4441695600961539 0.8953452932692307 0.4432552091346154 0.8764621923076923 0.4432552091346154