0 0.9035513125 0.47028067067307694 0.8974305552884616 0.43151909615384615 0.873632329326923 0.37745949038461535 0.8369116514423076 0.3121817139423077 0.8287519278846154 0.28974247596153846 0.8073881177884614 0.27013888942307696 0.7995119591346154 0.28668113461538464 0.7981520072115385 0.3213599543269231 0.7988329471153846 0.36114004567307695 0.8008719134615384 0.38868055528846157 0.8144714495192308 0.42642071875 0.8246720673076923 0.4498813653846154 0.8273919759615385 0.47232060096153844 0.8348707572115385 0.5273987259615385 0.8675115745192308 0.5273987259615385 0.8926716826923078 0.5212789350961539 0.9062712187499999 0.5151591442307693 0.9035513125 0.47028067067307694
0 1 0.09186342548076923 0.9790297067307693 0.09492187499999999 0.96951003125 0.1173640048076923 0.9525115745192309 0.16530381971153846 0.9443479927884616 0.2479166658653846 0.9110339495192308 0.26524884375 0.8885995360576923 0.3142071754807692 0.8858796298076924 0.36319444471153844 0.875671295673077 0.3988802091346154 0.9055922067307692 0.43763888942307694 0.9062712187499999 0.45497974519230766 0.9096720673076923 0.5182204855769231 0.9191917427884615 0.5304600697115385 0.9409510024038461 0.5345399302884615 0.9538715288461539 0.5263802091346154 1 0.4478298605769231 1 0.34686053125 1 0.19080150480769228 1 0.09186342548076923
0 0.9777700625 0 0.9466049375 0.005234375 0.9083545528846154 0.04915219951923077 0.8956057091346155 0.0696932860576923 0.8894656634615384 0.09802662019230769 0.8838001538461538 0.1362760408653846 0.88568865625 0.15681712980769233 0.8871045528846154 0.16815104086538463 0.9074093365384616 0.1745254639423077 0.9286593365384616 0.1596498846153846 0.95935378125 0.14265046394230768 0.9702160504807692 0.09377604086538462 0.9721045528846154 0.07535879567307692 0.9909934423076923 0.02436053125 0.9914660504807693 0.008776040865384615 0.9853260024038462 0 0.9777700625 0
0 0.9232716057692307 0.6171585649038461 0.9613503076923077 0.6028790504807693 0.9878703701923077 0.5855381947115385 0.9763098004807692 0.57228009375 0.9538715288461539 0.5518778942307693 0.9205516971153845 0.528420139423077 0.9096720673076923 0.5273987259615385 0.8858719134615385 0.5335185192307692 0.8545910504807692 0.5396383100961539 0.8382716057692308 0.5518778942307693 0.8552719903846153 0.5885995360576923 0.8709124230769232 0.6222598389423077 0.8749922836538461 0.6222598389423077 0.9232716057692307 0.6171585649038461
0 0.64853009375 0 0.6507966826923077 0.012303240384615385 0.658163579326923 0.039502314903846154 0.6666647379807693 0.06415219951923078 0.6779976850961538 0.08795428124999999 0.6870640432692308 0.11090277884615385 0.6989641201923077 0.1143026610576923 0.7142631177884616 0.10665219951923076 0.73919753125 0.07605324038461539 0.7465625 0.04375289423076923 0.7476967596153846 0 0.6490972211538462 0 0.64853009375 0
0 0.20217785576923075 1 0.28638888942307694 0.9818460649038462 0.2952006177884615 0.843781829326923 0.21784529326923077 0.7615277788461537 0.20119791586538463 0.7512471057692308 0.16790509374999998 0.7541840288461539 0.08271605048076923 0.7527170144230768 0.06117476923076923 0.7527170144230768 0.04158950721153846 0.8055931706730769 0.013194444711538463 0.887844329326923 0.002422838942307692 0.92896990625 0 1 0.20217785576923075 1
0 0.8049479158653846 0.39612268509615384 0.7955478389423077 0.3679224543269231 0.7990740745192307 0.3256221057692308 0.8025983798076923 0.29389467548076925 0.7920235336538461 0.26921875 0.7861477620192308 0.25159432932692305 0.7497222211538461 0.22163194471153844 0.7038966057692307 0.18638020913461537 0.6557195216346153 0.14584201442307693 0.6228182860576923 0.1211660889423077 0.5887422836538462 0.10706597115384617 0.5358661274038462 0.07357638942307693 0.48298996875 0.038327545673076925 0.4559645072115384 0 0.43128857932692305 0.02775173557692308 0.4148379639423077 0.050665509615384616 0.38193865625 0.11940393509615385 0.35256172836538463 0.18285590384615386 0.3278858028846154 0.24101851923076925 0.3161361875 0.29565682932692305 0.2867611875 0.40493634375 0.25150848798076925 0.47719907451923077 0.21860918269230767 0.51068865625 0.18335841105769232 0.5512268509615385 0.14928240625 0.6411168990384616 0.1633815576923077 0.6781307860576924 0.2562094903846154 0.79798321875 0.33141203605769226 0.85967303125 0.36666280769230764 0.9213628461538461 0.3831134254807692 0.9548495360576923 0.4324633485576923 0.9513252307692308 0.5017901225961539 0.9442737259615386 0.6145929783653846 0.8825868052884616 0.7226967596153846 0.8314728004807692 0.7826234567307692 0.7503964110576924 0.8025983798076923 0.7063310192307692 0.8554745360576923 0.6182031250000001 0.8437249230769232 0.5600405096153847 0.8284490745192308 0.4824884254807692 0.8319753076923077 0.4525260408653846 0.8049479158653846 0.39612268509615384
0 1 0.8484346057692308 0.9476871153846154 0.7646788197115384 0.8749286274038461 0.6606192139423077 0.8512403557692308 0.6606192139423077 0.8157079471153845 0.6834606490384616 0.780173610576923 0.7418373846153846 0.7463329471153847 0.8002112259615385 0.6312750769230769 0.8763541658653846 0.6058931322115385 0.9245775456730769 0.5906655096153846 0.9829513894230769 1 1 1 0.8484346057692308
0 0.6061882716346154 0.023478009615384616 0.5965297067307692 0.028619790865384614 0.5909220673076923 0.036562500000000005 0.5906114975961538 0.04263888942307692 0.5931037812500001 0.05011574038461538 0.5959066346153846 0.05806134375 0.6002681322115385 0.06974247596153846 0.6024498461538461 0.07721932932692308 0.6055651995192307 0.08329571875 0.614911264423077 0.08796875 0.6223881177884615 0.09170717548076923 0.6292418990384616 0.09871817067307692 0.64419753125 0.10526041586538462 0.649805170673077 0.10572627403846153 0.6513618822115385 0.09778356490384615 0.6479359567307692 0.08890335576923077 0.6451311730769231 0.08282696875 0.6379668221153847 0.06880787019230769 0.6339158942307692 0.05759259375 0.6245698293269231 0.046377314903846154 0.6152237644230769 0.029554399038461538 0.6124189807692308 0.02628182932692308 0.6061882716346154 0.023478009615384616
0 1 0.5754224543269231 0.9966859567307692 0.5793171298076923 0.9904552475961539 0.5867158557692307 0.9844830240384616 0.5929456009615385 0.9800694447115385 0.6038512740384616 0.9759162812500001 0.6128067139423077 0.9681269278846153 0.6283854158653847 0.967347608173077 0.631111110576923 0.9720216057692308 0.6474652788461538 0.9766956009615384 0.6751157403846153 0.9766956009615384 0.69264178125 0.9764351850961539 0.73353009375 0.97513503125 0.7452256947115384 0.9933101850961539 0.7483304399038461 0.9995408942307692 0.7553385408653847 1 0.6957552091346154 1 0.6159230312499999 1 0.5754224543269231
0 0.9667939807692308 0.7445717596153846 0.9517187500000001 0.74618634375 0.9484895841346154 0.7542621538461538 0.9479513894230769 0.7663744206730769 0.9581790120192307 0.7938310192307692 0.9732542427884615 0.8124045144230769 0.99747878125 0.8560098389423078 1 0.7494184038461539 0.9867129639423078 0.7469936346153846 0.9667939807692308 0.7445717596153846
0 0.8554668221153846 0.15894097115384614 0.8450771610576923 0.15823206009615387 0.8346894278846153 0.14194155048076923 0.8285493822115384 0.1362760408653846 0.81627121875 0.12565104086538462 0.8016338725961538 0.10581597115384615 0.7950231490384615 0.08031828605769231 0.7893557091346154 0.0696932860576923 0.7780227620192307 0.05198495432692308 0.7600771610576923 0.03640046394230769 0.7487442139423077 0.05906828605769231 0.7284394278846154 0.08385995432692309 0.7119116514423076 0.1185677091346154 0.7062461418269231 0.1469010408653846 0.7048283173076922 0.16319155048076925 0.7123842596153847 0.17877604086538462 0.7237172067307692 0.1915248846153846 0.7397723774038462 0.1993171298076923 0.7567727620192308 0.21489872596153844 0.7851060961538461 0.2474826394230769 0.8039949855769231 0.2658998846153846 0.8181616514423078 0.28360821875000003 0.8705767740384616 0.3686053245192307 0.8701041658653845 0.29635706009615387 0.8691608798076923 0.2566898149038461 0.8592438269230769 0.17877604086538462 0.8554668221153846 0.15894097115384614
0 0 0 0 0.042381365384615385 0 0.2591724543269231 0 0.6116840288461538 0 0.6434085649038461 0.037183641826923075 0.6398842596153845 0.12531057211538463 0.5870081009615384 0.1911130408653846 0.5499942139423077 0.22166280769230767 0.5129803245192307 0.25456404326923077 0.4689178245192308 0.28981481490384614 0.4089901610576923 0.30979166586538465 0.3367245360576923 0.32271605048076923 0.3032378461538462 0.35091628125 0.24331018509615385 0.3744174375 0.16047164423076923 0.3697183653846154 0.09525752403846154 0.3462172067307692 0 0 0