0 0.9730246923076924 0.3347916658653846 0.97017746875 0.32743923557692306 0.9660648149038462 0.31984664423076925 0.9613213725961539 0.31012152884615385 0.9587905096153846 0.3049045144230769 0.9489853389423076 0.29921006971153846 0.9451909711538462 0.29707465384615384 0.9385474543269231 0.2951765048076923 0.9364930552884616 0.29707465384615384 0.9350694447115384 0.3070370360576923 0.9347530865384616 0.31178240625 0.936651235576923 0.31913773076923074 0.9450327932692308 0.32601562500000003 0.9559432860576924 0.33668981490384614 0.9662229927884615 0.3400115745192308 0.9730246923076924 0.3347916658653846
0 0.3186516201923077 0.9418547451923077 0.3200752307692308 0.9390104158653846 0.32039158894230774 0.9354513894230769 0.31912615625 0.93046875 0.31786072596153847 0.9231163197115385 0.3167534711538461 0.9193200240384616 0.30853009375 0.9167100697115385 0.3023630408653846 0.9181336802884614 0.2974594903846154 0.9174218749999999 0.29556134375 0.9197945600961539 0.2942978389423077 0.9243026610576923 0.2955632716346154 0.9326041658653845 0.29840856490384615 0.9364004639423077 0.30536651201923076 0.9416174759615384 0.3169116514423077 0.9425665504807692 0.3186516201923077 0.9418547451923077
0 0.8895640432692308 0.5341145841346153 0.8805169759615384 0.5171875 0.8666859567307692 0.48984375 0.8477835649038461 0.45931134375 0.8372897379807692 0.44406249999999997 0.8041685961538462 0.41553240625 0.7844926706730769 0.3958564807692308 0.7730150456730769 0.3830671298076923 0.7579301706730769 0.37027777884615387 0.7392380408653847 0.35945601923076925 0.7284162812499999 0.35601273076923073 0.7175945216346153 0.3609317139423077 0.7248090288461538 0.37568865625000003 0.73595871875 0.39290509375 0.748420139423077 0.41602430528846157 0.7539949855769231 0.43373263942307694 0.7907233798076923 0.55228009375 0.8118248461538461 0.5445023149038462 0.8369618052884615 0.55228009375 0.865819829326923 0.5508043990384615 0.8895640432692308 0.5341145841346153
0 0.8675443677884616 0.7526851850961538 0.8741493052884616 0.7400462956730769 0.8734664350961538 0.72740740625 0.8709606490384616 0.7096440961538462 0.8584355721153846 0.7041782403846154 0.8399903557692308 0.6935879639423077 0.8320196754807692 0.6881221057692308 0.8226832572115386 0.6857320600961538 0.8101581778846154 0.6891493052884615 0.8051466057692308 0.6963223389423077 0.7962654326923077 0.7140856490384616 0.79193865625 0.7219415504807691 0.7896624230769231 0.7315046298076923 0.7853356490384615 0.7448263894230769 0.7823746153846154 0.75985821875 0.7821469903846154 0.7731799759615385 0.7810088725961539 0.784453125 0.7830574855769231 0.8032407403846153 0.7848784711538461 0.8063136562500001 0.789890045673077 0.8220283557692307 0.8099286274038462 0.8158796298076924 0.8393055552884616 0.7967505793269231 0.8552469134615385 0.77693865625 0.8675443677884616 0.7526851850961538
0 0 0.47692129567307695 0.007069829326923077 0.47396990625 0.023991127403846155 0.46629629567307695 0.04406057211538462 0.4627546298076923 0.053898533653846156 0.45212962980769233 0.07514853365384616 0.4184837956730769 0.09994019951923076 0.3700810192307692 0.13024112740384616 0.25438946875 0.13220871875 0.23313946875 0.12866705288461538 0.20834780048076923 0.11882908894230769 0.18650752403846155 0.10190779326923077 0.16997974519230769 0.04169945913461538 0.12098668990384616 0 0.09560474519230769 0 0.47692129567307695
0 0.1077816346153846 0.7122048605769231 0.10986882692307692 0.6999652788461539 0.11119598798076923 0.6888628461538461 0.11119598798076923 0.6751996538461539 0.11024884374999999 0.6672280096153845 0.10360532451923077 0.6655208341346154 0.09791280769230769 0.6646672451923077 0.09297839423076923 0.6598292812500001 0.08690586538461538 0.6512876153846154 0.08140239182692308 0.6441724543269232 0.07608796394230768 0.6418952548076924 0.06489197596153846 0.63876446875 0.05236689903846154 0.63876446875 0.04610339423076923 0.63904803125 0.03889274759615385 0.6424623846153845 0.032440199519230765 0.6504340288461539 0.028645834134615387 0.6555584495192307 0.02143325721153846 0.6606828701923076 0.011186343750000001 0.6706452548076923 0.009099151442307692 0.6820312500000001 0.007201002403846154 0.6979716442307692 0.010046295673076923 0.7022424759615385 0.020106096153846155 0.6982581009615385 0.024660492788461538 0.7164756947115385 0.028834877403846156 0.7304253461538461 0.03282021634615385 0.7364004639423077 0.039081790865384616 0.7386805552884615 0.04572530769230769 0.7284317139423078 0.052555942307692304 0.7227372692307692 0.059388502403846154 0.7201765048076924 0.06641010817307692 0.7193229158653847 0.07476080288461538 0.7216001153846154 0.07817515384615385 0.7312789350961538 0.08481867307692308 0.7230237259615385 0.09146026201923077 0.7247309038461538 0.10265624999999999 0.7159056706730769 0.1077816346153846 0.7122048605769231
0 0.90578125 0.3921035889423077 0.9098919759615385 0.3906799759615385 0.9141628076923076 0.38878472115384616 0.9177989975961538 0.3868865745192308 0.9196971442307693 0.3842766201923077 0.9204880408653846 0.3785821754807692 0.9214371153846154 0.3721788197115385 0.9211207572115385 0.3660098389423077 0.9201716826923078 0.36221354086538465 0.9173244591346154 0.35865740625 0.9102083341346153 0.3529629639423077 0.90578125 0.3513020841346154 0.9008776995192308 0.3543865745192308 0.8962924375000001 0.35984374999999996 0.8882272379807692 0.36838252403846156 0.8852218365384614 0.3766840288461539 0.8913966057692307 0.39140624999999996 0.8926543221153846 0.39945891105769227 0.8953433653846155 0.3968489591346154 0.9019849543269232 0.3930526610576923 0.90578125 0.3921035889423077
0 0.8412210649038462 0.011235531250000002 0.8402334110576923 0.012387153846153846 0.83693865625 0.01634259375 0.8363888894230769 0.01980034615384615 0.8368287043269231 0.024742475961538463 0.8390258485576924 0.027048610576923076 0.8418807860576922 0.02984953605769231 0.8447357259615385 0.031660879807692305 0.8470428245192309 0.03050925961538462 0.8480304783653847 0.023096064903846154 0.8467129639423077 0.013211805288461538 0.8449556322115386 0.009421295673076922 0.8427584879807692 0.009916088942307692 0.8412210649038462 0.011235531250000002
0 0.1497048605769231 0.7842013894230769 0.15413387259615385 0.7875231490384615 0.1566628076923077 0.7889467596153845 0.15840277884615384 0.7849131947115384 0.16298996875 0.7806423605769232 0.17247878125 0.7747135408653846 0.17326774759615388 0.7692563653846154 0.17326774759615388 0.76071759375 0.1671006947115385 0.75193865625 0.16409722115384615 0.740078125 0.16188271634615384 0.7308275456730768 0.1542920528846154 0.7248958341346154 0.14780671394230768 0.7199160889423077 0.14258873557692306 0.7168315961538462 0.13515625 0.7094762740384616 0.13072723798076924 0.708767360576923 0.1272492283653846 0.7082928245192307 0.12440200721153846 0.7097135408653846 0.12424382692307692 0.7173061346153846 0.1256674375 0.7260821754807693 0.1272492283653846 0.7327256947115385 0.12756558653846153 0.7369936346153847 0.1305690576923077 0.7479079855769231 0.12788194471153846 0.7619039350961538 0.13151813221153846 0.7709172451923076 0.14069058653846153 0.7789814807692307 0.1497048605769231 0.7842013894230769
0 1 0.31059027884615387 0.9912114206730769 0.2980237259615385 0.9848842596153846 0.293515625 0.978242670673077 0.2939901610576923 0.9722337956730769 0.299921875 0.9712847211538461 0.3089351850961538 0.9804571754807692 0.3155787043269231 0.9828279326923077 0.3172395841346154 0.9810898918269231 0.3234056706730769 0.9861496923076923 0.32625289423076925 1 0.32269386538461536 1 0.31059027884615387
0 0.1230883485576923 0.7151475697115385 0.12087577163461538 0.7115885408653846 0.11976851923076923 0.7111140048076923 0.11533950721153846 0.7118258100961538 0.11043788461538462 0.7134866899038462 0.1047453701923077 0.7160966442307692 0.10047453605769231 0.7198929399038462 0.09794367307692307 0.7246354158653846 0.09731095673076923 0.7319907403846154 0.09826003125 0.7395804399038461 0.10142361057692308 0.7478819447115386 0.10506172836538462 0.7504918990384616 0.11075424278846155 0.7535763894230769 0.11565586538461538 0.7578472211538462 0.12103394951923077 0.759982639423077 0.12593557211538461 0.7545254639423077 0.1298900456730769 0.7483564807692308 0.12609375 0.7319907403846154 0.1245119591346154 0.7225 0.12372106490384614 0.7184693293269231 0.1230883485576923 0.7151475697115385
0 0.87446759375 0.2684751153846154 0.87712384375 0.27416956009615384 0.8799710649038462 0.28103009375 0.8843364206730769 0.2924160889423077 0.8881307860576922 0.2949768509615385 0.8942052475961538 0.2949768509615385 0.9027449855769232 0.2964004639423077 0.9059702932692308 0.30237847115384614 0.9061593365384616 0.3131973389423077 0.9078684423076923 0.31547453605769227 0.9114737644230769 0.3029484951923077 0.9143209879807692 0.28899884375 0.9175462956730769 0.2713223389423077 0.9160281634615385 0.2613888894230769 0.914890045673077 0.25598090384615385 0.9067303245192307 0.2500028942307692 0.8900289350961538 0.24316840384615385 0.8786419759615385 0.25370081009615386 0.8759857259615385 0.2593952548076923 0.87446759375 0.2684751153846154
0 0.6143827163461538 0.022786459134615387 0.610777391826923 0.027624420673076924 0.610777391826923 0.03616319471153846 0.6134336418269231 0.03844039423076923 0.616089891826923 0.03958043990384615 0.6174189807692307 0.04584201442307692 0.6196971442307693 0.05210648076923077 0.62671875 0.050966435096153846 0.6308931322115385 0.046128471153846155 0.6276658942307692 0.03303240625 0.6276658942307692 0.024777199519230766 0.6236805552884616 0.0225 0.6143827163461538 0.022786459134615387
0 0.6730054014423076 0.32064814903846156 0.6232310961538462 0.2888223389423077 0.5685590288461538 0.2484317139423077 0.5106230721153846 0.2190567139423077 0.4820640432692308 0.2190567139423077 0.42517361057692304 0.24774305528846152 0.3778935192307692 0.2399016201923077 0.3221296298076923 0.23741608894230767 0.2348167427884615 0.26067129567307695 0.11976273076923076 0.35981481490384615 0.05040316346153846 0.4589583341346154 0.005208334134615384 0.542766204326923 0.01030092548076923 0.5717303245192308 0.028202161057692306 0.5947048605769231 0.15158564903846153 0.702531829326923 0.3466087956730769 0.87756365625 0.4461593365384615 0.95834490625 0.5701909711538462 0.9987384254807693 0.6779012355769231 0.97915509375 0.7652141201923077 0.88857928125 0.7905092596153847 0.7306828701923076 0.7619502307692307 0.494453125 0.7415489975961538 0.38918981490384613 0.70564621875 0.3414554399038462 0.6730054014423076 0.32064814903846156
0 0.3047820216346154 0.8915885408653845 0.30177662019230767 0.8868460649038461 0.29972222115384617 0.8861342596153846 0.2956095673076923 0.8835243052884615 0.2918132716346154 0.8830497692307693 0.28801890384615386 0.8873206009615384 0.28501350240384615 0.8927748846153847 0.2840644278846154 0.8977575240384615 0.28137731490384615 0.9096180552884616 0.28058642067307693 0.9172077548076923 0.2837480721153846 0.9229021995192308 0.28786072596153844 0.9269357644230769 0.2902334110576923 0.924563079326923 0.2949768509615385 0.9210040504807692 0.30367476923076925 0.9160243052884615 0.3107908942307693 0.9129398149038461 0.30810378125000004 0.9013165504807692 0.3068383485576923 0.8946730312500001 0.30573109615384614 0.8925376153846154 0.3047820216346154 0.8915885408653845
0 0.21224344230769232 0.7573350697115384 0.2080266201923077 0.7551620360576923 0.20407214423076925 0.7510098389423077 0.1985378076923077 0.7490335649038461 0.1937924375 0.7476504639423076 0.18944444471153846 0.7480439807692308 0.18707175961538464 0.7506163197115385 0.18588541586538462 0.7537789350961539 0.1849633485576923 0.7603009254807692 0.18588541586538462 0.7650462956730769 0.18733603365384616 0.7686053245192308 0.18957561778846152 0.7739409711538462 0.1928703701923077 0.7761168990384615 0.20407214423076925 0.7784895841346154 0.21237461538461538 0.7780931706730769 0.2201504639423077 0.7751273149038462 0.22199652884615384 0.7678125 0.21975501442307693 0.7628703701923077 0.21659336538461538 0.7610908557692307 0.21224344230769232 0.7573350697115384
0 0.8698225312500001 0.10744791586538462 0.8613966057692307 0.10676504567307693 0.854108795673077 0.10676504567307693 0.8438618822115385 0.1050578701923077 0.8331577932692308 0.1036921298076923 0.8249594903846155 0.10129918990384615 0.7980883485576923 0.10437500000000001 0.7933043990384616 0.10813368028846154 0.7933043990384616 0.11598958413461538 0.7944444447115384 0.13067708413461537 0.7962654326923077 0.151171875 0.7964930552884616 0.17303530048076923 0.7974035504807693 0.1901157403846154 0.7983159711538461 0.1976302091346154 0.8087905096153847 0.19899594951923077 0.8297415120192307 0.2123177091346154 0.8388503076923077 0.22051504567307692 0.8479610336538462 0.1925057860576923 0.870273920673077 0.12931134375 0.8734664350961538 0.11223090384615385 0.8727835649038462 0.10881655048076923 0.8698225312500001 0.10744791586538462
0 0.22676118750000002 0.7999276610576923 0.2197029326923077 0.7992447908653847 0.21378086538461538 0.7992447908653847 0.20376157451923077 0.8002690961538461 0.20193865625 0.8091493052884615 0.20444444471153847 0.8122251153846154 0.20717785576923076 0.812907985576923 0.21081982932692306 0.8163223389423078 0.22038580288461537 0.8252054399038461 0.22380015384615384 0.8231539350961538 0.22812885817307693 0.8176909711538461 0.23678240625 0.8074421298076923 0.23723765384615386 0.8026591442307692 0.2342766201923077 0.8030005793269231 0.22676118750000002 0.7999276610576923
0 1 0.06199363461538462 0.9963657403846155 0.06270543990384615 0.9920968365384616 0.06554976923076923 0.9860860336538462 0.07100694471153847 0.9816589495192307 0.07527777884615384 0.9775462956730769 0.07907118028846154 0.9735937499999999 0.08263020913461538 0.9709047067307692 0.08381655048076923 0.9675829471153846 0.0852401610576923 0.9637885793269232 0.08761284615384615 0.9610995360576923 0.09164351923076922 0.9604668221153846 0.09543981490384615 0.9618904326923077 0.09923611057692307 0.9663175144230769 0.10208333413461539 0.9770717596153846 0.11038483894230769 0.9892496153846154 0.11157118028846155 0.9988966057692308 0.1125202548076923 1 0.09947337980769232 1 0.06744791586538462 1 0.06199363461538462
0 0.9543827163461539 0.38621527884615386 0.9535628846153846 0.3632609951923077 0.9500096442307692 0.3579311346153846 0.9393518509615385 0.35998263942307696 0.9319733798076922 0.36530960576923077 0.9265084879807692 0.36899884375 0.9232291658653846 0.3714583341346154 0.920223764423077 0.37883680528846153 0.919130014423077 0.38662615624999996 0.9106577932692308 0.3907262740384615 0.9035532403846154 0.39359375 0.8975405096153846 0.3964641201923077 0.8885223774038462 0.4091724543269231 0.8822376538461539 0.41449942067307693 0.8825115745192308 0.4395052091346154 0.8928954471153846 0.4501620360576923 0.9332754639423076 0.4098958341346154 0.9450906634615385 0.40999131971153846 0.9582079471153846 0.4075318293269231 0.9543827163461539 0.38621527884615386
0 0.07190586538461538 1 0.08784722115384615 0.9992795144230769 0.09559027884615384 0.9903993052884614 0.1024209110576923 0.9736603004807692 0.10720486057692308 0.9432581009615385 0.09399498557692308 0.9302777788461539 0.0910358798076923 0.9302777788461539 0.0857966826923077 0.9323292812499999 0.07919367307692307 0.9377951394230769 0.0675790889423077 0.94735821875 0.05755980048076924 0.9569241899038462 0.047993826923076924 0.96204571875 0.03865740625 0.96443865625 0.022488425480769233 0.9685358798076924 0.012469134615384616 0.9740017355769232 0.0024479158653846153 0.9839091442307691 0.002220293269230769 1 0.07190586538461538 1
0 0.08131172836538461 0.8245283557692308 0.07630401201923077 0.8247251153846153 0.07156057211538461 0.8261082187500001 0.06510223798076922 0.8306568293269231 0.0652353389423077 0.8350057860576924 0.06720679086538461 0.8419270841346154 0.0726138125 0.8543778942307692 0.0773591826923077 0.8547743052884615 0.08157600240384616 0.847063079326923 0.08526620432692307 0.83006365625 0.08473958413461538 0.8274942139423077 0.08131172836538461 0.8245283557692308
0 0.16341628125 0.8518749999999999 0.16369019951923078 0.8596643509615384 0.16532986057692306 0.8686834495192308 0.1688811730769231 0.8789293990384616 0.17216049278846152 0.883029514423077 0.18063271634615383 0.8846701394230769 0.18719135817307692 0.8822106490384616 0.19484375 0.8711429399038462 0.2024942139423077 0.8551562500000001 0.19620949038461538 0.8469560192307692 0.17352816346153846 0.83220196875 0.16451003125 0.8371180552884615 0.16095679086538464 0.8444965288461539 0.16341628125 0.8518749999999999
0 0.8175655865384616 0.03675057932692308 0.823057485576923 0.03493923557692308 0.82821759375 0.029502314903846156 0.8304147379807693 0.02274884375 0.8309645072115385 0.02060763942307692 0.8262422836538461 0.015665509615384616 0.8200906634615385 0.013029514423076923 0.8149305552884616 0.013359375 0.8086689807692308 0.015335649038461538 0.8060339495192307 0.016984954326923075 0.8038368052884616 0.01945601923076923 0.8033989206730769 0.022404514423076925 0.8050462956730768 0.024068286057692307 0.8054841826923076 0.030656829326923075 0.8064737644230769 0.036423610576923074 0.8122935961538461 0.03741030048076923 0.8175655865384616 0.03675057932692308
0 0.46901620432692304 0.040546874999999996 0.4701234567307692 0.03722800961538462 0.47107060096153847 0.035329860576923076 0.4737596442307692 0.03200810096153846 0.47818865625 0.02844907451923077 0.48340663461538463 0.02655092548076923 0.48562114182692306 0.022282985576923077 0.4838811730769231 0.018012153846153848 0.46949074038461536 0.013029514423076923 0.45636381249999997 0.011134259615384615 0.4494058653846154 0.013741319711538462 0.44213155769230766 0.018249420673076923 0.4408564807692308 0.025607639423076922 0.43975887259615387 0.03271990625 0.43390817788461533 0.04339409615384615 0.43390817788461533 0.05406828605769231 0.43596257692307694 0.06308449038461539 0.4405497692307693 0.06545717548076922 0.4478240745192308 0.06332175961538461 0.4550983798076923 0.060237269230769226 0.4668016971153846 0.055966435096153844 0.46822530769230764 0.04980034615384616 0.46759259375 0.047190394230769234 0.46901620432692304 0.040546874999999996
0 0.49683256249999996 0.12162615624999999 0.4663773149038462 0.11342592548076923 0.4394483028846154 0.11756365625 0.4173804014423077 0.13833912019230768 0.3997299375 0.16691261538461538 0.38206018509615386 0.18810763942307693 0.3760609567307692 0.23145254567307694 0.3850501538461539 0.23833912019230769 0.3997299375 0.2391290504807692 0.42339313221153846 0.24402488461538463 0.4405285504807692 0.23423321875 0.45766589423076925 0.2219936346153846 0.4731693677884615 0.21709780048076924 0.5196817139423077 0.22444155048076922 0.5335532403846154 0.19017071875 0.5294733798076924 0.15956886538461537 0.5221296298076923 0.1155063653846154 0.49683256249999996 0.12162615624999999
0 0.8627970673076923 0.010920139423076923 0.8599498461538461 0.014004629807692308 0.8572608028846154 0.016848959134615385 0.8564718365384615 0.018984375 0.8545736875000001 0.02420428125 0.8561554783653846 0.028946759615384617 0.8577353389423077 0.03084490625 0.8621643509615384 0.030607639423076923 0.8689641201923077 0.03037037019230769 0.8779783942307693 0.028946759615384617 0.8830401225961538 0.02420428125 0.8814583341346154 0.017560764423076924 0.8740258485576924 0.005462963942307692 0.8675405096153846 0.008310185096153846 0.8646952163461539 0.009021990384615385 0.8627970673076923 0.010920139423076923
0 0.8848746153846154 0.5828616899038461 0.8796026225961538 0.5836545144230769 0.8741994591346154 0.58642071875 0.8705092596153846 0.5897829855769231 0.8681365745192308 0.5945254639423078 0.8710358798076924 0.60342303125 0.8718267740384615 0.6042129639423077 0.8749903557692308 0.6046064807692308 0.8818422067307693 0.6071788197115384 0.8863233028846154 0.6089554399038462 0.8896180552884616 0.6083622692307692 0.8923861875000001 0.6038165504807692 0.8975250769230769 0.6026302091346154 0.9035879639423077 0.5972945600961539 0.904378858173077 0.5858275456730769 0.8979205240384616 0.5814785889423078 0.8923861875000001 0.5804918990384615 0.8884317139423078 0.5826649302884616 0.8848746153846154 0.5828616899038461
0 0.7825810192307692 0.00576678125 0.7767245360576923 0.010298031249999999 0.7741608798076923 0.015379050480769232 0.7726060961538461 0.020182290865384613 0.7715991514423077 0.025674189903846154 0.7715991514423077 0.03157696875 0.7719656634615385 0.03294849519230769 0.7759915120192308 0.04077546394230769 0.7811168990384616 0.042421875000000005 0.7836805552884616 0.03926504567307692 0.7890798605769231 0.03143807932692308 0.79109375 0.023064235576923078 0.7906346442307692 0.009473379807692308 0.7887133485576924 0.00508101923076923 0.7825810192307692 0.00576678125
0 0.8178761562500001 0.2018547451923077 0.8106616514423077 0.20037905048076923 0.8004957572115384 0.2038223389423077 0.799839891826923 0.21120081009615385 0.799839891826923 0.22103877403846153 0.7991840288461538 0.23333622596153847 0.7972164350961539 0.2544878461538462 0.7965605721153846 0.27563946875 0.7982002307692307 0.28892071874999997 0.8060706009615385 0.29728298557692306 0.8195158173076924 0.2948234951923077 0.8355844903846154 0.25940682932692305 0.8352565576923077 0.23628761538461537 0.8260744591346154 0.20874131971153845 0.8178761562500001 0.2018547451923077
0 0.5115991514423077 0.02963252403846154 0.5100173605769232 0.025677084134615384 0.5064583341346154 0.02646990625 0.5002642740384615 0.026863425480769233 0.49130401201923074 0.02646990625 0.48471450721153847 0.028049769230769232 0.47548996875000005 0.029039350961538462 0.46942708413461537 0.035760995192307694 0.46850501442307696 0.04307581009615384 0.4670543990384616 0.05651620432692307 0.46916280769230767 0.059085649038461543 0.4717997692307693 0.060668403846153844 0.4812885793269231 0.06442418990384616 0.49038194471153845 0.066796875 0.4977604158653846 0.06086516105769231 0.5081732259615385 0.046435185096153846 0.5086998461538461 0.03912037019230769 0.5119945985576924 0.034375 0.5115991514423077 0.02963252403846154
0 0.09945987740384615 0.8349450240384615 0.09642939903846154 0.8357378461538462 0.08904899759615385 0.838107639423077 0.08588541586538462 0.8408767355769231 0.08351273076923077 0.843249420673077 0.0823283173076923 0.85056134375 0.08311728365384616 0.8535271995192308 0.09076195913461538 0.8594589110576922 0.09353009375 0.8614351850961538 0.10064621875 0.8649942139423078 0.10697144951923078 0.8632146995192307 0.11171682211538461 0.8537268509615384 0.10763117307692308 0.8430497692307692 0.10394097115384615 0.8406799759615384 0.10209490624999999 0.8373177091346153 0.09945987740384615 0.8349450240384615
0 0.06493055528846153 0.84154803125 0.06335069471153845 0.8403616899038462 0.059660492788461535 0.8395717596153845 0.056892360576923075 0.8423379639423078 0.056365740384615386 0.8458969903846154 0.055179399038461543 0.8520254639423077 0.05399305528846154 0.8571643509615385 0.05399305528846154 0.8623061346153846 0.05623263942307692 0.8692245360576922 0.058738425480769234 0.8729803245192307 0.06427276201923077 0.876736110576923 0.06664544711538462 0.8743634254807693 0.07046682211538462 0.8652690961538462 0.0715200625 0.8516290504807693 0.06704089423076923 0.8425376153846155 0.06611689903846153 0.8423379639423078 0.06493055528846153 0.84154803125
0 0.1194328701923077 0.7970630793269231 0.12228009375 0.7942158557692308 0.12228009375 0.7890914350961539 0.12076195913461539 0.7836834495192307 0.11848379567307693 0.7799826394230769 0.11468942788461539 0.7742910889423077 0.10747685096153846 0.768313079326923 0.10064621875 0.7623350697115385 0.09741898076923078 0.7643258100961539 0.09210648076923077 0.7754282403846153 0.0924845673076923 0.7831134254807692 0.09817901201923077 0.7933622692307692 0.11279128125000001 0.7984866899038461 0.11468942788461539 0.798203125 0.1194328701923077 0.7970630793269231
0 0.7106230721153846 0.11795428125 0.668192514423077 0.10204282451923077 0.6420794759615384 0.08980324038461539 0.58006365625 0.11428240625 0.5596643509615384 0.1301938653846154 0.5474247692307692 0.21342592548076922 0.5482407403846155 0.2403530096153846 0.5686400456730769 0.25626446875000003 0.5923032403846153 0.27095196875 0.7277584879807691 0.3554079855769231 0.7644791658653846 0.22811342548076924 0.7856944447115384 0.15834490625 0.7506076394230768 0.1375376153846154 0.7106230721153846 0.11795428125
0 0.25211998557692306 0.8709519687499999 0.24658564903846153 0.8764062499999999 0.24326388942307692 0.8816261562500001 0.23598958413461538 0.8894560192307692 0.23535686778846154 0.8953848389423077 0.2364641201923077 0.8987065961538462 0.23567322596153847 0.9086689807692309 0.23361689903846153 0.921953125 0.23535686778846154 0.9297829855769231 0.2386766971153846 0.9342881947115385 0.24310570913461538 0.93381365625 0.25022183653846153 0.9288339110576923 0.2611342596153846 0.9153125 0.2677758485576923 0.9017910889423076 0.2617669759615385 0.8811516201923077 0.2578125 0.8745109951923078 0.25211998557692306 0.8709519687499999
0 0.14507137259615385 0.11918692067307692 0.13937885817307694 0.11396701442307691 0.1344753076923077 0.11254340384615384 0.13020640384615384 0.11610243028846154 0.12748842548076922 0.12832754567307691 0.12361111057692308 0.14502314903846153 0.12187500000000001 0.15283564903846153 0.12340470673076923 0.15714120432692308 0.12546103365384614 0.16330729086538462 0.12577739182692307 0.16520543990384617 0.13163001442307692 0.16354456009615384 0.13716435096153845 0.16188368028846153 0.14317322596153848 0.1614091442307692 0.1474440576923077 0.16235821875 0.1534529326923077 0.16496817067307695 0.15614197596153845 0.1659172451923077 0.1585146610576923 0.16710358894230767 0.15977816346153845 0.16852719951923076 0.1607253076923077 0.16924189903846154 0.16388888942307694 0.15642361057692306 0.16230902884615384 0.1398234951923077 0.15582561778846155 0.13294560096153846 0.14507137259615385 0.11918692067307692
0 0.8995814038461538 0.5556828701923077 0.8983738437500001 0.5543634254807692 0.8957368822115386 0.5546932860576923 0.8941994591346153 0.5558478004807692 0.8929918990384615 0.5579890048076923 0.8922222211538462 0.5621064807692308 0.8929918990384615 0.5658940961538461 0.8934317139423077 0.5711660889423077 0.8946392740384616 0.5754484951923077 0.8956269278846154 0.5782494206730769 0.8966165120192309 0.5798987259615385 0.90002121875 0.5823697908653845 0.903973764423077 0.5810503461538462 0.9089158942307692 0.5794039350961538 0.9107831778846154 0.5747916658653847 0.9102334110576924 0.5695196754807692 0.9083661274038461 0.5578240745192308 0.9015586418269231 0.5565046298076923 0.9005690576923077 0.5565046298076923 0.8995814038461538 0.5556828701923077
0 0.10900077163461538 0.9144328701923077 0.10280671394230768 0.9189814807692307 0.10056712980769231 0.9211545144230769 0.09845871875 0.9257002307692308 0.09779899759615383 0.9326215288461538 0.09793017067307692 0.9351909711538462 0.10188464423076923 0.9385503461538461 0.10570601923076922 0.9379571754807692 0.11137345673076923 0.9334114591346154 0.11374614182692308 0.9247135408653846 0.11611689903846155 0.9126533557692308 0.11387731490384614 0.9106770841346153 0.11308642067307692 0.9116666658653846 0.10900077163461538 0.9144328701923077
0 0.14365933653846155 0 0.13618248557692308 0.004586225961538461 0.13185378125 0.028787615384615384 0.13027970673076922 0.05003761538461538 0.13618248557692308 0.06597222115384616 0.15192322596153846 0.08013888942307693 0.17835648076923077 0.08278356490384617 0.18930748557692306 0.051805555288461536 0.17947530769230768 0.0328125 0.17277970673076923 0.022294560096153847 0.16608989182692308 0.00989872596153846 0.15625192788461537 0 0.14365933653846155 0
0 0.9233796298076923 0.3279513894230769 0.9319058653846154 0.31700231490384617 0.9342785504807692 0.3113078701923077 0.9355439807692308 0.30514178125 0.9349112644230769 0.2977864591346154 0.9322222211538461 0.29256655048076924 0.9293750000000001 0.28758680528846153 0.9249479158653846 0.2859259254807692 0.919413579326923 0.28450231490384614 0.9153009254807691 0.28758680528846153 0.9134027788461538 0.2911458341346154 0.9132445985576924 0.3041927091346154 0.9116628076923077 0.3134432860576923 0.9146682091346154 0.3193721057692308 0.9173572524038461 0.3217447908653846 0.9233796298076923 0.3279513894230769
0 0.11941936778846154 0.8596643509615384 0.11504629567307692 0.857204860576923 0.11176697596153845 0.8637644687499999 0.10520833413461537 0.8637644687499999 0.09455054086538461 0.8621238437500001 0.08662615625 0.8584346057692307 0.07514853365384616 0.8555642355769231 0.07323688221153847 0.8584346057692307 0.0672241514423077 0.8662239591346155 0.060937500000000006 0.8895833341346153 0.061759259615384615 0.9031163197115385 0.06476466105769231 0.9186921298076923 0.0699575625 0.923611110576923 0.08389274759615385 0.9256597211538462 0.0929108798076923 0.923611110576923 0.11204089423076923 0.9133622692307692 0.13007716105769232 0.8899971057692307 0.1267978389423077 0.8781105312499999 0.12379243749999999 0.8744212956730769 0.11941936778846154 0.8596643509615384
0 0.08983989182692308 0.8329108798076923 0.09748263942307693 0.8350839110576923 0.10288580288461538 0.8376533557692307 0.11856867307692308 0.8370601850961539 0.12555362740384615 0.833107639423077 0.12897955288461538 0.8289554399038461 0.13174768509615384 0.818874420673077 0.13174768509615384 0.8141290504807692 0.13056134375 0.8068171298076923 0.1280574855769231 0.8010821754807692 0.1258179014423077 0.7983159711538461 0.11988618749999999 0.7977228004807693 0.11659143509615386 0.7969328701923076 0.10934413461538463 0.7969328701923076 0.10565393509615384 0.7959432860576924 0.10025077163461539 0.7941637740384616 0.0985378076923077 0.7939670144230769 0.09603394951923076 0.7959432860576924 0.0849633485576923 0.8002922451923078 0.08469907451923077 0.8117592596153845 0.08628086538461538 0.8238165504807693 0.08983989182692308 0.8329108798076923
0 0.705046295673077 0.06614293990384615 0.7000887355769231 0.06980324038461538 0.6915470673076923 0.07003182932692308 0.6855979927884616 0.07106192067307691 0.6830054014423077 0.07335069471153846 0.6778202163461539 0.07826967548076923 0.6769039350961539 0.08147280048076923 0.6776678245192307 0.08513310096153846 0.6823958341346154 0.08856481490384614 0.6911651225961539 0.08971064903846153 0.6994020072115384 0.08684895913461539 0.7029880408653846 0.08215856490384615 0.7068672836538461 0.07540509375 0.7077160504807692 0.07186342548076924 0.707411264423077 0.06911747596153847 0.705046295673077 0.06614293990384615
0 0.5273707572115385 0.0932089110576923 0.5227854927884615 0.09297453605769232 0.5185146610576923 0.0943952548076923 0.5178819447115385 0.09795428125 0.51978009375 0.11005208413461538 0.5208873461538461 0.11622106490384615 0.5245254639423077 0.12381076442307691 0.5292689038461538 0.13472222115384616 0.5330651995192308 0.14729456009615385 0.5384413581730769 0.1551244206730769 0.5453993052884616 0.15322627403846154 0.5491956009615385 0.14824363461538462 0.5537808653846154 0.1430266201923077 0.55298996875 0.13923032451923076 0.5474556322115385 0.12428530048076923 0.5406558653846154 0.10507233894230769 0.5340123461538462 0.09510706009615386 0.530692514423077 0.09415798557692308 0.5273707572115385 0.0932089110576923
0 0.2070486105769231 0.8676070600961538 0.20573109615384616 0.8690885408653847 0.20320601923076922 0.8723842596153847 0.2014486875 0.8769965288461539 0.20078896634615384 0.8806192139423078 0.20243634375000003 0.8834201394230768 0.20342399759615384 0.885891204326923 0.20529128125 0.8886921298076923 0.21089313221153846 0.8896817139423077 0.21495563221153846 0.8875376153846154 0.22385223798076923 0.8875376153846154 0.22615740625 0.8870457187499999 0.22429205288461537 0.87946759375 0.21715277884615383 0.8712297451923077 0.21045331730769232 0.86678240625 0.20847607932692308 0.8671122692307692 0.2070486105769231 0.8676070600961538
0 0.21760609615384616 0.21033564903846153 0.2230729158653846 0.22263310096153846 0.22625964423076922 0.22775752403846153 0.23172646634615385 0.2308333341346154 0.2396971442307692 0.22946759374999998 0.24835069471153848 0.2243431706730769 0.25290509375 0.21921875 0.25381558653846154 0.21375289423076924 0.2494888125 0.20896990625 0.24265625 0.2058969903846154 0.22125 0.19496527884615386 0.21464699038461538 0.19325810096153845 0.2114583341346154 0.19428240625 0.21396412019230768 0.20282118028846152 0.21760609615384616 0.21033564903846153
0 0.16581018509615383 0.8202604158653847 0.16987461538461537 0.817624420673077 0.1714120360576923 0.813671875 0.1718499230769231 0.8088946754807692 0.17086226923076925 0.8019762740384616 0.16954475240384617 0.7952228004807692 0.1675675144230769 0.7853385408653846 0.16504243749999997 0.7846788197115384 0.16174768509615384 0.78665509375 0.15801311778846155 0.7894560192307692 0.15592592548076922 0.7904456009615385 0.15438850240384616 0.7932465288461539 0.15493827163461538 0.8023061346153846 0.15669560096153848 0.8131770841346154 0.1613078701923077 0.8159780096153846 0.16581018509615383 0.8202604158653847
0 0.22946759374999998 0.02578125 0.23547839423076924 0.033159721153846154 0.25324267067307693 0.04914641105769231 0.26635995432692305 0.03603009375 0.2751041658653846 0.00118634375 0.22454861057692307 0 0.2242746923076923 0.004875579326923077 0.22946759374999998 0.02578125
0 0.34637345673076925 0.9238512740384616 0.3504861105769231 0.9179195600961538 0.3501697524038461 0.9084317139423077 0.3482716057692308 0.8991811346153846 0.34700617307692305 0.890876735576923 0.3421045528846154 0.8825752307692307 0.3365682860576923 0.8761689807692308 0.33182484615384616 0.8709519687499999 0.32581597115384614 0.8711892355769231 0.3186979158653846 0.8752228004807693 0.3161689807692308 0.8794907403846154 0.31427083413461543 0.8825752307692307 0.3126929014423077 0.8930266201923077 0.3182253076923077 0.9117534711538462 0.33214120432692307 0.9231394687500001 0.34052276201923076 0.9295457187499999 0.34637345673076925 0.9238512740384616
0 1 0 0.9594791658653846 0.0003559038461538461 0.9568422067307693 0.016762153846153847 0.9565798605769231 0.025263310096153846 0.9596103389423077 0.031588540865384616 0.9619830240384615 0.04186921394230769 0.9635648149038462 0.04799768509615385 0.971076389423077 0.04799768509615385 0.9784567908653846 0.048194444711538456 0.9858352620192308 0.04226273076923077 0.9909760793269231 0.04206597115384615 0.9969058653846155 0.0408796298076923 1 0.03989293990384615 1 0.027439235576923075 1 0.005298031250000001 1 0
0 0.8828549375 0.37596354086538464 0.8777314807692308 0.36486111057692305 0.8726080240384615 0.3563223389423077 0.8690026995192308 0.3486371538461538 0.8680536274038461 0.34920717548076924 0.8631192139423077 0.3551851850961538 0.8576157403846154 0.3642939807692308 0.8547685192307692 0.37340277884615386 0.8543904326923077 0.37625000000000003 0.8583757716346153 0.38820312500000004 0.8652064038461538 0.39503761538461535 0.8674845673076923 0.3953211802884615 0.8758333341346154 0.40414641105769233 0.8811477620192308 0.3924739591346154 0.8838040120192308 0.3873495360576923 0.8841840288461539 0.3827951394230769 0.8828549375 0.37596354086538464
0 0.23811342548076922 0.07551504567307693 0.24167245432692308 0.07076967548076923 0.24483410576923076 0.06701388942307693 0.24878857932692308 0.06226851923076923 0.24865547836538462 0.05811921394230769 0.24747106490384616 0.05436342548076923 0.23956404326923078 0.049024884615384616 0.2331057091346154 0.04586226923076923 0.22295717548076924 0.04013020913461539 0.2165007716346154 0.038151040865384615 0.21215084855769228 0.03874421394230769 0.20846064903846154 0.04190682932692307 0.20450810096153849 0.05199074038461538 0.2034529326923077 0.06029224519230769 0.19831404326923077 0.065234375 0.1987094903846154 0.06800057932692308 0.20384837980769233 0.0786776610576923 0.22401234615384616 0.0929108798076923 0.23613618749999998 0.07847800961538462 0.2367959110576923 0.07788483894230769 0.23811342548076922 0.07551504567307693
0 0.882077545673077 0.42697627403846156 0.8818885024038461 0.41559027884615385 0.87904128125 0.40961226923076927 0.875625 0.40448784615384614 0.8712615745192308 0.3990798605769231 0.8636689807692307 0.39537905048076927 0.8564583341346155 0.40050057932692307 0.8556983028846153 0.4098958341346154 0.8560783173076923 0.4215653942307692 0.858256173076923 0.42708333413461536 0.852681326923077 0.44065393509615386 0.8555362644230768 0.4658275456730769 0.8638599543269231 0.48532986057692307 0.86955246875 0.4924479158653846 0.879421295673077 0.49927951442307694 0.8906172836538461 0.505827545673077 0.9097839495192308 0.516359954326923 0.9188946754807692 0.516359954326923 0.9225 0.5032638894230769 0.9132002307692308 0.4793518509615385 0.9002951394230769 0.4634114591346154 0.8864043221153846 0.44491030048076924 0.8839756947115384 0.4363686346153846 0.882077545673077 0.42697627403846156
0 0.8920408942307693 0.4003125 0.8924209110576923 0.39602430528846155 0.8915316346153846 0.39278356490384614 0.8901967596153846 0.3895399302884615 0.8877816346153846 0.38782407451923073 0.8840952932692308 0.38715856490384615 0.8815528557692307 0.39020833413461536 0.8785667427884616 0.39373553125 0.876913579326923 0.39831307932692306 0.8765335649038462 0.4045081009615385 0.87634259375 0.4089901610576923 0.8785667427884616 0.4114670144230769 0.8814891971153845 0.4146122692307692 0.8899421298076924 0.4065104158653846 0.8909606490384616 0.4045081009615385 0.8920408942307693 0.4003125
0 0.922972608173077 0.58006365625 0.9264872692307692 0.5789091442307692 0.9269270841346154 0.5757783557692308 0.9259394278846155 0.568859954326923 0.9249498461538461 0.5614467596153846 0.9242920528846154 0.559470485576923 0.9228645841346155 0.55732928125 0.9205574855769231 0.5563396995192308 0.917482639423077 0.5563396995192308 0.9157253076923078 0.5579890048076923 0.9137480721153846 0.56095196875 0.9125405096153846 0.5642476850961539 0.9119907403846154 0.5673784711538462 0.9125405096153846 0.5761082187500001 0.9157253076923078 0.576438079326923 0.9178125 0.5792390048076923 0.9200077163461539 0.5808854158653847 0.922972608173077 0.58006365625
0 0.8554128076923077 0.3699623846153846 0.8560995360576923 0.36710358894230766 0.8553356490384616 0.36596064903846154 0.8526658942307692 0.3627575240384615 0.8500733028846154 0.36206886538461536 0.8454205240384615 0.36252893509615386 0.8420659711538462 0.3623003461538462 0.8371084110576923 0.3634432860576923 0.8361168990384615 0.3648148149038462 0.8361940576923076 0.37350983894230766 0.8378703701923077 0.37762731490384616 0.8420659711538462 0.3816319447115385 0.8462596442307693 0.38186053125 0.8489293990384615 0.38105902884615384 0.8519039350961539 0.37865740625 0.8538098004807692 0.3727083341346154 0.8544965288461538 0.37213831009615383 0.8554128076923077 0.3699623846153846
0 0.3084201394230769 0.8394010408653846 0.30193480048076926 0.8386892355769231 0.2967168221153846 0.8365538197115385 0.29513503125 0.8339467596153847 0.28706982932692304 0.82943865625 0.28169367307692306 0.8261168990384615 0.27837191346153844 0.8256423605769231 0.27489197596153847 0.8280150456730768 0.27299575721153846 0.8334722211538461 0.26967399759615385 0.8455700240384616 0.2644560192307692 0.8571932860576923 0.2617669759615385 0.8640711802884616 0.2597106490384615 0.8714265048076922 0.26002700721153843 0.8771180552884614 0.26319058653846156 0.8792534711538462 0.2680922067307692 0.8825752307692307 0.2753665120192308 0.8863715288461538 0.2807445985576923 0.8849479158653846 0.28975887259615385 0.8787789350961539 0.29750771634615386 0.874748264423077 0.31237268509615385 0.872375579326923 0.31790894951923077 0.8538715288461538 0.3111072524038461 0.8415364591346154 0.3104745360576923 0.8394010408653846 0.3084201394230769 0.8394010408653846
0 0.7568325625000001 0.02377314903846154 0.75109375 0.012705439903846153 0.7472685192307692 0.007375579326923077 0.7398900456730769 0.005734954326923077 0.7240393509615385 0.011064814903846153 0.7106481490384616 0.015572915865384616 0.6871469903846154 0.02336226923076923 0.6866010793269232 0.025821759615384614 0.68763503125 0.02899305528846154 0.6937056322115385 0.03607060096153846 0.7019039350961538 0.03893807932692307 0.7057291658653846 0.041397569711538455 0.7114679783653847 0.04221932932692308 0.7223996923076924 0.04426793990384615 0.734151235576923 0.04918692067307692 0.7407098774038462 0.054105903846153845 0.7538271610576923 0.061484375 0.7617515432692308 0.054924769230769235 0.7639371153846154 0.04672743028846154 0.7609317139423077 0.03811921394230769 0.7568325625000001 0.02377314903846154
0 0.19777970673076922 0.81204571875 0.1906867283653846 0.8152488437500001 0.18466049278846153 0.8192534711538462 0.18184027884615384 0.8269184038461539 0.18283179086538462 0.8312644687499999 0.1884741514423077 0.8359548605769231 0.19587191346153845 0.8392737259615385 0.20418595673076922 0.8396180552884616 0.21188850240384616 0.8371006947115384 0.21974344230769233 0.8403038197115384 0.22370949038461538 0.8387008100961538 0.22454861057692307 0.8311516201923077 0.21859953605769228 0.8261168990384615 0.2106674375 0.8170804399038462 0.20616898076923076 0.8107870360576922 0.2029648918269231 0.8102170144230769 0.19777970673076922 0.81204571875
0 0.8061554783653846 0.07263020913461539 0.8062654326923078 0.06752314903846154 0.8065933653846155 0.06488715384615384 0.8051658942307692 0.06456018509615384 0.8004436730769231 0.06834780048076923 0.7978086418269231 0.0719733798076923 0.7957214495192309 0.07773726923076923 0.7942939807692307 0.080703125 0.7915489975961538 0.08449074038461538 0.7895717596153846 0.0894328701923077 0.7903395072115385 0.09289351923076923 0.7919868822115385 0.09404513942307692 0.7937442139423077 0.09503472115384616 0.7941840288461539 0.09536458413461538 0.7951716826923078 0.09717592548076923 0.8006635793269231 0.1029427091346154 0.8036284711538462 0.09552951442307693 0.8063753846153846 0.08597511538461539 0.8062654326923078 0.07987847115384615 0.8061554783653846 0.07263020913461539
0 0.07760609615384614 0.7398177091346153 0.07950424278846155 0.7315625 0.07874614182692308 0.729001735576923 0.07494984615384616 0.7247309038461538 0.06944637259615384 0.7204600697115384 0.06356288461538462 0.7198929399038462 0.05388503125 0.722170139423077 0.04933063221153847 0.7241608798076923 0.04458526201923077 0.7295688653846154 0.03984182211538461 0.7386805552884615 0.034527391826923076 0.7449421298076923 0.032251156249999996 0.7568981490384614 0.033578317307692306 0.7688541658653846 0.036045524038461535 0.7842245360576924 0.04325810096153847 0.8064293990384616 0.04989969230769231 0.81610821875 0.058059413461538464 0.8243634254807692 0.06792824038461538 0.8240769687499999 0.07703703605769231 0.8155381947115384 0.08576774759615385 0.780810185096154 0.07855517067307692 0.7543344903846154 0.07646797836538462 0.7480729158653846 0.07760609615384614 0.7398177091346153
0 0.8965200624999999 0.5143807860576923 0.8946122692307692 0.5162123846153845 0.8942322524038461 0.5180410889423077 0.89415509375 0.521015625 0.8934683653846154 0.52421875 0.8933159711538461 0.5276504639423076 0.8942322524038461 0.5298234951923078 0.8958333341346154 0.5315393509615385 0.8982735336538461 0.5332581009615385 0.900181326923077 0.5302835649038461 0.9026215288461539 0.5273090288461538 0.9034606490384616 0.5223900456730769 0.9009432860576924 0.5140364591346154 0.8985030865384616 0.5130092596153847 0.8976639663461538 0.5132378461538462 0.8965200624999999 0.5143807860576923
0 0.8527044759615384 0.4351938653846154 0.8545486105769231 0.4314380793269231 0.8581076394230769 0.42629918990384613 0.8563946754807692 0.42412615624999994 0.85560378125 0.41839120432692306 0.8552083341346154 0.4150318293269231 0.8550771610576924 0.4108796298076923 0.8516493052884615 0.4051475697115385 0.8495408942307693 0.4006018509615385 0.8463792427884615 0.39269386538461537 0.8444020072115385 0.39407696875 0.8420293221153846 0.3966464110576923 0.8412384254807692 0.40139178125 0.8396566346153846 0.4085069447115384 0.8362307091346154 0.41700810096153845 0.833462576923077 0.42135706009615387 0.8355729158653846 0.42985821875 0.8407118052884616 0.4411255793269231 0.8503665120192309 0.4524594903846154 0.8524401995192308 0.44369502403846156 0.8527044759615384 0.43894965384615386 0.8527044759615384 0.4351938653846154
0 0.016033949519230768 0.74115740625 0.013946759615384616 0.7419791658653847 0.012519290865384615 0.7436284711538461 0.014056713942307692 0.7487326394230769 0.017571372596153847 0.756640625 0.019108795673076922 0.7596064807692307 0.02196373557692308 0.7615827548076923 0.028553240384615382 0.7609230312499999 0.030530478365384615 0.7597714110576923 0.03217785576923077 0.7568055552884616 0.03228780769230769 0.7520283557692308 0.029652778846153846 0.7436284711538461 0.02635802403846154 0.7385214110576922 0.02416087980769231 0.7380266201923077 0.016033949519230768 0.74115740625
0 0.13190200721153847 0.21467592548076922 0.12905478365384615 0.2323234951923077 0.13114197596153845 0.2408651610576923 0.13930169711538462 0.24598668990384615 0.15030864182692308 0.25196469951923073 0.16188464423076926 0.24798032451923074 0.16643904326923076 0.23716435096153846 0.17213348798076922 0.224921875 0.1797241514423077 0.21467592548076922 0.18086226923076923 0.18563946874999998 0.17516975240384614 0.17624710576923078 0.16169560096153848 0.1694155096153846 0.15296682211538462 0.16485821875 0.14176890384615384 0.16116030048076924 0.1267766201923077 0.1659982644230769 0.11671875 0.17937789423076925 0.12943480048076922 0.20385706009615384 0.1328491514423077 0.20898148076923076 0.13190200721153847 0.21467592548076922
0 0.9269791658653846 0.1539438653846154 0.9204205240384616 0.14361400480769232 0.9161574062500001 0.13328414423076923 0.9141898149038461 0.11901909615384615 0.9122222211538461 0.10819733894230768 0.9089429014423077 0.09934317067307694 0.9023842596153846 0.09786747596153847 0.8945138894230769 0.10278645913461538 0.8863155865384615 0.11164062500000001 0.8768055552884615 0.12049479086538462 0.8709027788461537 0.13082465384615385 0.8692631177884615 0.14312210576923076 0.8692631177884615 0.17607928125 0.8676234567307692 0.21395543990384616 0.8672955240384616 0.24150173557692306 0.8771334879807693 0.24838831009615386 0.900088735576923 0.2395341442307692 0.9430478389423077 0.19132812500000002 0.9404243822115385 0.17411168990384615 0.9325540120192308 0.15886284615384616 0.9269791658653846 0.1539438653846154
0 0.9054648918269231 0.008472221153846153 0.902993826923077 0.009982639423076922 0.8993325624999999 0.011493055288461538 0.8972280096153846 0.014649884615384615 0.8948476081730768 0.019317129807692308 0.8933834879807693 0.02439814903846154 0.8961284711538462 0.02618055528846154 0.900430170673077 0.029340278846153846 0.9050983798076923 0.031672454326923075 0.9091242283653845 0.030162036057692306 0.9141589495192307 0.028240740384615385 0.9186419759615384 0.02439814903846154 0.9126022379807692 0.016296295673076923 0.9108641971153847 0.011903935096153846 0.9098572524038461 0.009982639423076922 0.9054648918269231 0.008472221153846153
0 0.7863503076923077 0.34380787019230774 0.7793653557692307 0.34084201442307693 0.7727758485576923 0.33807291586538457 0.7696122692307692 0.3388657403846154 0.7668441346153846 0.34084201442307693 0.7642091057692307 0.34815682932692305 0.7618364206730769 0.35883101923076927 0.7635493822115385 0.3657494206730769 0.7677681322115385 0.3778067139423077 0.7818692139423077 0.3918431706730769 0.7875347211538462 0.38690104086538457 0.7939930552884615 0.36120370432692306 0.7913580240384616 0.3534924759615385 0.7901716826923076 0.34855034615384617 0.7863503076923077 0.34380787019230774
0 0.9388020841346154 0.1583015048076923 0.9403819447115385 0.16375868028846152 0.9475 0.16541956009615386 0.9535088725961539 0.16589409615384615 0.9606250000000001 0.1625723389423077 0.96236496875 0.15569444471153845 0.9555651995192308 0.14881365625 0.9437037043269231 0.14501736057692308 0.9378530096153846 0.14928819471153848 0.9380111875 0.15379629567307693 0.9388020841346154 0.1583015048076923
0 0.2960358798076923 0.9594097211538462 0.29809220673076925 0.9544270841346154 0.2987249230769231 0.9442274302884616 0.29761767067307693 0.9371122692307693 0.29477237740384615 0.93165509375 0.2890779326923077 0.9266753461538462 0.28196180528846154 0.9207436346153847 0.2810127307692308 0.9202690961538462 0.2770601850961538 0.9197945600961539 0.2696257716346154 0.9280960649038461 0.2745293221153846 0.9530063653846154 0.27943094230769233 0.9627314807692307 0.29065972115384614 0.9634432860576924 0.2960358798076923 0.9594097211538462
0 0.00011574038461538463 0.9506655096153847 0.00001157451923076923 0.9589033557692308 0 0.9686226850961539 0.0011091826923076923 0.9715856490384615 0.009236110576923078 0.9704340288461538 0.016483411057692306 0.9699392355769232 0.023402778846153847 0.9682928245192308 0.03087191346153846 0.9666435192307692 0.03229938221153846 0.9631857644230769 0.03174961538461538 0.9547829855769231 0.027685185096153846 0.9506655096153847 0.01923032451923077 0.9442418990384615 0.007368826923076923 0.9394646995192308 0.004184028846153846 0.9430873846153845 0.0025366514423076922 0.9460532403846155 0.00011574038461538463 0.9506655096153847
0 0 0.7470225697115385 0.0034452163461538465 0.74828125 0.012056326923076923 0.7423321754807692 0.02342785576923077 0.7288339110576924 0.023580247596153847 0.7210532403846154 0.020293209134615384 0.7171585649038461 0.017783564903846152 0.714875579326923 0.011606867788461539 0.713046875 0.007183641826923077 0.71201678125 0.0030651995192307693 0.7128182860576923 0 0.7146469903846153 0 0.7212818293269231 0 0.7345543990384615 0 0.7470225697115385
0 0.31146990625000004 0.08392939903846154 0.3043865745192308 0.08109664423076923 0.29021990625 0.07543113461538462 0.2765258485576923 0.06763888942307693 0.2599980721153846 0.06551215384615384 0.24158179086538462 0.07543113461538462 0.22363811778846154 0.08888888942307692 0.2118325625 0.10305555528846154 0.18113811778846156 0.12217881971153846 0.17783179086538461 0.13422164423076924 0.1806655096153846 0.15192997596153845 0.19341628125000002 0.1668026610576923 0.2203317908653846 0.19159432932692308 0.25669367307692303 0.21922164423076923 0.2793595673076923 0.22488715384615385 0.3006095673076923 0.21922164423076923 0.3161921298076923 0.1986776610576923 0.32799768509615385 0.14130497596153846 0.3284702932692308 0.09738715384615385 0.32044367307692306 0.08959780048076924 0.31146990625000004 0.08392939903846154
0 0.8044367283653846 0.38538483894230774 0.8004706778846155 0.38435474519230767 0.7977256947115384 0.38149594951923077 0.7939120360576923 0.3821817139423077 0.7911651225961538 0.38435474519230767 0.7866666658653846 0.3872164350961539 0.7852932091346154 0.3891608798076923 0.7850655865384616 0.39385127403846154 0.7880381947115385 0.3981973389423077 0.7928433653846153 0.40334490625 0.8013098004807693 0.41089699038461536 0.8047415120192307 0.40883680528846156 0.8059606490384615 0.4017447908653846 0.8068769278846154 0.3914467596153846 0.8069521610576923 0.3871006947115384 0.8059606490384615 0.38572916586538464 0.8044367283653846 0.38538483894230774
0 0.5435976081730769 0.04894675961538461 0.5461265432692307 0.039218750000000004 0.5462847211538462 0.03091724519230769 0.5462847211538462 0.02569733894230769 0.5442303245192307 0.022853009615384615 0.5401176706730769 0.020954860576923078 0.5348996923076923 0.020005786057692307 0.5303125000000001 0.01929398076923077 0.5262017740384615 0.018107639423076922 0.522880014423077 0.017633100961538462 0.519400076923077 0.01858217548076923 0.5157638894230769 0.02142939903846154 0.5129166658653846 0.023799189903846156 0.5107021610576923 0.026171874999999997 0.5107021610576923 0.029730903846153844 0.5091203701923077 0.03495081009615385 0.5078568677884616 0.044913194711538464 0.5069077932692307 0.04799768509615385 0.514023920673077 0.04965856490384615 0.5345833341346153 0.04870949038461539 0.5386940576923077 0.05155381971153846 0.5435976081730769 0.04894675961538461
0 0.9417418990384616 0.09603298557692308 0.9433236875000001 0.0884432860576923 0.9404783942307693 0.07421006971153846 0.9368402788461538 0.062349536057692306 0.927035108173077 0.05594328605769231 0.9222916658653847 0.050960649038461536 0.9146990745192307 0.05024884375 0.9052102620192308 0.05760416586538461 0.89888503125 0.06875289423076923 0.8939834110576924 0.08013888942307693 0.8942997692307693 0.08796875 0.8974614206730769 0.09294849519230769 0.900308641826923 0.09769386538461539 0.9061593365384616 0.09864293990384615 0.9097974543269232 0.1014901610576923 0.9107465288461539 0.10385995432692309 0.915173610576923 0.11785590384615384 0.9226080240384615 0.1256857644230769 0.9286168990384615 0.11999131971153847 0.9343094134615384 0.11074074038461539 0.9417418990384616 0.09603298557692308
0 0.9453607259615384 0.4212037043269231 0.9414891971153847 0.41642071875000003 0.9373900456730768 0.4126620360576923 0.9336998461538462 0.41061921394230766 0.9223591826923077 0.4225694447115385 0.9146161274038461 0.4297424759615385 0.9111998461538462 0.4321325240384616 0.9068730721153847 0.4389641201923077 0.9052797067307693 0.4416984951923077 0.9000424375 0.44374710576923077 0.8957156634615384 0.4519444447115385 0.8954880408653847 0.45638599519230766 0.8989023918269231 0.46185185096153847 0.9143885024038462 0.47688368028846156 0.9265817908653846 0.4548032403846154 0.9367052475961538 0.4475057860576923 0.9459683653846154 0.43148148076923076 0.9453607259615384 0.4212037043269231