0 0.8090644278846154 0.3850954855769231 0.8115682860576924 0.3816811346153846 0.8127083341346153 0.3779224543269231 0.8124807091346155 0.37348090384615384 0.8102025456730769 0.36835937500000004 0.8063310192307692 0.36391782451923077 0.8022318677884616 0.3601591442307692 0.7974498461538461 0.3591348389423077 0.7946373461538462 0.3640046298076923 0.7897569447115385 0.3700520841346154 0.7867457572115384 0.3738223389423077 0.785380014423077 0.38065393509615386 0.7851523918269231 0.39192708413461536 0.7947164350961539 0.39636863461538463 0.80428240625 0.3943200240384615 0.8090644278846154 0.3850954855769231
0 0.050896990384615384 0.7336255793269231 0.048682485576923076 0.7352864591346153 0.04456982932692308 0.7393200240384614 0.04330439903846154 0.7445370360576924 0.04456982932692308 0.7499942139423077 0.04789158894230769 0.7559259254807693 0.05247685096153846 0.7552141201923077 0.056431326923076924 0.7511805552884615 0.06022569471153846 0.7433535889423077 0.055482252403846154 0.7343373846153847 0.05358410576923077 0.7329137740384616 0.050896990384615384 0.7336255793269231
0 0.12534529326923077 0.12101851923076924 0.12350308653846155 0.12140046394230769 0.12013310096153845 0.12140046394230769 0.11695601923076923 0.12178240625 0.1126986875 0.12368923557692307 0.11098186778846153 0.12578414423076922 0.10913966105769231 0.13255497596153848 0.11028356490384615 0.13703414423076923 0.11384259375 0.14570891105769232 0.11759259375 0.14609085576923075 0.1270621153846154 0.14065682932692308 0.13100115625 0.133984375 0.1282060192307692 0.12530960576923078 0.12737847115384615 0.12187789423076922 0.1264255408653846 0.12111400480769231 0.12534529326923077 0.12101851923076924
0 0.7809625769230769 0.4587297451923077 0.7785030865384616 0.46077835576923076 0.7757696754807692 0.46610821874999997 0.7752237644230769 0.47225694471153845 0.7741300144230769 0.47758680528846154 0.7771373461538461 0.48004629567307694 0.78178240625 0.4779947908653846 0.7918942908653845 0.4743055552884616 0.8017303245192308 0.47061631971153844 0.8017303245192308 0.4579108798076923 0.795173610576923 0.4562702548076923 0.7902546298076923 0.45708912019230774 0.7809625769230769 0.4587297451923077
0 0.05223958413461539 0.78123553125 0.040380014423076926 0.7895399302884616 0.03563464423076923 0.7964178245192308 0.034685572115384616 0.8028240745192308 0.034685572115384616 0.8101765048076923 0.03547646634615385 0.8116001153846154 0.04211998557692308 0.80970196875 0.05208140384615385 0.8035329855769231 0.06663194471153847 0.7933333341346154 0.07548804086538462 0.7850318293269231 0.07153356490384616 0.767951389423077 0.06394290144230769 0.77056134375 0.0573013125 0.7741203701923076 0.05223958413461539 0.78123553125
0 0.1649305552884615 0.161015625 0.16859182211538462 0.16204282451923074 0.17385416586538463 0.16593460576923078 0.1782021610576923 0.16478877403846154 0.17789737740384615 0.16021412019230769 0.17477044711538461 0.15151909615384615 0.16706597115384614 0.1406510408653846 0.16332947596153843 0.14740162019230768 0.16134644951923077 0.1548379639423077 0.1649305552884615 0.161015625
0 0.2254668221153846 0.6036024302884615 0.22282986057692306 0.6001446754807692 0.21997492307692307 0.5989901610576923 0.21799768509615386 0.5996498846153846 0.21349537019230772 0.6016261562499999 0.2082233798076923 0.6050868052884616 0.2055883485576923 0.6124971057692308 0.20668595673076923 0.6194184038461539 0.2082233798076923 0.6251822908653846 0.21129822596153847 0.6324305552884616 0.21624035576923079 0.6378674759615385 0.22107253124999998 0.6414930552884616 0.22425732932692308 0.6393489591346154 0.22908950721153848 0.6324305552884616 0.2328317908653846 0.6256655096153847 0.23326388942307694 0.6197482644230768 0.22963927403846154 0.6124971057692308 0.2254668221153846 0.6036024302884615
0 0.15294945913461538 0.6349913197115384 0.14939814903846155 0.621875 0.14666473798076923 0.6099884254807693 0.14420524759615383 0.6001504639423076 0.14092592548076924 0.6021990745192307 0.13874035576923077 0.6001504639423076 0.13546103365384615 0.6026099543269231 0.1283545528846154 0.6099884254807693 0.12097607932692307 0.6206452548076923 0.10403356490384616 0.6395023149038461 0.09064429086538461 0.6612268509615385 0.0821720673076923 0.6788512740384616 0.07260802403846153 0.69360821875 0.07643325721153846 0.7009866899038462 0.08326581730769231 0.7165653942307693 0.09310378124999999 0.7264033557692307 0.09966242307692307 0.7227141201923076 0.1280825625 0.7063165504807691 0.15704861057692307 0.6714756947115385 0.16060185096153848 0.6661458341346154 0.1567766201923077 0.6513888894230769 0.15294945913461538 0.6349913197115384
0 0.8225964495192308 0.33361400480769227 0.82046875 0.32891782451923074 0.8157098774038462 0.32497395913461535 0.8129552475961539 0.32347222115384616 0.8090740745192307 0.32103009375 0.8075713725961537 0.31971643509615383 0.8065702163461539 0.31877604086538464 0.8039409711538461 0.31877604086538464 0.8010609567307692 0.32046585576923076 0.7984317139423076 0.32403645913461543 0.7985570985576923 0.32816840384615387 0.8044425144230769 0.3424392355769231 0.8125810192307692 0.3471354158653846 0.8202179783653847 0.34394386538461535 0.8238483798076923 0.33755787019230765 0.8225964495192308 0.33361400480769227
0 0.8031269278846154 0.4002835649038462 0.80125 0.3984056706730769 0.7974942139423077 0.39915798557692306 0.7964911274038461 0.4006597211538461 0.7949884254807693 0.40347800961538466 0.7943634254807692 0.40704571875 0.7941126538461538 0.4115538197115385 0.7964911274038461 0.4147453701923077 0.8040046298076924 0.41512152884615383 0.8088869591346154 0.40911168990384617 0.8080111875 0.4051678245192308 0.805756173076923 0.40347800961538466 0.8031269278846154 0.4002835649038462
0 0.8785744591346153 0.4198958341346154 0.8767283942307693 0.41969618028846156 0.8731712956730769 0.42009259375 0.8671084110576923 0.4226620360576923 0.8617052475961539 0.42582465384615387 0.85287615625 0.4323495360576923 0.8469444447115385 0.4378848389423077 0.8439139663461539 0.4446035889423077 0.8436496923076924 0.4493489591346154 0.8448360336538462 0.4540943293269231 0.8489216826923076 0.46417534615384615 0.85287615625 0.4701041658653846 0.8572241514423078 0.4681278942307693 0.8739621923076922 0.4517216442307692 0.8901716826923077 0.42977719951923077 0.8860860336538461 0.4246383100961539 0.8821334879807693 0.42206886538461535 0.8785744591346153 0.4198958341346154
0 0.7794945985576922 0.66446759375 0.8068287043269231 0.6450057860576923 0.8272280096153846 0.6205237259615385 0.8223321754807693 0.5935966442307692 0.8011168990384616 0.5581018509615384 0.7831655096153847 0.5421903942307693 0.7701099543269231 0.523828125 0.7431809423076923 0.5360706009615385 0.7284934423076923 0.5397424759615385 0.7146219134615385 0.5434143509615385 0.7015663581730769 0.5605497692307693 0.7007503846153846 0.6609172451923077 0.7040142740384615 0.702531829326923 0.7377700625 0.6967592596153847 0.7794945985576922 0.66446759375
0 0.7952662043269231 0.3298408557692308 0.7900501538461538 0.334921875 0.7886766971153846 0.33972511538461536 0.787943673076923 0.3448061346153847 0.7904147379807692 0.35002314903846155 0.7949922836538461 0.35235532451923074 0.7984683653846154 0.3513946754807692 0.8046932860576923 0.3426099543269231 0.8004822524038461 0.33409722115384616 0.7981944447115384 0.32833043990384614 0.7952662043269231 0.3298408557692308
0 0.8512982259615385 0.14698495432692307 0.8504996153846154 0.14046296394230767 0.8473842596153845 0.1373119206730769 0.8452835649038462 0.13568287019230768 0.8418055552884615 0.13568287019230768 0.8399209110576924 0.13568287019230768 0.837964891826923 0.13600694471153846 0.8349942139423077 0.13209490625 0.8324594903846154 0.13252893509615385 0.8334008485576923 0.13709490625 0.8358641971153846 0.14067997596153844 0.8354301706730769 0.14524594951923075 0.836878858173077 0.1479629639423077 0.8384722211538461 0.15035300961538461 0.8407195216346154 0.15426793990384613 0.8469502307692308 0.15535300961538462 0.8502102620192308 0.15361400480769233 0.85071759375 0.151875 0.8512982259615385 0.14698495432692307
0 0.7950482259615386 0.4197887740384615 0.7958371923076922 0.4150434038461538 0.7953645841346154 0.41385706009615386 0.7915682860576924 0.4105353004807692 0.7868229158653846 0.40769097115384617 0.781921295673077 0.4055555552884615 0.7774942139423077 0.4057928245192307 0.7721161274038462 0.4076880793269231 0.7774942139423077 0.4174160889423077 0.7858603389423077 0.4185185192307692 0.7918846442307692 0.42073784615384613 0.7950482259615386 0.4197887740384615