0 0.6110223774038461 0.5123291009615385 0.6276967596153846 0.49897949278846154 0.6351813269230769 0.484765625 0.6501543221153846 0.4696923822115385 0.6787384254807692 0.4507421875 0.6967746923076923 0.43696288942307693 0.7134490745192308 0.4218896490384615 0.7355671298076923 0.39044921875 0.7433950625 0.3697753894230769 0.75428240625 0.35986816346153844 0.7648341057692308 0.35470214903846153 0.7733410504807693 0.33747558653846155 0.7811689807692308 0.32240234375 0.7825270072115385 0.3004345697115384 0.7753819447115385 0.2875146490384615 0.7597299375000001 0.2642578125 0.7447569447115385 0.25219726442307694 0.7263811730769232 0.23281738221153844 0.7117476850961538 0.22162109375 0.6732947524038462 0.19879394471153844 0.652195216346154 0.18673828125 0.6413078701923076 0.178984375 0.6253124999999999 0.16950683653846152 0.6140856490384615 0.16563476682692307 0.5967283942307693 0.15874023557692307 0.5906057091346154 0.15486328124999998 0.5817554014423076 0.15099121153846154 0.5739313269230769 0.15055663942307693 0.5654243822115385 0.15099121153846154 0.5562345673076923 0.15055663942307693 0.5484066346153846 0.14969726442307693 0.5405825625 0.14926757692307693 0.5283294759615385 0.1402246105769231 0.5194830240384616 0.13677734375 0.5106365745192307 0.1337597644230769 0.5048495360576923 0.13031738221153846 0.49736496875 0.13548339903846154 0.4932793221153846 0.13893066346153846 0.4888580240384615 0.14237793028846155 0.4834104927884615 0.1458203125 0.47898919711538457 0.14926757692307693 0.47048225240384617 0.15228027403846153 0.46639660576923075 0.15270996153846153 0.46027392067307693 0.15529785096153845 0.4555092596153846 0.15874023557692307 0.4507445985576923 0.16477050721153846 0.4442785504807692 0.17166015625 0.43985339423076925 0.17467773317307692 0.43474922836538465 0.18716796875 0.4286265432692308 0.19750488221153845 0.4170563269230769 0.2130078125 0.4146720673076923 0.2181738269230769 0.41092978365384614 0.2250683605769231 0.4054861105769231 0.2298046875 0.4017438269230769 0.23238769471153847 0.39799768509615385 0.23324706971153847 0.3908526225961539 0.24487793028846155 0.38778935096153844 0.2504785144230769 0.3867708341346154 0.25822753846153845 0.3867708341346154 0.26210449278846154 0.3833680552884615 0.26899413942307693 0.38132330288461536 0.27244140624999996 0.3789429014423077 0.2776074206730769 0.3789429014423077 0.2853613269230769 0.3803047836538462 0.28966796875 0.38064429086538465 0.2952685552884616 0.3786033942307692 0.2978515625 0.3772415120192308 0.3043115240384615 0.3741782403846154 0.30646484375 0.37043595673076923 0.3116357427884615 0.3690740745192308 0.31680175721153847 0.3683950625 0.32067871153846156 0.3666936730769231 0.32541503846153846 0.36533179086538464 0.32670898557692307 0.36430941346153844 0.32756836057692307 0.3632908942307692 0.3279980480769231 0.36430941346153844 0.33489257932692307 0.3619290120192308 0.34091796875 0.3585262355769231 0.34737793028846153 0.3585262355769231 0.3534082019230769 0.35920524759615385 0.35556152403846153 0.36805169711538466 0.3710693365384615 0.3694135793269231 0.3766650384615385 0.37247685096153843 0.3874316394230769 0.3765625 0.39647949278846156 0.3823456778846154 0.3969091802884615 0.38915123557692305 0.3994921875 0.3973186730769231 0.4025097668269231 0.4051466057692308 0.4055224615384615 0.41059027884615384 0.40939941346153846 0.4221604927884615 0.4154296875 0.4289660504807692 0.41887206971153845 0.4418981490384616 0.42490234375 0.44972222115384614 0.42877929567307693 0.4575501538461539 0.4317919927884616 0.4609529326923077 0.4360986322115385 0.4612924375 0.43868652403846153 0.4612924375 0.44169921874999996 0.4606134254807692 0.4447119134615385 0.4623148149038461 0.4481591802884616 0.4643557091346154 0.45160644471153844 0.4653780865384615 0.4533300769230769 0.46775848798076924 0.4533300769230769 0.47082175961538464 0.45504882932692303 0.4735455240384615 0.45763671875 0.4735455240384615 0.4597900384615385 0.4749035504807692 0.4628027331730769 0.4779668221153846 0.46625 0.4793287043269231 0.4684033197115385 0.48000771634615386 0.4718457043269231 0.48239197596153843 0.4765869134615385 0.48613425961538465 0.4808935552884615 0.4888580240384615 0.48562988221153847 0.49089892067307694 0.4895068365384615 0.4943016971153846 0.49424316346153846 0.49702546394230773 0.4985498052884615 0.4980439807692308 0.5028564447115385 0.49872685096153846 0.5045800793269231 0.49736496875 0.50974609375 0.49736496875 0.5123291009615385 0.49940586538461534 0.5149169927884615 0.5034876538461538 0.518359375 0.5058719134615385 0.5209423822115384 0.5089351850961539 0.5274072259615384 0.5096141971153846 0.531279295673077 0.5106365745192307 0.5364501947115385 0.5140393509615385 0.54291015625 0.5167592596153846 0.546357423076923 0.5194830240384616 0.5476464831730768 0.5232253076923077 0.5485107427884615 0.5300308653846154 0.5497998052884616 0.5334336418269231 0.5497998052884616 0.5375192908653846 0.5515234375 0.5402391971153846 0.5536767572115384 0.541601079326923 0.5545361322115384 0.54330246875 0.5541064447115385 0.5456867283653846 0.5541064447115385 0.5497685192307692 0.5536767572115384 0.55146990625 0.5528173822115384 0.5630401225961539 0.5373095697115384 0.5763117283653846 0.5265429687500001 0.5906057091346154 0.518359375 0.6110223774038461 0.5123291009615385
0 0.46081790144230766 0.8634912115384614 0.4525848774038461 0.8411669927884616 0.43964892067307687 0.8277685552884615 0.4314158942307692 0.8233056634615384 0.41259644951923075 0.8195849615384615 0.39672067788461535 0.8158642572115385 0.3814313269230769 0.8076757812500001 0.3714351850961538 0.8054443365384615 0.36379243749999995 0.8046972644230769 0.35673611057692306 0.8084228509615384 0.35203317788461536 0.8292578125 0.36849537019230766 0.9014501947115385 0.38496142067307687 0.9141015625000001 0.39848379567307696 0.8880517572115385 0.46081790144230766 0.8634912115384614
0 0.6664737644230769 0.89064453125 0.6702430552884615 0.8897265625 0.6771990745192308 0.8910107427884615 0.6816898149038462 0.8895410144230769 0.68415509375 0.8860595697115384 0.6869097211538461 0.88220703125 0.6890817908653847 0.8779882812500001 0.6921257716346154 0.8732177740384616 0.6931404326923077 0.8669824230769231 0.6937191346153846 0.86111328125 0.695169752403846 0.8554296874999999 0.6966165120192307 0.8416748052884616 0.6979205240384616 0.8273681634615385 0.6987924375 0.8192968749999999 0.7009645072115384 0.8060937499999999 0.7050231490384615 0.7917871105769231 0.7071952163461539 0.7771142572115385 0.7086458341346155 0.7681298822115384 0.7105285504807692 0.75529296875 0.7116898149038462 0.746669923076923 0.7151658942307692 0.73181640625 0.7164699062500001 0.7180615240384616 0.7174845673076924 0.7035693365384615 0.7161805552884615 0.6978857427884615 0.7103819447115385 0.6920166009615384 0.7000964495192308 0.6879833990384616 0.6916898149038461 0.6850488293269231 0.6814004639423078 0.6789941418269231 0.6715470673076923 0.67166015625 0.6654629639423076 0.6670751947115385 0.6574922836538462 0.6623046875 0.64821759375 0.6564355480769231 0.6438695985576923 0.6527685552884616 0.6408256177884616 0.6445166009615384 0.6376388894230769 0.6395654302884615 0.6338695985576923 0.6344287115384616 0.6288001538461538 0.6309423822115385 0.6227121923076923 0.6280078125 0.6190895072115384 0.6258105480769232 0.6163348774038462 0.6243408197115384 0.6161921298076922 0.6212207043269231 0.6134375 0.6212207043269231 0.611118826923077 0.6206738269230769 0.6105401225961539 0.62048828125 0.6057561730769231 0.6175537115384616 0.6005401225961539 0.6142529302884616 0.59576003125 0.6127880865384616 0.5934413581730769 0.6142529302884616 0.59228009375 0.6170068365384616 0.5890933653846153 0.6162695312500001 0.5845987644230769 0.6164550769230769 0.5817013894230769 0.6184716802884616 0.5792399687500001 0.6212207043269231 0.5750347211538461 0.6272753918269232 0.5732986105769231 0.6300244134615384 0.5706905865384615 0.6302099615384615 0.5667746923076923 0.62892578125 0.5631520072115385 0.6283740240384615 0.5605439807692307 0.6300244134615384 0.5590972211538461 0.633876954326923 0.5551851850961539 0.6382812499999999 0.5525733028846154 0.6423144519230769 0.5482291658653846 0.6483691418269231 0.5446064807692308 0.6562548822115384 0.5414158942307693 0.6635888677884616 0.5360570985576923 0.6778955072115385 0.5319984567307693 0.6874316418269231 0.528086420673077 0.6943994134615384 0.5238811730769231 0.7013720697115384 0.5208410504807692 0.7063232427884615 0.5144637355769232 0.7072412115384614 0.5098263894230769 0.7063232427884615 0.5051890432692308 0.7085253894230769 0.5021450625 0.7055908197115385 0.49809027884615387 0.7057714831730769 0.49518904326923074 0.707607423076923 0.4901195985576923 0.7057714831730769 0.4843209879807692 0.7050390624999999 0.4793942908653846 0.7120068365384615 0.47562885817307693 0.7195263677884616 0.47084490625 0.7274121081730769 0.4707021610576923 0.7347509759615385 0.47084490625 0.7422705072115385 0.4656288581730769 0.7472216802884616 0.4628742283653846 0.7512548822115386 0.4598302475961538 0.7529052740384615 0.45765817788461544 0.7565771490384615 0.4557754639423077 0.7622607427884615 0.45287808653846157 0.7686816418269231 0.45055941346153844 0.7754638677884615 0.44838348798076927 0.7809667956730769 0.44562885817307696 0.7848193365384616 0.44229938221153847 0.7897705072115385 0.4404128076923077 0.7932568365384616 0.43867669711538465 0.7952734375 0.4354861105769231 0.7996728509615385 0.4341820985576923 0.8038916009615384 0.43577546394230765 0.8073779302884615 0.4375154326923077 0.8110449206730769 0.43853009374999996 0.81544921875 0.4393981490384615 0.8189306634615385 0.4437461418269231 0.828466798076923 0.44606481490384614 0.8326855456730768 0.45055941346153844 0.8411230456730769 0.4550501538461538 0.8482763677884615 0.4589621923076923 0.8548779302884615 0.4622955240384616 0.8614794927884616 0.4676581778846154 0.8651513677884615 0.4721489206730769 0.8642333990384615 0.4811342596153846 0.8635009759615385 0.4935956778846154 0.8644140625 0.5048996923076923 0.8649658197115385 0.5131597211538461 0.8618505865384616 0.5254783942307693 0.857998048076923 0.5372145072115384 0.8528613293269232 0.5440239206730769 0.8515771490384616 0.5528665120192308 0.8484619134615384 0.5648919759615384 0.8475439447115385 0.5783680552884616 0.8453417980769231 0.5882253076923077 0.8438769543269231 0.5950347211538461 0.8427734375 0.6054668221153846 0.8462597644230769 0.6096720673076923 0.85029296875 0.6114081778846153 0.8552441418269231 0.6172067908653845 0.863681639423077 0.6196682091346154 0.8669824230769231 0.6235802475961538 0.8689990240384616 0.6280748461538461 0.87046875 0.6314081778846153 0.87046875 0.6332908942307692 0.872119139423077 0.6363348774038461 0.8746875000000001 0.6401003076923076 0.8770703125 0.6425655865384615 0.8820214855769231 0.6453202163461539 0.887158204326923 0.6495216057692308 0.8915624999999999 0.6527083341346154 0.89064453125 0.6561882716346153 0.8895410144230769 0.6598109567307693 0.8895410144230769 0.6664737644230769 0.89064453125
0 0.4140702163461538 0.6257568365384615 0.43114197596153847 0.5671142572115385 0.35597993749999995 0.5162597644230769 0.3176697524038462 0.4671875 0.30138888942307696 0.46459961057692306 0.21628086538461538 0.3943847668269231 0.10316357932692308 0.46123046874999996 0.06900077163461539 0.5347070312500001 0.06944444471153846 0.59033203125 0.05436728365384616 0.6581640624999999 0.06534336538461538 0.7384082043269231 0.10923996875 0.8140283197115384 0.17020447596153848 0.8418017572115384 0.17264274759615386 0.8402587884615385 0.1860570985576923 0.8248291009615384 0.1982484567307692 0.7800732427884616 0.30065586538461536 0.67822265625 0.3543209879807692 0.7414941418269231 0.3823688269230769 0.7646435552884616 0.4140702163461538 0.6257568365384615
0 0.8208063269230769 0.49467285096153846 0.810663579326923 0.48642089903846153 0.8051543221153845 0.479453125 0.8042862644230768 0.4733984375 0.7989236105769231 0.46587890625 0.7893595673076923 0.45982910096153845 0.7806674375 0.45726074278846157 0.7718248461538462 0.4565283197115385 0.7648688269230769 0.46074706971153845 0.7586381177884616 0.46331054807692307 0.7522646610576923 0.46221191346153845 0.7438580240384615 0.4644140625 0.7370486105769231 0.4693652331730769 0.7322646610576923 0.47633300721153843 0.727048610576923 0.48605468749999997 0.7224112644230769 0.49541015624999996 0.7180632716346154 0.5034765625 0.7092245360576922 0.511181641826923 0.7025578701923076 0.5131982427884615 0.6992245360576923 0.51466796875 0.6919791658653847 0.5154003918269231 0.68705246875 0.5185156249999999 0.6825617283653845 0.52181640625 0.6763310192307692 0.522734375 0.6682137355769231 0.5232861322115384 0.6603896610576924 0.5223681634615385 0.6541589495192308 0.52126953125 0.6487962956730768 0.5223681634615385 0.6444483028846153 0.5249365240384616 0.6372029326923077 0.52548828125 0.6314081778846153 0.5276855480769231 0.6247415120192308 0.531904295673077 0.6190895072115384 0.54052734375 0.6182214495192307 0.543828125 0.6138734567307692 0.544375 0.6082214495192309 0.5507958990384615 0.6050347211538462 0.5568505865384615 0.6025694447115385 0.5632666009615385 0.5996720673076923 0.56876953125 0.5967746923076923 0.573173826923077 0.5950347211538461 0.5773876947115385 0.5963387355769231 0.5887597644230769 0.59865740625 0.5909619134615385 0.6037307091346154 0.59462890625 0.6076427475961539 0.599033201923077 0.6106828701923077 0.6069189447115385 0.6103935192307692 0.6149853509615385 0.6108294759615385 0.6195703124999999 0.6127121923076924 0.6212207043269231 0.6160455240384616 0.6214062499999999 0.6177854927884615 0.6230566394230769 0.6205401225961539 0.6236083990384615 0.635898920673077 0.62708984375 0.6538695985576923 0.6347949206730769 0.6657523149038462 0.6364453125 0.6753163581730769 0.6382812499999999 0.6838657403846155 0.6386474615384615 0.6979205240384616 0.6364453125 0.7105285504807692 0.6347949206730769 0.7190779326923077 0.6309423822115385 0.7276273149038462 0.6261767572115384 0.7338580240384616 0.62708984375 0.7411033942307692 0.6342431634615384 0.755451389423077 0.6435986322115385 0.7671874999999999 0.6432324206730768 0.7726967596153845 0.6428662115384616 0.77544753125 0.6399316418269231 0.7777662043269231 0.6294775384615385 0.7787808653846154 0.6219580072115385 0.7782021610576924 0.60966796875 0.7786381177884615 0.596279298076923 0.7787808653846154 0.5887597644230769 0.7806674375 0.5841748052884616 0.7837075625000001 0.5801416009615384 0.786608795673077 0.57298828125 0.7892168221153846 0.5667529302884615 0.7925501538461539 0.55978515625 0.7976195985576923 0.5517138677884615 0.8002276225961539 0.5473095697115384 0.8037075625000001 0.54291015625 0.8055902788461539 0.539609375 0.8073302475961538 0.5366748052884616 0.8084876538461538 0.5348388677884615 0.8110956778846153 0.5342919927884615 0.8135609567307692 0.533740233173077 0.8168942908653847 0.5348388677884615 0.8187770072115386 0.5361230456730769 0.8203703701923076 0.5359423822115384 0.8222569447115385 0.5284228509615384 0.8273263894230769 0.5157666009615385 0.8268942908653846 0.5060449230769231 0.8208063269230769 0.49467285096153846
0 0.3063503076923077 0.23332031250000002 0.30755401201923077 0.21849121153846152 0.31206018509615385 0.20137695432692307 0.31626543269230767 0.18616211057692308 0.3252816346153846 0.16334472596153848 0.32558256249999995 0.15193847596153848 0.3219753076923077 0.13862304567307693 0.32017361057692306 0.12493652403846153 0.31656635817307693 0.10857910096153846 0.3105594134615384 0.1009765625 0.3066512355769231 0.08842285096153847 0.3036458341346154 0.0808203125 0.29944058653846156 0.07245117307692307 0.2943325625 0.06104492067307692 0.29192901201923077 0.050395507211538466 0.2883217596153846 0.04316894471153846 0.28471450721153846 0.034799805288461536 0.2796064807692308 0.027578125000000002 0.2754012355769231 0.024912108173076923 0.2702932091346154 0.024536132211538463 0.26638503125 0.02339355528846154 0.26187885817307693 0.02187011778846154 0.2552662043269231 0.02111328125 0.24805555528846154 0.02148925721153846 0.24204475240384615 0.02148925721153846 0.2321296298076923 0.02111328125 0.22641975240384615 0.02148925721153846 0.22011188221153846 0.02148925721153846 0.21349922836538462 0.02301269471153846 0.20689043269230767 0.02301269471153846 0.1975733028846154 0.02301269471153846 0.1927662043269231 0.02301269471153846 0.18675540144230768 0.02301269471153846 0.1819483028846154 0.022631836538461538 0.1798456778846154 0.024536132211538463 0.1774421298076923 0.026435548076923075 0.17473765384615386 0.02719726682692308 0.17052855048076923 0.025673826923076924 0.168125 0.024155274038461537 0.16452160576923078 0.022631836538461538 0.1615162043269231 0.022631836538461538 0.15760802403846152 0.022631836538461538 0.1537037043269231 0.022631836538461538 0.15009644951923076 0.022250975961538463 0.1446875 0.024912108173076923 0.1428858028846154 0.027578125000000002 0.13777777884615386 0.027954100961538463 0.13477237740384615 0.031000975961538463 0.13146605048076923 0.03594238221153846 0.13146605048076923 0.043549805288461536 0.1302662043269231 0.048110350961538456 0.12846064903846155 0.052675781250000005 0.12575617307692308 0.05952148557692308 0.12455632692307693 0.06408691346153847 0.12455632692307693 0.07435546875 0.12455632692307693 0.07967773557692308 0.12545524759615384 0.0865234375 0.12545524759615384 0.09526855528846154 0.12575617307692308 0.1009765625 0.12756172836538462 0.10591796875000001 0.12996527884615386 0.11010253846153846 0.1308641971153846 0.1123828125 0.1308641971153846 0.11694824278846154 0.13116512259615384 0.11884765624999999 0.13146605048076923 0.12151367307692308 0.1308641971153846 0.12417480528846155 0.12966435096153847 0.12645507932692307 0.12966435096153847 0.12873535096153846 0.13206790144230768 0.13215820432692307 0.13627314903846155 0.13520507692307693 0.13957947596153847 0.13710449278846154 0.14258487740384615 0.14052734375 0.14709105048076923 0.1469921875 0.15009644951923076 0.1545996105769231 0.1506983028846154 0.16030273557692307 0.1525 0.1667675793269231 0.15430555528846154 0.17551269471153846 0.15490355048076923 0.18235839903846152 0.15520447596153847 0.19110839903846152 0.15580632692307692 0.19643066346153845 0.15760802403846152 0.200234375 0.16572144951923076 0.19795410096153845 0.17113040144230768 0.19757324278846153 0.1774421298076923 0.2006152355769231 0.1852546298076923 0.20556152403846153 0.18886188221153846 0.21088378846153846 0.1909645072115385 0.21620605528846154 0.19396990625 0.23065918028846152 0.19486882692307692 0.23598144471153845 0.19697144951923076 0.24815429807692307 0.1984760793269231 0.25271484375 0.20148148076923075 0.25918456971153847 0.2047878076923077 0.26831054807692306 0.20749228365384614 0.27591796875 0.21049382692307692 0.28390136778846153 0.21770833413461538 0.2975927740384615 0.21981095673076922 0.3040576177884616 0.22251543269230767 0.30976074278846155 0.2282253076923077 0.3135644543269231 0.23303240625 0.3166064447115385 0.2375385793269231 0.321171875 0.2378395072115385 0.321171875 0.24204475240384615 0.3226953125 0.24595293269230767 0.3226953125 0.25076003125 0.3264941394230769 0.25646990625 0.32839843750000003 0.26127700721153846 0.32839843750000003 0.26368055528846157 0.3272558605769231 0.2657870360576923 0.3253564447115384 0.2717939807692308 0.31623046875 0.2781057091346154 0.3052001947115385 0.28411651201923077 0.2892285168269231 0.2913271610576923 0.27173339903846155 0.30004243750000004 0.25233886778846154 0.3063503076923077 0.23332031250000002
0 1 0.54845703125 0.9915239206730769 0.5470800793269232 0.9845216057692308 0.54494140625 0.9763078701923077 0.5412744134615385 0.95928240625 0.5431103509615385 0.9501041658653846 0.5437207043269231 0.93790509375 0.5412744134615385 0.9292129639423077 0.5394384759615385 0.9263155865384616 0.538828125 0.9222067908653847 0.5369970697115385 0.9166049375 0.5329150384615384 0.9081983028846154 0.5303466802884615 0.8992168221153847 0.5290625 0.8932754639423077 0.5303466802884615 0.8892168221153847 0.5297949230769231 0.8836959879807692 0.5260058581730769 0.8779513894230769 0.5233642572115385 0.8718634254807692 0.5205029302884616 0.8656095673076922 0.5180761730769231 0.860223764423077 0.5209326177884616 0.8565625 0.5246777355769231 0.8515277788461538 0.526435548076923 0.8472029326923077 0.5308056634615385 0.8458757716346154 0.5355419927884616 0.8445486105769231 0.53890625 0.8402006177884616 0.53890625 0.8358526225961539 0.5382958990384615 0.8307793221153846 0.5387548822115384 0.8288503076923077 0.540126954326923 0.8232947524038461 0.53966796875 0.8184645072115385 0.53966796875 0.8170138894230768 0.5356982427884616 0.8138734567307692 0.5347802740384615 0.8083179014423076 0.5356982427884616 0.8048186730769231 0.5416552740384616 0.8017978389423077 0.5476171875 0.7991435192307693 0.5505224615384615 0.7928973774038461 0.5618603509615384 0.7893827163461539 0.5675927740384615 0.7866666658653846 0.575615233173077 0.7839506177884614 0.5823730480769231 0.7805208341346154 0.5860546875 0.77892746875 0.6040429687500001 0.779506173076923 0.6116845697115385 0.7792631177884615 0.6259130865384616 0.7769945985576924 0.6381103509615385 0.7746527788461539 0.6506884759615384 0.7728047836538461 0.6573681634615384 0.7695177475961539 0.6732177740384616 0.7640354927884616 0.6873388677884615 0.7605594134615384 0.69357421875 0.7625887355769231 0.6979785144230769 0.7688194447115385 0.703662108173077 0.7746141971153846 0.7108154302884616 0.7875000000000001 0.7231640625 0.7949768509615385 0.7321826177884615 0.7988040120192307 0.7449462884615384 0.8003742283653845 0.7533203125000001 0.8040316346153846 0.7646582019230769 0.8063503076923078 0.7725439447115385 0.8063503076923078 0.7787841802884615 0.8076543221153846 0.7877832043269231 0.8230169759615384 0.7877832043269231 0.8469135793269231 0.78634765625 0.868348764423077 0.7837500000000001 0.8932137355769231 0.7815478509615384 0.9239467596153846 0.780126954326923 0.9420370360576923 0.7735107427884615 0.9578433653846155 0.7633154302884615 0.9782407403846154 0.7500341802884616 0.9802700625 0.7436132812499999 0.9825887355769231 0.7397607427884616 0.9950501538461538 0.735546875 0.9995794759615385 0.734228516826923 1 0.7329003918269231 1 0.5998730480769231 1 0.54845703125
0 0.7637345673076923 0 0.7882908942307693 0.0671484375 0.8170794759615384 0.09500976442307693 0.8526427475961539 0.09072265625 0.8814351850961538 0.08214843749999999 0.9195370360576922 0.07893554567307692 0.9601813269230769 0.07572265624999999 0.9720370360576923 0.06821777403846153 0.9703433653846154 0.05535644471153846 0.9432484567307693 0.04464355528846154 0.9203858028846154 0.02856445192307692 0.9059915120192308 0.01999511778846154 0.8814351850961538 0.008203125 0.857723764423077 0 0.7637345673076923 0
0 0.4794290120192307 0.4751953125 0.4728935192307692 0.4643408197115385 0.4696296298076923 0.4586572259615384 0.46513503125 0.45659179807692307 0.45860339423076923 0.4457373052884615 0.45329475240384615 0.43333496153846157 0.42675154326923076 0.42041015625 0.3924498461538462 0.40180663942307693 0.37121527884615385 0.3909521490384616 0.35692515384615386 0.3883691418269231 0.3446720673076923 0.38940429807692306 0.3463078701923077 0.39922363221153845 0.3757060192307692 0.49121581971153844 0.4091820985576923 0.49433593750000004 0.4328780865384615 0.54134765625 0.4794290120192307 0.5620214855769231 0.5006635793269231 0.52791015625 0.4941280865384616 0.4979345697115385 0.48636959855769235 0.4870800793269231 0.4794290120192307 0.4751953125
0 1 0.7395068365384615 0.9976234567307691 0.7407617187500001 0.9879166658653846 0.745556641826923 0.9807986105769231 0.74939453125 0.9758680552884615 0.7547216802884615 0.9663117283653846 0.7601953124999999 0.9551658942307693 0.7664355480769232 0.9471720673076922 0.7717578125 0.93013503125 0.780810545673077 0.9094020072115385 0.7865136706730769 0.8946759254807692 0.7914599615384615 0.8856635793269232 0.7983056634615384 0.8820563269230769 0.8085693365384615 0.8793518509615385 0.8135156250000001 0.858348764423077 0.82291015625 0.8472299375 0.8301367187500001 0.8445254639423077 0.8434472668269231 0.8472299375 0.85447265625 0.8502353389423077 0.8685449206730769 0.8490316346153846 0.8852783197115385 0.8514351850961539 0.8989697259615385 0.8517361105769231 0.9115185552884615 0.8535416658653846 0.9271142572115385 0.8601504639423077 0.9385205072115385 0.8697646610576922 0.9586767572115384 0.8802854927884615 0.9670458990384615 0.8944058653846153 0.9818749999999999 0.903121141826923 0.9830175793269231 0.9238541658653846 0.9864404302884615 0.9304668221153847 0.9986083990384615 1 1 1 0.7395068365384615
0 0.70298996875 1 0.7040046298076923 0.9234130865384615 0.6806365745192308 0.8976953125 0.6460879639423076 0.8938378918269231 0.6288117283653847 0.8771191394230768 0.6034104927884616 0.8539697259615384 0.5576851850961538 0.85525390625 0.5312692908653847 0.8616845697115385 0.5028163581730769 0.8629736322115384 0.4804629639423077 0.8642578125 0.4642052475961539 0.8693994134615385 0.43981867307692313 0.8719726562500001 0.42051311778846157 0.8809765625 0.38799768509615384 0.9066943365384615 0.3971412043269231 0.9118408197115385 0.4438811730769231 0.9375585937500001 0.5018016971153846 0.9915722644230769 0.5688618822115384 1 0.70298996875 1
0 0.2397067908653846 0.7399511706730769 0.23726851923076925 0.7831640624999999 0.22994984615384617 0.80630859375 0.23483024759615387 0.8325439447115385 0.27384644951923076 0.8556933581730769 0.3384722211538461 0.8294580072115385 0.36895447596153846 0.7600146490384615 0.32018132692307694 0.7075439447115385 0.3092091057692308 0.6859375000000001 0.27018904326923077 0.7152587884615385 0.2397067908653846 0.7399511706730769
0 0.3731751538461538 0.09595703125 0.36042438221153844 0.09705566346153846 0.3557870360576923 0.09889160096153846 0.3525964495192308 0.10420898557692307 0.35013503125 0.10897949278846154 0.3450617283653846 0.11099609375 0.33694830288461536 0.11337890625 0.3330362644230769 0.1190625 0.3223109567307692 0.13300293028846155 0.3253549375 0.14144043028846154 0.32694830288461535 0.1528125 0.32651234615384617 0.16344726442307692 0.3186882716346154 0.1836230456730769 0.30897762259615386 0.21718749999999998 0.3085455240384615 0.23497558653846154 0.3030362644230769 0.24763183653846152 0.2996141971153846 0.2689453125 0.30258487740384615 0.2826171875 0.30420524759615386 0.29047851442307693 0.3154320985576923 0.2931152331730769 0.3149691346153846 0.28984375 0.3250655865384615 0.28431152403846155 0.3598418221153846 0.2630371105769231 0.3840432091346154 0.2446972644230769 0.3911458341346154 0.24047851442307694 0.40244598798076925 0.23057128846153846 0.40766203605769236 0.22396972596153847 0.41664737740384616 0.21094726682692308 0.42215663461538466 0.2034277355769231 0.42867669711538464 0.19499511778846154 0.43679012259615385 0.18142089903846154 0.4391087956730769 0.17518554567307693 0.4454861105769231 0.1658300793269231 0.44853009374999997 0.15794433653846152 0.4567901225961538 0.15116210817307693 0.4646141971153846 0.14088867307692307 0.4622955240384616 0.12878418028846153 0.45765817788461544 0.10787597596153847 0.4502662043269231 0.09063476442307693 0.4450501538461538 0.08128418028846154 0.4418634254807693 0.0739453125 0.4392554014423077 0.07248046875 0.43563271634615386 0.07431152403846154 0.43229938221153846 0.07101074278846155 0.42708333413461536 0.06459472596153847 0.4202700625 0.06367675721153845 0.41447530769230767 0.06624511778846154 0.4101273149038462 0.07248046875 0.40606867307692307 0.0739453125 0.4023032403846154 0.08109863221153847 0.3959259254807692 0.08751953124999999 0.3914351850961539 0.09228515625 0.37911651201923074 0.09485351682692308 0.3731751538461538 0.09595703125
0 0.8796913581730769 1 0.8919444447115384 0.9911328125 0.8915354927884616 0.9823486322115385 0.8796913581730769 0.9704638677884615 0.8731597211538461 0.9714941394230769 0.7955748461538461 0.8893212884615385 0.7804629639423077 0.8851855480769231 0.7682137355769231 0.89138671875 0.7665817908653847 0.8975927740384615 0.7322800937499999 0.9472070312499999 0.7196219134615384 0.9632275384615384 0.7077777788461539 0.9652929687499999 0.701246141826923 0.9740771490384615 0.7175925937500001 1 0.8796913581730769 1
0 1 0.0490625 0.9949845673076924 0.052290038461538464 0.9822222211538462 0.06628906250000001 0.9657754639423076 0.0759765625 0.9603858028846154 0.08100586057692308 0.9532986105769231 0.08890136778846153 0.9402546298076923 0.08746581971153847 0.9130285504807693 0.07885253846153846 0.8994174374999999 0.07920898557692307 0.8852391971153846 0.0853125 0.8770177475961538 0.09212890625 0.8602854927884616 0.09895019471153846 0.8520601850961539 0.10289550721153845 0.8438387355769231 0.11115234375000001 0.8344791658653846 0.11940429567307692 0.8285262355769232 0.12514648557692307 0.8256905865384615 0.1298144543269231 0.8254050937499999 0.13950683653846155 0.8251234567307691 0.14488769471153845 0.8183140432692307 0.15565429567307693 0.8191666658653846 0.16175781250000001 0.8143441346153846 0.17252441346153846 0.8098070985576923 0.18005859375 0.8106597211538461 0.19441406249999998 0.8137770072115385 0.20841308653846152 0.8177469134615385 0.22205078125 0.8259722211538462 0.23712402403846153 0.83419753125 0.2435839855769231 0.8455401225961539 0.25506835817307694 0.8517785504807692 0.26871093749999997 0.858298610576923 0.2801953125 0.8659567908653846 0.29275390625 0.8753163581730768 0.30208496153846154 0.8835378076923077 0.3103417980769231 0.8943132716346154 0.31931640624999996 0.9016859567307692 0.3272119134615385 0.9147299375 0.33474609375000003 0.9226736105769231 0.3394140625 0.9391203701923078 0.3419238269230769 0.9498958341346154 0.3419238269230769 0.9578356490384615 0.3483837884615385 0.9646412043269231 0.3580761730769231 0.9691782403846154 0.3702783197115384 0.9703124999999999 0.3792529302884615 0.9754166658653846 0.3864306634615385 0.9822222211538462 0.3982714831730769 0.9924305552884616 0.4040136706730769 0.9992361105769232 0.41298828125 1 0.3483837884615385 1 0.0490625