0 0.5803047836538462 0.37325683653846153 0.5749845673076923 0.3815527331730769 0.5829629639423077 0.39573730528846157 0.5883757716346154 0.40138671875000004 0.5930285504807692 0.40595214903846155 0.6070833341346155 0.4128027331730769 0.6106944447115384 0.41580566346153847 0.6138271610576923 0.4210986322115385 0.6152507716346154 0.42241699278846156 0.6200964495192308 0.42025390625000003 0.6273109567307693 0.4190527355769231 0.6354783942307692 0.41821288942307694 0.64678240625 0.41484863221153845 0.6530478389423077 0.4134033197115385 0.6607407403846154 0.41100097596153845 0.6658719134615385 0.4087158197115385 0.6711882716346154 0.4082373052884615 0.6771720673076923 0.4082373052884615 0.6819212956730769 0.4081152331730769 0.6822993822115385 0.4022265625 0.6815393509615385 0.3991015625 0.6789776225961539 0.3912890625 0.6777430552884615 0.38503906250000003 0.6757484567307692 0.3771044927884616 0.6726118822115384 0.3683300793269231 0.6698572524038462 0.35895507692307693 0.6682445985576924 0.35246581971153845 0.6653935192307692 0.3482568365384615 0.6624498461538462 0.34609375 0.659506173076923 0.3411669927884615 0.6574189807692308 0.33287109375 0.6547569447115384 0.32121581971153845 0.6544753076923077 0.3196533197115385 0.6536188269230769 0.3143652331730769 0.6527662043269231 0.3112402331730769 0.6516242283653846 0.3096777355769231 0.6498186730769231 0.30943359375 0.6485841057692308 0.3089550793269231 0.6454513894230769 0.31087890625000003 0.6420331778846153 0.31328124999999996 0.6350038581730769 0.31796875 0.6220910504807692 0.3269824206730769 0.6092669759615384 0.33575683653846156 0.6000578701923077 0.34188964903846153 0.5996759254807692 0.34369140625 0.5961612644230769 0.3509033197115385 0.5896103389423077 0.3606396490384615 0.5837229927884615 0.3665283197115385 0.5803047836538462 0.37325683653846153
0 0.845486110576923 0.3457373052884615 0.8507407403846153 0.33541015625 0.852951389423077 0.3222900384615385 0.8507407403846153 0.30951660096153844 0.8494945985576923 0.29447265625 0.8481134254807692 0.28117675721153845 0.8442438269230769 0.2654296875 0.8398186730769232 0.24355956971153844 0.8380208341346154 0.2341113269230769 0.8353935192307692 0.2234375 0.8284837956730768 0.21749023557692307 0.818391204326923 0.21224121153846154 0.811203704326923 0.2085644519230769 0.8000077163461538 0.20559081971153845 0.7924035504807693 0.20611816346153844 0.7859066346153847 0.20471679807692308 0.7850771610576923 0.21783691346153844 0.7838310192307693 0.22658691346153845 0.7825887355769231 0.23201171874999998 0.7777507716346155 0.23813476442307693 0.7751234567307693 0.240234375 0.7748456778846153 0.24740722596153847 0.7748456778846153 0.25178222596153843 0.7691782403846154 0.25458007692307694 0.762681326923077 0.25842773557692306 0.755493826923077 0.26262695432692307 0.7498263894230769 0.26630371153846155 0.7412538581730769 0.27189941346153845 0.7358641971153846 0.27627441346153847 0.7315779326923076 0.28082519471153844 0.7308873461538461 0.2878222668269231 0.7350347211538462 0.29517089903846155 0.7372453701923077 0.30059570432692306 0.739733795673077 0.3089941394230769 0.7424999999999999 0.31686523557692303 0.7459529326923077 0.3264892572115385 0.7491319447115384 0.3334863269230769 0.751068673076923 0.33786132932692303 0.7543865745192307 0.3436376947115385 0.7572916658653847 0.34416015625 0.7590856490384615 0.3418847668269231 0.7625424375 0.33488769471153845 0.7650308653846154 0.32806640625 0.7683487644230769 0.32369140625 0.7706983028846154 0.3214160144230769 0.7742939807692307 0.32351562500000003 0.7778858028846154 0.32736328124999997 0.7845216057692308 0.3319140625 0.7888078701923077 0.3333105456730769 0.7919868822115385 0.33506347596153846 0.7939236105769231 0.33855956971153844 0.7972415120192308 0.3399609375 0.8026311730769231 0.3429345697115384 0.8076080240384615 0.3471337884615385 0.8102353389423077 0.3494091802884615 0.8165933653846154 0.35605956971153846 0.822538579326923 0.36235839903846156 0.8288966057692307 0.36760253846153845 0.83553240625 0.3684814447115385 0.8405092596153847 0.36462890625 0.8431365745192309 0.35658203125 0.845486110576923 0.3457373052884615
0 0.7926890432692308 0.5384130865384615 0.7952816346153846 0.53416015625 0.7994097211538461 0.5299072259615385 0.80396990625 0.52541015625 0.80580246875 0.52197265625 0.8047646610576924 0.519140625 0.8027700624999999 0.5145849615384616 0.8008487644230768 0.51255859375 0.7973263894230769 0.5101269543269231 0.7943672836538462 0.5080029302884616 0.7902006177884615 0.5046582043269231 0.7856442908653847 0.5022314447115385 0.7818904326923076 0.5002001947115384 0.778923610576923 0.49837890625000003 0.7778086418269231 0.49776855528846153 0.776203704326923 0.4966650384615384 0.7740470673076923 0.49636230528846154 0.7711651225961538 0.49686035096153847 0.7674035504807691 0.4966650384615384 0.7640432091346153 0.4965576177884615 0.7614043221153846 0.49757812500000004 0.7581288581730768 0.5006152331730769 0.7554012355769231 0.5032373052884616 0.7534066346153847 0.5055712884615384 0.7510069447115384 0.50708984375 0.748923610576923 0.507978514423077 0.7473688269230769 0.511064454326923 0.7440933653846155 0.5133105456730769 0.7417592596153846 0.5143652355769232 0.7423070985576923 0.5198583990384615 0.7435455240384615 0.52216796875 0.745659721153846 0.5222412115384615 0.748931326923077 0.5227978509615384 0.7528202163461538 0.5241357427884615 0.7585686730769231 0.5290576177884615 0.7594521610576923 0.5315234375 0.7593209879807692 0.5342187500000001 0.7607986105769231 0.5369775384615385 0.7627353389423077 0.5387890625 0.7642245360576924 0.5400146490384615 0.7684760793269232 0.5419482427884615 0.7715895072115385 0.5431884759615385 0.775983795673077 0.5455810552884615 0.78232253125 0.545947264423077 0.7865432091346154 0.5450927740384615 0.7905787043269231 0.5431494134615384 0.7926890432692308 0.5384130865384615
0 0.1969791658653846 0.07053711057692308 0.19260416586538462 0.06966308653846154 0.18361496875 0.06966308653846154 0.17336419711538462 0.07155761778846154 0.16633873557692308 0.07345214903846155 0.1591936730769231 0.07549316346153846 0.15136188221153846 0.08088867067307692 0.14168209855769232 0.08307617067307692 0.13292824038461537 0.08599121153846154 0.12947144951923079 0.0873046875 0.1287808653846154 0.09372070192307692 0.1276311730769231 0.10188476442307692 0.1297029326923077 0.10975585817307693 0.13891975240384616 0.11281738221153846 0.14133873557692309 0.11325683653846154 0.14378086538461538 0.1127734375 0.14766203605769232 0.11143554807692307 0.15354938221153847 0.11073242067307693 0.1623842596153846 0.10961425721153846 0.16891589423076925 0.10762695432692307 0.17277777884615386 0.10355956971153847 0.17571373557692307 0.1008203125 0.17984953605769233 0.10055663942307692 0.1859567908653846 0.09950683653846154 0.1910918221153846 0.09869140625 0.1948958341346154 0.09529296875 0.1975771610576923 0.09153320432692308 0.19859182211538462 0.08876464903846154 0.19928240625000002 0.08322265625 0.20020447596153845 0.07957519471153847 0.19986111057692307 0.07432617067307692 0.1969791658653846 0.07053711057692308
0 0.6416473774038463 1 0.6416473774038463 0.9922558581730769 0.6390972211538462 0.9843603509615384 0.6351273149038461 0.9796923822115384 0.6303047836538462 0.9750244134615385 0.6254822524038463 0.96712890625 0.6198109567307692 0.9280126947115386 0.612723764423077 0.9064746081730769 0.6002469134615385 0.8957080072115384 0.5880516971153846 0.8569482427884616 0.5727391971153846 0.8221337884615385 0.5616782403846154 0.7980859375 0.5483526225961538 0.7916259759615384 0.5367245360576923 0.7909082019230769 0.5293518509615385 0.79234375 0.5097839495192308 0.8052685552884615 0.48142746875000003 0.8210595697115385 0.4354861105769231 0.8522802740384615 0.40854938221153847 0.8659228509615384 0.3901157403846154 0.8842236322115385 0.3765046298076923 0.9003759759615384 0.3708333341346154 0.912578125 0.35949074038461537 0.9466748052884615 0.3521180552884615 0.971796875 0.3470138894230769 0.9983544927884616 0.35892361057692307 1 0.6410802475961539 1 0.6416473774038463 1
0 0.3445061730769231 1 0.3497993822115385 0.9748291009615385 0.35803240625000005 0.9405957019230768 0.36979166586538464 0.9063623052884615 0.38155478365384615 0.8728759759615384 0.3921373461538461 0.8311962884615384 0.40918981490384615 0.7783593750000001 0.42153935096153844 0.7299853509615384 0.4368287043269231 0.693515625 0.43388888942307696 0.6585400384615384 0.4227160504807692 0.6473779302884615 0.3868441346153846 0.6458886706730769 0.3574459879807692 0.6510986322115385 0.32804398076923075 0.6622607427884616 0.28805941346153846 0.6734228509615385 0.26512345673076926 0.6786328125 0.22043595673076924 0.6875634759615384 0.1869174375 0.6987255865384616 0.15516589423076924 0.7128662115384615 0.12282407451923076 0.7299853509615384 0.08460262259615384 0.7456103509615384 0.04932098798076923 0.7552880865384615 0.021095677884615385 0.7619873052884615 0.002866512019230769 0.7694287115384615 0 0.7872900384615384 0 1 0.11694444471153845 1 0.3445061730769231 1
0 1 0.49323242067307693 0.9958179014423076 0.4783496081730769 0.9860185192307692 0.44361816346153843 0.9869984567307692 0.4051660144230769 0.9968016971153847 0.3673339831730769 1 0.3443896490384616 0.9968016971153847 0.3022167980769231 0.9943479927884616 0.296015625 0.981118826923077 0.2898144519230769 0.9473070985576922 0.29229492307692306 0.9223186730769231 0.30035644471153844 0.9090856490384615 0.29539550721153846 0.8948765432692307 0.30407714903846156 0.8865470673076923 0.33446777403846156 0.8738040120192309 0.3524511706730769 0.8894868822115385 0.43369628846153846 0.9164351850961538 0.47648925721153845 0.9379976850961539 0.5521484375 0.96396990625 0.591220701923077 1 0.5968017572115385 1 0.49323242067307693
0 0.91548996875 1 0.9109529326923076 0.9987353509615384 0.9135802475961537 0.978173826923077 0.918117283653846 0.95701171875 0.9212229927884615 0.9298046875 0.9209837956730769 0.9007812500000001 0.9212229927884615 0.8726611322115385 0.9166859567307692 0.8521044927884615 0.9138194447115384 0.8363818365384615 0.9071296298076923 0.833056639423077 0.8994868822115384 0.833056639423077 0.8904089495192308 0.82701171875 0.8789429014423077 0.8209619134615385 0.8689081778846154 0.8291259759615385 0.8586381177884616 0.8378955072115384 0.8352276225961539 0.833359375 0.830451389423077 0.8300341802884615 0.8196990745192309 0.8285205072115385 0.8103858028846154 0.826708983173077 0.8053665120192307 0.8251953125 0.78888503125 0.8309423822115385 0.7740740745192307 0.8406152355769231 0.7676234567307693 0.8442431634615384 0.7583101850961539 0.841220701923077 0.7468402788461539 0.8445458990384616 0.7382407403846154 0.8508935552884616 0.7277314807692308 0.8590576177884616 0.7155478389423077 0.8626855456730769 0.7081442908653847 0.8735693365384616 0.6969174375 0.8838476562500001 0.6871219134615385 0.8911035168269231 0.6794791658653847 0.8959423822115385 0.6689660504807692 0.9107568365384615 0.6651466057692308 0.9252685552884615 0.6601273149038461 0.9367578125 0.6546334879807693 0.9403857427884615 0.6541589495192308 0.9521777331730769 0.6460339495192307 0.9645703125 0.6374344134615384 0.978173826923077 0.6376736105769231 1 0.91548996875 1
0 0.7123611105769231 0.4759033197115385 0.7169251538461539 0.4736328125 0.7245254639423078 0.46768066346153847 0.7318518509615385 0.4626074206730769 0.7413927475961538 0.4547363269230769 0.7491319447115384 0.4417871081730769 0.7534182091346153 0.4298925769230769 0.755493826923077 0.4239404302884615 0.7535570985576924 0.4188671875 0.7518981490384615 0.41344238221153845 0.7492708341346154 0.4048730480769231 0.7459529326923077 0.4031201177884615 0.7423611105769231 0.40399902403846155 0.7355864206730769 0.4031201177884615 0.7303317908653846 0.40294921875 0.7242515432692307 0.4036474615384616 0.7137422836538462 0.4032958990384615 0.7089043221153847 0.4045214831730769 0.7030979927884615 0.4036474615384616 0.6972955240384615 0.40626953125000004 0.689413579326923 0.4085449230769231 0.6826388894230769 0.40872070192307697 0.6740702163461538 0.4088964831730769 0.6654976850961538 0.4094189447115385 0.6584490745192307 0.4122216802884615 0.6505671298076923 0.41432128846153843 0.6428279326923078 0.4167675793269231 0.6368827163461539 0.4181689447115385 0.6285879639423076 0.41939453125 0.6229205240384614 0.4202685552884615 0.6154552475961539 0.42254394471153844 0.6158719134615385 0.4242919927884615 0.6186342596153847 0.4267431634615385 0.6219521610576924 0.42708984375000003 0.6245794759615385 0.42744140625000004 0.6269290120192307 0.43181640625 0.6274807091346154 0.43548828125 0.63384259375 0.43479003846153846 0.6368827163461539 0.43479003846153846 0.6408912043269231 0.4374121081730769 0.6458680552884615 0.4377636730769231 0.6526427475961539 0.4374121081730769 0.6566512355769232 0.43793945192307693 0.6603819447115384 0.4430126947115385 0.6621797836538461 0.44703613221153843 0.663838735576923 0.45228515625 0.6661882716346154 0.45701171874999996 0.6674344134615384 0.4585839855769231 0.6703356490384615 0.45893554567307693 0.6725501538461539 0.45928222596153845 0.67669753125 0.4640087884615385 0.6797376538461539 0.46733398557692307 0.6834683653846153 0.47292968750000003 0.6859567908653846 0.47870605528846155 0.68803240625 0.48272949278846156 0.6914891971153847 0.48150390625 0.6972955240384615 0.47888183653846156 0.7068325625 0.4773046875 0.7123611105769231 0.4759033197115385
0 0.919861110576923 0.11793945192307692 0.92 0.11548828125 0.9252507716346153 0.11076171875 0.9282908942307693 0.10534179567307692 0.9364506177884616 0.08994140625 0.935621141826923 0.08521972596153846 0.9309182091346154 0.07717285096153846 0.9255285504807692 0.07279785096153847 0.9212422836538461 0.07192382932692308 0.9151581778846154 0.07139648317307692 0.9108757716346154 0.07 0.9082484567307693 0.06475097596153846 0.9053433653846154 0.06282226442307692 0.902993826923077 0.06282226442307692 0.8996759254807691 0.06072753846153846 0.8953896610576924 0.05984863221153846 0.8924884254807692 0.06194824278846153 0.8895871923076922 0.06439941346153846 0.8875115745192308 0.059501954326923075 0.8830864206730769 0.05530273557692308 0.8783873461538462 0.05110351442307692 0.8709220673076923 0.04637695432692308 0.8660841057692308 0.047080079326923076 0.8606944447115384 0.04952636778846154 0.857098764423077 0.04987793028846154 0.8537808653846154 0.05022949278846153 0.8536419759615386 0.04620117067307693 0.852673610576923 0.04305175721153846 0.8504629639423077 0.04165527403846154 0.8465933653846154 0.04025390625 0.8406481490384615 0.039379882211538465 0.837191358173077 0.038681639423076924 0.8330439807692307 0.037104492788461535 0.82834490625 0.03658203125 0.8251658942307691 0.03780761778846154 0.8221257716346154 0.04130371153846154 0.8203279326923076 0.045502930288461536 0.8204668221153846 0.05005371153846154 0.8210185192307692 0.05600097596153846 0.8206018509615384 0.06334961057692308 0.8219868822115385 0.06877441346153847 0.822538579326923 0.07104980528846154 0.8261342596153847 0.0740234375 0.8284837956730768 0.078046875 0.8302816346153846 0.08504394471153846 0.8315239206730769 0.09116699278846153 0.8341512355769231 0.10446288942307692 0.8345640432692308 0.11128906250000001 0.8331828701923077 0.11776367307692308 0.8309722211538462 0.12528320192307693 0.8279320985576923 0.1280859375 0.8219868822115385 0.132109375 0.8222608028846154 0.13525878846153847 0.8276543221153846 0.14015625 0.8402353389423076 0.14715331971153847 0.8467322524038461 0.14732910096153845 0.8514313269230769 0.1448828125 0.8551620360576924 0.14453125 0.8638734567307692 0.14995605528846154 0.8716126538461538 0.156953125 0.878526235576923 0.16185058653846152 0.8846103389423077 0.16517578125000001 0.8940084879807693 0.15607910096153846 0.9049305552884616 0.14400390625 0.9136381177884616 0.12913574278846154 0.919861110576923 0.11793945192307692
0 0.6110378076923078 0.33394043028846154 0.6260030865384615 0.3237207019230769 0.6360455240384616 0.3164941418269231 0.64923996875 0.3082666009615384 0.6545601850961538 0.3102636706730769 0.6630246923076922 0.3110107427884615 0.6844907403846154 0.3080175769230769 0.7018209879807693 0.2997949206730769 0.7165895072115384 0.2880810552884615 0.7289969134615385 0.27985351442307693 0.7417978389423077 0.27013671875 0.7555825625 0.26190918028846155 0.7675964495192308 0.25418456971153847 0.7742901225961538 0.2509423822115385 0.7744868822115384 0.24446288942307692 0.7744868822115384 0.24022460817307692 0.7821682091346154 0.23175293028846153 0.7845293221153846 0.22028808653846152 0.7847260793269231 0.2148046875 0.7849228389423076 0.20458496153846153 0.7880748461538462 0.19336914182692308 0.7904398149038462 0.18539550721153847 0.7876813269230769 0.17741699278846154 0.7829552475961539 0.17068847596153847 0.7772453701923077 0.15698242307692306 0.7740933653846154 0.15149902403846155 0.7715354927884616 0.14825683653846153 0.7725192908653846 0.14327148557692307 0.76798996875 0.13455078125 0.76365740625 0.12582519471153847 0.7607021610576923 0.11984375 0.7551890432692308 0.11162109375000001 0.7496759254807692 0.10738281250000001 0.7467206778846154 0.10264648557692307 0.7447530865384615 0.10015625 0.7417978389423077 0.09791015625 0.7356944447115384 0.09417480528846153 0.7309683653846153 0.09093261778846154 0.7240740745192308 0.08569824278846154 0.7209220673076923 0.08270996153846154 0.7165895072115384 0.07946777403846153 0.7102893509615384 0.07473144471153846 0.7049729927884615 0.07224121153846154 0.6990625 0.07049804807692307 0.6959143509615384 0.06899902403846153 0.6872492283653846 0.06750488221153847 0.6801581778846154 0.06601074278846154 0.6766126538461539 0.06501464903846153 0.6705092596153845 0.06351562499999999 0.6657831778846154 0.06251953125 0.662631173076923 0.06326660096153845 0.6616473774038462 0.06501464903846153 0.6598765432692308 0.06526367067307692 0.6571180552884616 0.06426269471153846 0.6496334879807691 0.06601074278846154 0.6441203701923077 0.0667578125 0.6370331778846154 0.06725586057692308 0.6301388894230769 0.07049804807692307 0.6246257716346153 0.07224121153846154 0.6187191346153846 0.07498046875 0.6149768509615384 0.07996581971153846 0.6098572524038461 0.08869140625000001 0.6086728389423077 0.0969140625 0.6076890432692308 0.10189941346153845 0.6015856490384615 0.10837890625 0.5958757716346154 0.11859863221153846 0.5911458341346154 0.12632324278846155 0.5939043221153846 0.1387890625 0.5954783942307692 0.14726074278846155 0.5952816346153846 0.15772949278846154 0.5966628076923077 0.1662011706730769 0.5966628076923077 0.17716796875000002 0.5966628076923077 0.18165527403846154 0.5929205240384615 0.18987793028846156 0.588391204326923 0.19336914182692308 0.5813001538461539 0.19636230528846152 0.5757870360576923 0.20009765624999998 0.5710609567307693 0.2038378894230769 0.5665316346153846 0.2080761706730769 0.5614120360576923 0.21056640625 0.5578665120192308 0.21405761778846152 0.5523533942307692 0.22302734375 0.5456558653846154 0.2300097644230769 0.5484143509615385 0.23748535096153847 0.5452623461538462 0.24222168028846153 0.5417168221153846 0.24645507692307692 0.5371875 0.25193847596153846 0.5293132716346154 0.26265625 0.5324614206730769 0.27412109375 0.5356134254807693 0.2818505865384615 0.5409297836538461 0.2880810552884615 0.5456558653846154 0.29779785096153844 0.5478240745192308 0.3035302740384615 0.5495949062500001 0.3204785168269231 0.552943673076923 0.3311962884615385 0.5578665120192308 0.3434082019230769 0.5608217596153846 0.34889160096153843 0.5681057091346153 0.3528808605769231 0.5765740745192308 0.3561230480769231 0.586026235576923 0.35138671875 0.598433641826923 0.3424121081730769 0.6110378076923078 0.33394043028846154
0 0.49035879567307694 0.29700195432692306 0.5071373461538461 0.2865332043269231 0.5206095673076923 0.27517089903846154 0.5291165120192308 0.2661962884615385 0.5288773149038462 0.2635058581730769 0.5350231490384615 0.2533349615384615 0.5432947524038462 0.24406250000000002 0.5473109567307692 0.2371875 0.5461304014423077 0.23359863221153845 0.5451851850961538 0.23030761778846154 0.5496759254807693 0.22402343749999998 0.5508564807692308 0.22043456971153846 0.550621141826923 0.21654785096153845 0.5499112644230769 0.2147558581730769 0.5508564807692308 0.20847168028846155 0.5518016971153846 0.20398925721153846 0.55321759375 0.1968066394230769 0.5496759254807693 0.19262206971153845 0.5440046298076923 0.19022949278846155 0.5423495360576923 0.18364746153846154 0.5392785504807692 0.17916503846153847 0.5376234567307692 0.17377929567307693 0.5354938269230769 0.16809570432692308 0.5321874999999999 0.16450683653846154 0.5286419759615385 0.15912597596153846 0.5262808653846154 0.155234375 0.5243904326923077 0.14835937500000002 0.5213155865384616 0.1411816394230769 0.5163541658653846 0.13310546875 0.5120987644230769 0.13071288942307693 0.5087924375 0.125625 0.504066358173077 0.11755371153846153 0.5007561730769231 0.11456054567307693 0.4955594134615385 0.10977538942307692 0.4915432091346154 0.10828125000000001 0.4844521610576923 0.10648437499999999 0.4761805552884616 0.10499023557692308 0.4664930552884616 0.10438964903846154 0.4589313269230769 0.10528808653846154 0.4490046298076923 0.10648437499999999 0.44096836538461537 0.11067382692307692 0.4334066346153846 0.11276855528846154 0.4246643509615385 0.11516113221153847 0.4140316346153846 0.11934570432692307 0.40670524759615384 0.12353515625 0.4019791658653846 0.127421875 0.39607253125 0.13459961057692307 0.3903973774038461 0.14357421875 0.3856712956730769 0.15044921875 0.3821296298076923 0.16032226682692308 0.38 0.16929199278846155 0.3766936730769231 0.17557617067307693 0.3762191346153846 0.18395019471153845 0.3743287043269231 0.1938183605769231 0.3750385793269231 0.20069824278846154 0.3762191346153846 0.20847168028846155 0.3762191346153846 0.21505371153846153 0.3755131177884615 0.22193359375000002 0.3748032403846154 0.22911132932692307 0.3764583341346154 0.23958007692307692 0.37858410576923074 0.25572753846153845 0.37763888942307694 0.26111328125 0.3781095673076923 0.27277831971153843 0.3781095673076923 0.27995605528846157 0.3781095673076923 0.2901220697115385 0.37905478365384615 0.2952099615384615 0.38709105048076925 0.29729980528846156 0.3937075625 0.30119140625 0.4012692908653846 0.3083691418269231 0.4100115745192308 0.31494628846153844 0.4152121923076923 0.31973144471153847 0.4234837956730769 0.32272461057692303 0.43010030769230767 0.3263134759615385 0.4381327163461538 0.33020019471153844 0.4397878076923077 0.3319970697115385 0.44097222115384616 0.3296044927884615 0.44876929086538464 0.32451660096153845 0.4598765432692308 0.31494628846153844 0.4728742283653846 0.30627441346153844 0.49035879567307694 0.29700195432692306
0 0.37795910576923075 0.28895996153846154 0.3778433653846154 0.27948242067307694 0.3778433653846154 0.27000488221153846 0.3775 0.26417480528846154 0.3773842596153846 0.26154785096153843 0.3778433653846154 0.25790527403846153 0.3778433653846154 0.25775878846153844 0.37772762259615383 0.25527831971153847 0.3775 0.25090820432692307 0.37680555528846155 0.24638671875 0.37599922836538463 0.23909668028846154 0.3754243822115385 0.23545410096153846 0.3746180552884616 0.23093261778846155 0.37484953605769233 0.22597656249999998 0.3756558653846154 0.21591308653846156 0.37599922836538463 0.2106640625 0.3754243822115385 0.20585449278846155 0.37427469230769234 0.20206543028846152 0.3732368822115385 0.19725097596153846 0.37254629567307695 0.19200195432692307 0.37254629567307695 0.18689941346153846 0.3741589495192308 0.18121581971153844 0.3751929014423077 0.17771484375 0.3764621923076923 0.17217285096153848 0.3784182091346154 0.16576171874999998 0.3795717596153846 0.16065429807692308 0.3811844134615385 0.1571582043269231 0.38348765384615385 0.15001464903846154 0.3845254639423077 0.14505371153846153 0.3856790120192307 0.133828125 0.3862538581730769 0.12537109375 0.3867129639423077 0.11677246153846153 0.3871759254807693 0.11079101682692308 0.38648533894230774 0.10627441346153846 0.38544753125 0.10189941346153845 0.3845254639423077 0.09869140625 0.38326003124999997 0.09125488221153846 0.3803780865384615 0.08775878846153845 0.37657793269230766 0.0842578125 0.37185185096153844 0.08207031249999999 0.3674768509615385 0.07871581971153846 0.3619483028846154 0.07609375 0.35733796394230766 0.07624023317307692 0.35204089423076923 0.07652831971153846 0.3493904326923077 0.07375976442307693 0.3401736105769231 0.06749023317307692 0.3314197524038462 0.060639649038461536 0.32945987740384614 0.05990722596153846 0.3228935192307692 0.05713867067307692 0.3180555552884616 0.05655761778846154 0.3139081778846154 0.056411132211538456 0.3083796298076923 0.0548046875 0.30319444471153845 0.05407714903846154 0.29824074038461534 0.05232910096153846 0.29639660576923077 0.049409180288461536 0.28890817788461537 0.0428515625 0.2829205240384615 0.042265625 0.27669753125 0.04168456971153846 0.2722067908653846 0.044453124999999996 0.2672530865384615 0.042412110576923075 0.26103009375 0.043139649038461535 0.2540046298076923 0.048828125 0.24686342548076923 0.055244139423076925 0.2385686730769231 0.06719726442307693 0.23315200721153848 0.07229980528846154 0.22554783894230768 0.07652831971153846 0.21656250000000002 0.08294433653846153 0.2112654326923077 0.08542480528846154 0.20320216105769232 0.08877929567307692 0.1965200625 0.09358886778846154 0.19248842548076925 0.09869140625 0.18868441346153847 0.09941894471153846 0.17613040144230768 0.101171875 0.17186728365384615 0.1049609375 0.16944830288461538 0.10787597596153847 0.1640316346153846 0.10977050721153846 0.1566589495192308 0.11108398557692307 0.15193672836538463 0.11108398557692307 0.1461766971153846 0.11239746153846154 0.14157021634615385 0.11458496153846154 0.14064814903846154 0.11414550721153846 0.13811342548076924 0.11297851682692307 0.13177855048076922 0.1109375 0.12624614182692306 0.11064941346153846 0.12117669711538462 0.11414550721153846 0.11633873557692308 0.11618652403846154 0.10977237740384616 0.11837402403846155 0.10412808653846153 0.12114257692307692 0.09744598798076923 0.12464355528846155 0.08892361057692308 0.13105956971153845 0.08396990624999999 0.13470214903846153 0.07901620432692308 0.13747558653846154 0.07290894951923077 0.14345214903846154 0.06945216105769231 0.14563964903846155 0.06945216105769231 0.1489941394230769 0.06864583413461539 0.15613769471153846 0.0670331778846154 0.16313476682692307 0.06565200721153847 0.1675097644230769 0.06427083413461539 0.16984375000000002 0.06438657451923077 0.17786132932692308 0.06461419711538462 0.181796875 0.06427083413461539 0.188359375 0.06358024759615385 0.19258789182692307 0.06519290144230769 0.19623046875 0.06945216105769231 0.20570800721153845 0.07233410576923077 0.21197753846153844 0.07751929086538462 0.21533203125 0.08074459855769231 0.22014160096153848 0.08604166586538461 0.22495605528846155 0.09387731490384615 0.23049316346153845 0.09952160576923076 0.236328125 0.10493441346153845 0.2424511730769231 0.10862268509615383 0.24944824278846156 0.11219135817307692 0.25834472596153846 0.11622299278846154 0.2688378918269231 0.11887345673076923 0.271171875 0.12521219230769232 0.277734375 0.13235339423076925 0.2882324206730769 0.1376504639423077 0.29435546875 0.1420293221153846 0.29858398557692306 0.14709876442307693 0.3067480480769231 0.14997685096153845 0.305 0.15954089423076923 0.30383300721153844 0.1676041658653846 0.3029589855769231 0.17739583413461538 0.30806152403846154 0.1859220673076923 0.31505859375 0.19640432211538464 0.32205566346153847 0.20228009374999997 0.32687011778846153 0.20965277884615385 0.33503418028846155 0.21494984615384613 0.3424707043269231 0.22025077163461537 0.3475732427884616 0.22554783894230768 0.35165527403846153 0.23084876442307692 0.3538427740384616 0.2321141971153846 0.3528222668269231 0.23142361057692307 0.34990722596153845 0.23073302403846155 0.34494628846153846 0.23096450721153847 0.3404296875 0.23108024759615386 0.3362011730769231 0.23119598798076924 0.3315332019230769 0.23338348798076922 0.32891113221153845 0.2359182091346154 0.32701660096153845 0.23822144951923077 0.32599121153846156 0.23971836538461538 0.3243896490384615 0.24018132692307692 0.3208886730769231 0.24040894951923075 0.31666015625 0.24121527884615385 0.3133105456730769 0.24329089423076924 0.3114160144230769 0.24812885817307692 0.30806152403846154 0.25170138942307696 0.3066015625 0.2549266971153846 0.30470703125000004 0.25826774759615384 0.3020800769230769 0.2609143509615385 0.29916503846153847 0.26218364182692305 0.2942089831730769 0.2654089495192308 0.29114746153846155 0.2678279326923077 0.28735839903846155 0.27162808653846154 0.28560546875 0.2757754639423077 0.2838574230769231 0.27854166586538465 0.28166992307692307 0.28188271634615386 0.2806494134615385 0.28499228365384616 0.27962890625000003 0.28729552403846154 0.27700683653846153 0.2905208341346154 0.2767138677884616 0.2927121923076923 0.27525390625 0.2957060192307692 0.27350585817307693 0.29973765384615386 0.2732128894230769 0.3033101850961538 0.2742333990384615 0.3074575625 0.27627441346153847 0.3107986105769231 0.27788086057692307 0.31344907451923076 0.27700683653846153 0.3158680552884615 0.27788086057692307 0.31851466105769227 0.277734375 0.3211651225961539 0.2768603509615385 0.32830632692307693 0.27642089903846156 0.33360725240384614 0.27744140625 0.3415547836538462 0.28166992307692307 0.34662422836538465 0.28473144471153844 0.3515779326923077 0.28866699278846153 0.3553780865384616 0.2902734375 0.35849151201923074 0.28837890625 0.3650578701923077 0.2895458990384615 0.37243055528846153 0.2923144519230769 0.3780748461538461 0.29450195192307693 0.3784182091346154 0.29376953125 0.3778433653846154 0.29114746153846155 0.37795910576923075 0.28895996153846154
0 0.16086805528846154 0.04657226682692307 0.16086805528846154 0.03205078125 0.1603125 0.025576173076923076 0.15492283894230768 0.01997558653846154 0.14883873557692306 0.019453124999999998 0.14151234615384614 0.01857910096153846 0.1351543221153846 0.01840331971153846 0.12427469230769231 0.008447266826923077 0.11602237740384616 0.000625 0.10363425961538461 0 0.09702932211538462 0.00010253846153846154 0.09079475240384616 0.03440918028846154 0.08664737740384616 0.04156738221153847 0.08204089423076924 0.04709472596153846 0.0814621923076923 0.057749024038461536 0.08628472115384615 0.06767089903846155 0.08542824038461538 0.08338378846153846 0.08158564903846154 0.09541992307692307 0.07909722115384615 0.1057421875 0.07467592548076923 0.11583984374999999 0.07199074038461538 0.12701660096153847 0.07141203605769231 0.13490722596153845 0.07141203605769231 0.13977050721153847 0.07352623557692307 0.14122558653846154 0.07513117307692307 0.1405078125 0.07926311778846154 0.13697265625000002 0.0834799375 0.13454101682692307 0.08800154326923078 0.13139160096153846 0.09675154326923076 0.12509277403846156 0.10605324038461537 0.11974121153846154 0.11758487740384616 0.11458007692307692 0.12133101923076922 0.11349121153846155 0.1284375 0.10983398317307692 0.12872685096153846 0.10826171875 0.1274807091346154 0.10388671875000001 0.12738425961538463 0.09757324278846154 0.12901620432692307 0.08687988221153847 0.13847222115384616 0.08376953125 0.15044367307692308 0.08049316346153847 0.15562885817307695 0.07708496153846153 0.16059027884615384 0.07403808653846154 0.1668132716346154 0.07036621153846154 0.1669483028846154 0.057070312500000005 0.1621103389423077 0.04972168028846154 0.16086805528846154 0.04657226682692307
0 0.9122569447115385 0.5362353509615384 0.9126041658653846 0.5140771490384616 0.9122569447115385 0.5027050793269231 0.91513503125 0.4859375 0.9105285504807692 0.4681494134615385 0.9022337956730768 0.4642138677884615 0.8962422836538462 0.45458984375 0.8870293221153845 0.4432177740384615 0.8794251538461538 0.43548828125 0.8689429014423078 0.4274707019230769 0.860763889423077 0.4203271490384616 0.849818673076923 0.41201660096153847 0.8446334879807692 0.41157714903846154 0.8419830240384615 0.41259765625 0.8386458341346154 0.41580566346153847 0.8359953701923076 0.4200341802884615 0.8326543221153847 0.42134765625 0.8279320985576923 0.42280273317307693 0.8212499999999999 0.4236816418269231 0.8173302475961539 0.4252832019230769 0.8106520072115385 0.42645019471153844 0.8059259254807691 0.42688964903846155 0.8017785504807692 0.42513671875000003 0.7964814807692308 0.42484375 0.7915277788461539 0.42572265625 0.7862268509615385 0.42688964903846155 0.7787384254807692 0.42834472596153844 0.7744791658653847 0.4298046875 0.7713657403846154 0.43140625 0.7702160504807692 0.4365087884615385 0.7676813269230769 0.4419042980769231 0.7641087956730769 0.44453125000000004 0.7629591057692308 0.44948730528846154 0.7652623461538461 0.4559033197115384 0.7658371923076923 0.46129394471153845 0.7729783942307692 0.47820800721153844 0.7763194447115385 0.4866650384615384 0.7806983028846154 0.49584961057692306 0.7848456778846155 0.5006640625000001 0.7891087956730769 0.5035791009615385 0.7952121923076922 0.5076611322115384 0.8031635793269231 0.5140771490384616 0.8053510793269231 0.5187402355769231 0.8067322524038462 0.5216552740384615 0.8114583341346153 0.52078125 0.8191743822115385 0.5206347644230769 0.8259722211538462 0.51947265625 0.8358796298076924 0.51947265625 0.8461304014423077 0.5219482427884615 0.8521219134615384 0.525302733173077 0.8558101850961539 0.5305517572115385 0.8581134254807693 0.5355078125 0.8588040120192308 0.5390087884615384 0.8615702163461538 0.54396484375 0.8643325625 0.5471728509615384 0.8661766971153846 0.5512548822115385 0.8665239206730769 0.5566503918269231 0.8662924375000001 0.5604394519230769 0.8721682091346155 0.5652490240384616 0.8753935192307692 0.5668554687499999 0.8795408942307692 0.5681689447115384 0.8814969134615385 0.5668554687499999 0.8855285504807693 0.5686035144230769 0.8885262355769231 0.5710839831730768 0.8918672836538462 0.572685545673077 0.8986651225961538 0.5716650384615385 0.9060378076923077 0.568896483173077 0.9094907403846153 0.556796875 0.9122569447115385 0.5362353509615384
0 0.42115740625 0.42539550721153846 0.4307793221153846 0.41405761778846156 0.43957175961538464 0.4062890625 0.44935956730769233 0.3989404302884615 0.4570871923076923 0.39120605528846153 0.46080632692307694 0.3891943365384615 0.46914351923076925 0.38886230528846155 0.4819174375 0.38893066346153843 0.4911072524038461 0.3891259759615385 0.49865740625000005 0.38723632692307697 0.5003703701923077 0.3870605480769231 0.4999575625 0.3825634759615385 0.4994020072115385 0.37923828125000003 0.4978703701923077 0.3768261730769231 0.4958641971153846 0.37281738221153843 0.49425925961538464 0.36767578125 0.49232638942307694 0.3634423822115384 0.49126157451923075 0.3554296875 0.48771990625 0.34953125 0.4833950625 0.3457373052884615 0.4777970673076923 0.3441259759615385 0.4643055552884615 0.34216796875 0.45278935096153844 0.33740722596153844 0.44174382692307695 0.3339599615384615 0.4344560192307692 0.32919921875 0.4257484567307692 0.3251611322115385 0.4159066346153846 0.3209082043269231 0.40782021634615384 0.31412109374999997 0.4029128076923077 0.31026855528846153 0.39670524759615383 0.30500488221153843 0.39194830288461535 0.3006982427884615 0.38697144951923074 0.29791992067307693 0.38018518509615384 0.2958203125 0.3762191346153846 0.2946972644230769 0.3698302475961538 0.2918115240384615 0.36319444471153844 0.2895556634615385 0.3586882716346154 0.28878418028846153 0.3557870360576923 0.29116699278846153 0.3523996923076923 0.28978515625 0.34916280769230773 0.2873681634615385 0.3450038581730769 0.28439453125 0.33948688221153844 0.28087890625 0.33476080288461535 0.2785839831730769 0.3296720673076923 0.2771142572115385 0.3255516971153846 0.27701171874999997 0.3210185192307692 0.27718750000000003 0.318433641826923 0.27833984375000004 0.3132060192307692 0.2779199206730769 0.3096836418269231 0.27827148317307693 0.3049112644230769 0.27575195192307694 0.30089120432692307 0.274296875 0.29903935096153844 0.27377441346153847 0.2959837956730769 0.2739501947115385 0.29259644951923075 0.2758203125 0.2901890432692308 0.27739746153846156 0.28778549278846155 0.27746581971153844 0.2864737644230769 0.27907714903846154 0.28381944471153847 0.2807714855769231 0.2806095673076923 0.2814550769230769 0.2778317908653846 0.2826269543269231 0.27548225240384616 0.2852685552884615 0.2711959879807692 0.2864404302884615 0.2683757716346154 0.2879443365384616 0.26656635817307694 0.29037597596153847 0.2642168221153846 0.29384277403846154 0.26298611057692306 0.29727050721153847 0.2612307091346154 0.30103027403846155 0.2572222211538462 0.3045996105769231 0.25235339423076925 0.3071386730769231 0.2478742283653846 0.3096777355769231 0.2445987644230769 0.31161621153846153 0.2424691346153846 0.31401367307692307 0.24139274759615384 0.3157666009615384 0.24089506249999998 0.32010253846153847 0.2403549375 0.32426757932692307 0.23959490625 0.3261376947115385 0.2368171298076923 0.327890625 0.23396990625 0.32955078125 0.2321141971153846 0.3321923822115384 0.23170138942307691 0.33677734375 0.2315779326923077 0.3400683581730769 0.23190972115384617 0.3474853509615385 0.23307098798076925 0.354921875 0.23490740625 0.35841796875000004 0.2541358028846154 0.3684277355769231 0.2659143509615384 0.37724609374999996 0.28643132692307693 0.39234375 0.29610725240384617 0.3968603509615385 0.3100540120192308 0.4075146490384615 0.32351851923076924 0.4221240240384615 0.3299498461538462 0.43676757692307694 0.3406635793269231 0.45046386778846154 0.3434259254807692 0.4571826177884616 0.35287037019230766 0.46388671875000004 0.36012731490384614 0.47424316346153844 0.36352623557692304 0.4763232427884615 0.3802546298076923 0.4691503894230769 0.3940779326923077 0.4576025384615384 0.4064236105769231 0.44231445432692307 0.42115740625 0.42539550721153846