0 0.49224537019230774 0.49458984375 0.489375 0.49095703125 0.48650077163461536 0.48784179807692307 0.4834953701923077 0.4892236322115385 0.4832214495192308 0.48074218750000003 0.4821257716346154 0.47659179567307697 0.47761188221153844 0.47434081971153846 0.47159722115384617 0.4748583990384615 0.46516975240384617 0.47728027403846157 0.46462191346153847 0.4854150384615385 0.46448302403846153 0.4911279302884616 0.46243441346153846 0.4964941394230769 0.46270833413461543 0.5035888677884615 0.45915123557692306 0.507744139423077 0.4573726850961538 0.51587890625 0.4573726850961538 0.5215917980769231 0.4635262355769231 0.52453125 0.4688618822115385 0.5233203125 0.48677469230769227 0.5174365240384615 0.4962114206730769 0.5129345697115385 0.4962114206730769 0.5028955072115384 0.49224537019230774 0.49458984375
0 0 0.5363183605769231 0.007418980769230769 0.5543896490384616 0.018414350961538463 0.5643603509615385 0.027604165865384615 0.5712109375 0.03712191346153847 0.5662304687499999 0.048117283653846155 0.557294920673077 0.051728394230769234 0.5535595697115384 0.05993441346153846 0.5583349615384615 0.06436342548076923 0.567060545673077 0.06846836538461538 0.5712109375 0.07141975240384615 0.5722509759615385 0.08323688221153845 0.5639453125 0.09653163461538461 0.5589599615384615 0.10588348798076923 0.5614501947115385 0.12131172836538462 0.5591650384615384 0.12935185096153845 0.558544923076923 0.12951388942307693 0.5656054687500001 0.13575231490384615 0.5797265625 0.14658179086538461 0.5830517572115385 0.1636496923076923 0.5809765625 0.16791666586538462 0.5714208990384615 0.1644714495192308 0.55771484375 0.15609953605769228 0.5506494134615385 0.14625385817307693 0.5336181634615385 0.13919753125 0.52302734375 0.12377314903846154 0.51845703125 0.10932870432692308 0.5124365240384615 0.10178240625 0.50828125 0.10096064903846155 0.49955566346153846 0.0939043221153846 0.49582031249999997 0.08307484615384617 0.4902099615384615 0.07749228365384615 0.49706543028846156 0.07381558653846154 0.49541503846153845 0.06305169711538462 0.4949902355769231 0.05665123557692308 0.5024658197115385 0.05205632692307693 0.5074511706730769 0.03695987740384615 0.5049560552884615 0.029081790865384614 0.509736329326923 0.0197299375 0.5149267572115385 0.010374228365384616 0.5163818365384615 0 0.5134716802884616 0 0.5363183605769231
0 0.7244058653846154 0.26636230528846155 0.7170910504807692 0.27253418028846155 0.7305015432692308 0.2848828125 0.7439158942307693 0.29876953125 0.7634259254807693 0.30494140625 0.784151235576923 0.3111181634615384 0.8176697524038462 0.30639648557692306 0.8161651225961539 0.29248046875 0.8012229927884615 0.2771630865384615 0.7951273149038461 0.26327636778846153 0.7817129639423077 0.25093261778846154 0.7786265432692308 0.24467773557692307 0.7585455240384615 0.2416699230769231 0.7487924375 0.23549804807692307 0.7426967596153846 0.24784668028846155 0.7378163581730769 0.2586474615384616 0.7244058653846154 0.26636230528846155
0 0.33422067788461535 0.6407470697115384 0.34885416586538465 0.6407470697115384 0.3634837956730769 0.6392041009615385 0.37324074038461535 0.6253124999999999 0.3695833341346154 0.62068359375 0.35982638942307693 0.6021630865384615 0.34885416586538465 0.5882763677884616 0.33909722115384616 0.5882763677884616 0.33056327163461535 0.5959912115384616 0.32446759375 0.5959912115384616 0.32202932211538465 0.62068359375 0.32446759375 0.6299414062500001 0.33422067788461535 0.6407470697115384
0 0.3897492283653846 0.43549804567307693 0.3878125 0.44957519471153845 0.39434027884615386 0.4578369134615385 0.4073996923076923 0.4676318365384615 0.41537808653846153 0.47711913942307693 0.4248070985576923 0.48201171875 0.43326774759615383 0.46977539182692307 0.4388310192307693 0.45447265625 0.44463348798076924 0.44284179807692303 0.44535879567307696 0.4422314447115384 0.43810570913461533 0.4364160144230769 0.42166280769230774 0.4315234375 0.41392746874999997 0.43029785096153844 0.3986921298076923 0.4299902331730769 0.3897492283653846 0.43549804567307693
0 0.7237461418269231 0.5055859375 0.719861110576923 0.5052685552884616 0.7119714495192307 0.5036816418269231 0.7090895072115385 0.5065332043269231 0.7064621923076922 0.51255859375 0.7053317908653847 0.51794921875 0.7060841057692309 0.5244482427884616 0.7080902788461538 0.5330078125 0.7085879639423076 0.539033204326923 0.7138503076923077 0.546640625 0.7227430552884615 0.5491796875 0.732013889423077 0.54505859375 0.734517747596154 0.5437890625 0.7386496923076924 0.5409375 0.7466666658653847 0.535546875 0.7533063269230769 0.5284130865384615 0.7595679014423078 0.5211425769230769 0.767461420673077 0.513828125 0.7668325625 0.5090722644230768 0.7620717596153846 0.5003515625 0.7563117283653846 0.4968652355769231 0.7481712956730769 0.49876953125 0.7328896610576923 0.5019384759615385 0.7283796298076923 0.5055859375 0.7262500000000001 0.5057421875 0.7237461418269231 0.5055859375
0 0.21123842548076924 0.767919923076923 0.20011574038461538 0.7712841802884616 0.19697144951923076 0.7819970697115385 0.19624614182692307 0.8015820312499999 0.20688657451923076 0.8156591802884615 0.21969907451923076 0.8196337884615384 0.23807484615384616 0.8285107427884615 0.24653935096153848 0.8113720697115384 0.24653935096153848 0.8031103509615385 0.23880015384615383 0.7795458990384615 0.22888888942307692 0.7715917980769231 0.22211805528846154 0.7691455072115385 0.21123842548076924 0.767919923076923
0 0.8618055552884616 0.2888623052884615 0.8561959879807692 0.25375488221153847 0.8508989206730769 0.24191894471153846 0.8455979927884615 0.2332421875 0.8409259254807692 0.23048339903846154 0.8334452163461539 0.22456543028846154 0.8272106490384614 0.21943847596153845 0.8209760793269231 0.21430663942307693 0.8110030865384614 0.20681640625 0.8047685192307692 0.2020800793269231 0.8000964495192308 0.2001074206730769 0.7954205240384616 0.2001074206730769 0.7901234567307692 0.20405273317307693 0.7870061730769231 0.20997070432692308 0.7823302475961539 0.22535156250000002 0.7823302475961539 0.24428711057692307 0.7820177475961538 0.2506005865384615 0.7857600312499999 0.2529638677884615 0.7935493822115384 0.25967285096153847 0.7987654326923077 0.26884765625 0.8015432091346154 0.27822265625 0.8057060192307692 0.28097168028846153 0.8097569447115384 0.28531249999999997 0.8169251538461538 0.29241211057692307 0.8169251538461538 0.30187988221153844 0.8159915120192308 0.3054296875 0.8169251538461538 0.3105566418269231 0.8387422836538462 0.31213378846153844 0.8502739206730769 0.3081884759615384 0.8630516971153847 0.2975390625 0.8618055552884616 0.2888623052884615
0 0.38177469230769234 0.6336474615384616 0.40128472115384617 0.6382763677884615 0.4207947524038461 0.6444482427884615 0.43176697596153846 0.6305615240384616 0.4537152788461538 0.6135839831730769 0.4561535504807692 0.599697266826923 0.4561535504807692 0.5703759759615384 0.44396219230769235 0.55802734375 0.42810956730769234 0.55802734375 0.4073804014423077 0.5611181634615384 0.38908950721153845 0.5657470697115385 0.3805555552884616 0.5873486322115384 0.37567901201923076 0.6135839831730769 0.38177469230769234 0.6336474615384616
0 0.9200462956730769 0.9614306634615384 0.9392978389423077 0.9568603509615384 0.9633641971153846 0.9431542980769231 0.9741898149038462 0.91650390625 0.9850308653846154 0.8913574230769231 0.9880285504807692 0.8845214855769231 0.9651697524038462 0.8662451177884616 0.9272762355769231 0.86396484375 0.8881558653846154 0.87080078125 0.8604822524038462 0.8746240240384615 0.8562692908653846 0.880712891826923 0.8574729927884616 0.9020361322115384 0.8658989206730769 0.9332568365384616 0.8803356490384615 0.9583837884615385 0.9038001538461539 0.96904296875 0.9200462956730769 0.9614306634615384
0 0.2773881177884615 0.5134619134615385 0.2822878076923077 0.5108691394230769 0.2835416658653846 0.5032080072115385 0.2895833341346154 0.4997607427884615 0.28536651201923074 0.4955810552884615 0.2756790120192308 0.49455566346153845 0.26428240625 0.49570800721153846 0.2564197524038461 0.49296874999999996 0.24673225240384616 0.4923925769230769 0.2396682091346154 0.49383300721153844 0.22872685096153844 0.4987402331730769 0.22405478365384615 0.504365235576923 0.21869984615384613 0.5101318365384615 0.21835648076923078 0.5205175793269231 0.22131944471153847 0.5237060552884615 0.22975308653846155 0.5294580072115385 0.23727623557692307 0.5314941394230769 0.24502314903846154 0.5314941394230769 0.25163194471153844 0.5348095697115385 0.2544830240384615 0.5369580072115384 0.2638271610576923 0.53306640625 0.2700964495192308 0.5273095697115384 0.2733989206730769 0.5187841802884615 0.2773881177884615 0.5134619134615385
0 0.10883873557692307 0.5860302740384615 0.10911265384615385 0.5967578125 0.11143518509615384 0.60818359375 0.11430941346153846 0.6206445312500001 0.11964120432692307 0.6313769519230769 0.12305941346153845 0.632412110576923 0.1314043221153846 0.6355322259615386 0.1320871923076923 0.6407226562499999 0.13153935096153846 0.6492041009615386 0.1371450625 0.646953125 0.13878857932692307 0.6412402355769231 0.13878857932692307 0.6235888677884615 0.1355054014423077 0.60939453125 0.13249614182692307 0.5915673822115385 0.12743827163461538 0.5874121105769231 0.11854938221153846 0.579453125 0.11335262259615385 0.5737402355769231 0.11130015384615384 0.5711425793269231 0.10706018509615384 0.57546875 0.10883873557692307 0.5860302740384615
0 0.7734799375 0.5283349615384615 0.7630015432692308 0.52552734375 0.7555478389423077 0.5275683581730769 0.7507098774038461 0.532666016826923 0.7474884254807692 0.54337890625 0.7495023149038461 0.5525585937499999 0.7628009254807692 0.5596972644230769 0.7732754639423077 0.5627587884615385 0.7984645072115384 0.5688818365384616 0.8121643509615384 0.5688818365384616 0.8129706778846154 0.55740234375 0.8071257716346154 0.550263673076923 0.7980594134615384 0.5441455072115384 0.79040509375 0.5352197259615384 0.7827469134615386 0.531904295673077 0.7734799375 0.5283349615384615
0 0.6620370360576923 0.6708984375 0.6591435192307693 0.686376954326923 0.6569444447115385 0.7147460937500001 0.6742283942307693 0.7279296875000001 0.70611496875 0.7385839831730769 0.7244058653846154 0.7231542956730769 0.7353780865384615 0.7046337884615385 0.7244058653846154 0.681484375 0.7134297836538461 0.66142578125 0.7018904326923077 0.6394042980769231 0.690266204326923 0.6243896490384616 0.6805092596153847 0.6243896490384616 0.6731944447115384 0.6135839831730769 0.6609992283653846 0.6135839831730769 0.6561226850961539 0.6413623052884615 0.6609992283653846 0.6567968750000001 0.6620370360576923 0.6708984375
0 0.9532060192307692 0.45032714903846155 0.9431057091346153 0.44210937499999997 0.9245254639423077 0.44210937499999997 0.9005362644230769 0.4405126947115384 0.8886342596153847 0.4418847644230769 0.882141204326923 0.4437109375 0.8805169759615384 0.4482763677884615 0.8815972211538461 0.4542089855769231 0.8837615745192308 0.4608300769230769 0.8907986105769231 0.47064453125 0.8951273149038462 0.4788623052884615 0.9007175937499999 0.4930175793269231 0.9030632716346154 0.4959863269230769 0.9052276225961537 0.49712402403846156 0.9062808653846154 0.4877099615384616 0.91830246875 0.47172851682692307 0.9348379639423077 0.4629785168269231 0.9494174375 0.4617431634615385 0.9532060192307692 0.45032714903846155
0 0.8254436730769231 0.5045654302884615 0.8242322524038461 0.49895507932692307 0.8171797836538462 0.4979345697115385 0.8028742283653846 0.50125 0.7915933653846154 0.5035449206730769 0.7865547836538462 0.5086474615384615 0.7883680552884615 0.5160400384615385 0.7982407403846155 0.5239453125 0.8040856490384616 0.5244580072115385 0.8187924375000001 0.5193554687499999 0.8238310192307693 0.5111962884615384 0.8254436730769231 0.5045654302884615
0 0.53415509375 0.527275389423077 0.5285841057692308 0.528154298076923 0.5264930552884615 0.53873046875 0.5240586418269231 0.5537109375 0.5244058653846154 0.56384765625 0.5278858028846154 0.5731005865384615 0.5313695985576923 0.5805908197115385 0.5380709879807692 0.5814160168269231 0.5407677475961539 0.5757470697115384 0.5588734567307692 0.56076171875 0.5599189807692307 0.5541552740384615 0.5574807091346154 0.5448974615384615 0.5435532403846154 0.5334423822115385 0.53415509375 0.527275389423077
0 0.19237268509615385 0.4780419927884615 0.1918016971153846 0.4737109375 0.19727237740384615 0.4693847644230769 0.19248842548076925 0.46693359375 0.18838348798076923 0.46390625 0.18325617307692307 0.4597216802884615 0.1818865745192308 0.45842285096153845 0.17425154326923076 0.4624609375 0.1679861105769231 0.4672216802884615 0.16297067788461536 0.4738574206730769 0.15772762259615383 0.48121581971153843 0.15647376442307692 0.4877050769230769 0.1562461418269231 0.49679199278846153 0.15863811778846154 0.50400390625 0.15863811778846154 0.50890625 0.16570601923076925 0.5080419927884615 0.1691242283653846 0.5061669927884616 0.17231481490384615 0.5027050793269231 0.17846836538461539 0.49693359375 0.19134644951923077 0.4884228509615385 0.19465277884615384 0.48409668028846153 0.19237268509615385 0.4780419927884615
0 0.4560455240384615 0.5320361322115384 0.45670910576923074 0.5236230480769231 0.4569945985576923 0.5167724615384615 0.45822916586538465 0.5097998052884616 0.4571836418269231 0.5031884759615385 0.4562345673076923 0.4985009759615385 0.4555709879807692 0.4959765625 0.4514853389423077 0.49537597596153843 0.44673996875 0.49429687499999997 0.4419907403846154 0.4959765625 0.4353433653846154 0.4983837884615384 0.42917052403846156 0.500908201923077 0.42508487740384615 0.5034326177884615 0.4229976850961539 0.50908203125 0.4219521610576923 0.5140087884615384 0.4229976850961539 0.5188134759615385 0.42594135817307693 0.5253076177884616 0.42878857932692305 0.5297509759615384 0.4324922836538461 0.53095703125 0.43477237740384617 0.5291503918269231 0.439236110576923 0.5272314447115385 0.44521990624999996 0.5284326177884615 0.45063271634615387 0.53408203125 0.4560455240384615 0.5320361322115384
0 0.6522762355769232 0.5781884759615384 0.6399691346153846 0.5674560552884615 0.6286188269230769 0.5650341802884615 0.6171296298076924 0.573515625 0.63271990625 0.6051904302884615 0.6349112644230769 0.62111328125 0.6387384254807693 0.6330566394230769 0.656107252403846 0.629765625 0.6580208341346154 0.6147070312499999 0.673476079326923 0.6150537115384616 0.686875 0.6212841802884616 0.6863310192307692 0.607958983173077 0.6883796298076923 0.5963623052884615 0.6948070985576924 0.590302735576923 0.6984992283653846 0.5882275384615384 0.6900231490384615 0.5747265625 0.6755246923076924 0.567802733173077 0.6623958341346154 0.5738623052884615 0.6522762355769232 0.5781884759615384
0 0.8389660504807692 0.4479394543269231 0.8352044759615385 0.4388525384615385 0.8293904326923076 0.43380371153846153 0.8230092596153846 0.4263037115384615 0.8151466057692307 0.4189453125 0.8117283942307693 0.407265625 0.8063695985576923 0.40279296875 0.7977083341346154 0.40322753846153847 0.7908719134615385 0.4043798822115384 0.7901890432692308 0.41591796875 0.789733795673077 0.429765625 0.7882523149038462 0.44130371153846154 0.78665509375 0.4525537115384616 0.7889351850961539 0.4545751947115385 0.7914429014423077 0.452265625 0.7978240745192308 0.46149902403846155 0.8015856490384615 0.47260253846153844 0.8089930552884615 0.4734667956730769 0.8168557091346155 0.47692871153846156 0.8352044759615385 0.4772167980769231 0.8398765432692308 0.47591796875000003 0.8458024687500001 0.4713037115384615 0.8478549375 0.4639501947115384 0.8452314807692307 0.4574560552884615 0.8389660504807692 0.4479394543269231
0 0.7683024687500001 0.7046337884615385 0.803661264423077 0.6984619134615385 0.8136959879807691 0.684130858173077 0.8073186730769231 0.6537109375000001 0.7975655865384615 0.6305615240384616 0.7817129639423077 0.618212889423077 0.7683024687500001 0.596611326923077 0.7499614206730769 0.578515625 0.7414776225961539 0.5873486322115384 0.7414776225961539 0.6074121081730769 0.7334490745192308 0.6130371105769231 0.7213348774038462 0.6366210937500001 0.7170910504807692 0.6521630865384616 0.7231867283653847 0.67994140625 0.7439158942307693 0.7046337884615385 0.7683024687500001 0.7046337884615385
0 0.5056597211538462 0.59560546875 0.49768132692307687 0.575712889423077 0.4916358028846154 0.5640869134615385 0.48051311778846156 0.553681641826923 0.4684259254807692 0.5506201177884615 0.4611728389423077 0.5515380865384615 0.46165509375 0.5646972644230769 0.46576388942307695 0.5744921875 0.46915123557692306 0.59560546875 0.4773726850961539 0.605703125 0.48704089423076924 0.6106005865384615 0.5042091057692308 0.60478515625 0.5056597211538462 0.59560546875
0 0.22854552403846154 0.41232910096153846 0.2267206778846154 0.4061230480769231 0.22239197596153845 0.403671875 0.21726080288461538 0.4040917980769231 0.21076774759615385 0.4043798822115384 0.2048418221153846 0.4075683605769231 0.2013078701923077 0.41289062499999996 0.19834490625 0.4202441394230769 0.1961805552884615 0.4253076177884615 0.1958371923076923 0.43093261778846154 0.1978896610576923 0.43482910096153843 0.1999382716346154 0.4404394543269231 0.20301697596153845 0.44449218749999997 0.20575231490384616 0.4493798822115384 0.21065200721153848 0.45168945192307697 0.22033950721153847 0.45126953125 0.2248996923076923 0.4493798822115384 0.2253549375 0.44564453125000003 0.22820216105769228 0.4354052740384615 0.22854552403846154 0.4244287115384615 0.22820216105769228 0.4180957019230769 0.22854552403846154 0.41232910096153846
0 0.05242669711538461 0.6177587884615385 0.06006172836538462 0.6190576177884615 0.07157407451923077 0.6207910168269231 0.08137345673076922 0.6194921875 0.09219907451923078 0.6202099615384615 0.09709876442307691 0.6228076177884615 0.10382330288461539 0.6232421875 0.10940972115384615 0.61876953125 0.10940972115384615 0.6089599615384615 0.10861111057692309 0.5958349615384615 0.10849537019230769 0.58501953125 0.10530478365384616 0.5842968749999999 0.09174382692307693 0.5819921874999999 0.07806712980769231 0.5789599615384615 0.06541666586538461 0.5822802740384615 0.05368055528846154 0.5889111322115385 0.05082947596153846 0.595546875 0.04786651201923077 0.6102587884615385 0.05242669711538461 0.6177587884615385
0 0.9501620360576923 0.34136230528846156 0.9449266971153846 0.3367724615384615 0.9350540120192308 0.3362597644230769 0.9136959879807692 0.33804687499999997 0.8983796298076924 0.34084960817307697 0.8862924375 0.34697265624999996 0.8802469134615385 0.35666015624999997 0.8776273149038462 0.3704296875 0.8766203701923078 0.3926171875 0.8733950625 0.4097021490384615 0.8774266971153846 0.433671875 0.8808526225961538 0.44208984375000004 0.9114776225961538 0.44056152403846155 0.9288078701923077 0.43775390625 0.9328356490384616 0.43265625 0.9382754639423077 0.4132714855769231 0.9374691346153846 0.3903222668269231 0.9386805552884615 0.3673730480769231 0.9419020072115385 0.37017578125 0.9493595673076923 0.3541113293269231 0.9501620360576923 0.34136230528846156
0 0.5894868822115384 0.586474608173077 0.6163503076923077 0.58923828125 0.6265933653846154 0.5907275384615385 0.6244097211538461 0.5843505865384615 0.6119868822115385 0.5681982427884615 0.6012384254807692 0.5577880865384615 0.5916705240384615 0.5533251947115384 0.583611110576923 0.552900389423077 0.5784027788461539 0.5571484375 0.5780671298076923 0.566923826923077 0.5720254639423077 0.5739355480769232 0.5745408942307693 0.58201171875 0.5777314807692308 0.5907275384615385 0.5894868822115384 0.586474608173077
0 0.49922839423076926 0.4461181634615385 0.4953587956730769 0.43785644471153845 0.4881057091346154 0.4357128918269231 0.4791589495192307 0.43020507692307697 0.47021605048076925 0.43020507692307697 0.4656211418269231 0.43173828125 0.4636844134615385 0.4403027355769231 0.46755401201923075 0.4461181634615385 0.4748070985576923 0.4589697259615385 0.4832716057692308 0.45652343749999996 0.49318287019230767 0.45560546875 0.4953587956730769 0.4513183581730769 0.49922839423076926 0.4461181634615385
0 0.27494984615384616 0.4104931634615384 0.2815586418269231 0.40847656250000003 0.2865740745192308 0.40761230528846154 0.2864621923076923 0.40169921875000003 0.28589120432692305 0.39390625 0.28429398076923074 0.3914550793269231 0.2736959879807692 0.3930419927884615 0.26389660576923074 0.39607421875 0.25478009375 0.40025390625 0.24862654326923075 0.4045800793269231 0.2434953701923077 0.40775390625 0.23962191346153847 0.40948730528846156 0.2332407403846154 0.4122265625 0.22902392067307692 0.4143896490384616 0.22754243749999997 0.4188623052884616 0.22913580288461538 0.42722656249999996 0.2293634254807692 0.43386230528846154 0.2317592596153846 0.44136230528846154 0.23460648076923077 0.4438134759615385 0.24007716105769233 0.44121581971153845 0.24463734615384616 0.4399169927884615 0.24725694471153847 0.4370361322115385 0.2507908942307692 0.4383349615384615 0.25329861057692304 0.44078613221153845 0.25489197596153845 0.44165038942307694 0.2572878076923077 0.4393408197115385 0.2651504639423077 0.42924804807692307 0.26925154326923073 0.4220361322115384 0.27198688221153844 0.4158300769230769 0.27494984615384616 0.4104931634615384
0 0.4879359567307692 0.7897998052884615 0.47995756250000005 0.7971435552884615 0.47584876442307694 0.8124414062499999 0.4743981490384615 0.8292724615384616 0.4896296298076923 0.8399853509615384 0.5007523149038462 0.8363134759615385 0.5188850312500001 0.824072266826923 0.5196103389423077 0.8023437499999999 0.5053472211538461 0.79224609375 0.49785107932692313 0.78857421875 0.4879359567307692 0.7897998052884615
0 0.67665509375 0.4634912115384615 0.6711381177884616 0.45651367307692303 0.6599151225961539 0.45526855528846155 0.643568673076923 0.4505322259615384 0.6347067908653846 0.4487890625 0.6238773149038461 0.44056152403846155 0.6026080240384615 0.4480419927884615 0.5959143509615384 0.4557666009615385 0.5864621923076924 0.4595068365384615 0.5854745360576923 0.46548828124999997 0.5810185192307692 0.46767578125 0.577993826923077 0.47122070192307697 0.5777970673076923 0.47545410096153845 0.5787808653846154 0.48068847596153846 0.5791743822115385 0.4874169927884615 0.5787808653846154 0.4941503918269231 0.5831134254807693 0.5011279302884616 0.5949266971153846 0.5053662115384616 0.6035918221153846 0.5053662115384616 0.6144251538461538 0.5053662115384616 0.6183641971153846 0.5056152355769231 0.6230902788461539 0.5003808581730769 0.6289969134615384 0.501875 0.6349035504807692 0.5053662115384616 0.6427816346153846 0.5068603509615385 0.6514467596153846 0.5058642572115384 0.6591280865384616 0.50810546875 0.6624729927884616 0.5073583990384616 0.6685802475961539 0.49639160096153845 0.6705478389423077 0.4834326177884615 0.6754706778846155 0.46772949278846154 0.67665509375 0.4634912115384615
0 0.60888503125 0.6616455072115385 0.6024575624999999 0.649013673076923 0.5964390432692308 0.647109375 0.5886458341346154 0.6436474615384615 0.5824922836538462 0.6424365240384616 0.5766087956730769 0.6403564447115385 0.5731905865384616 0.6417431634615384 0.5704552475961538 0.65333984375 0.5704552475961538 0.6593994134615385 0.5712770072115385 0.6838037115384614 0.5726427475961539 0.69470703125 0.5794830240384615 0.6997265625 0.5860455240384616 0.70578125 0.5917901225961538 0.7018017572115384 0.5964390432692308 0.7156494134615384 0.6013618822115384 0.7314013677884615 0.6047839495192308 0.7390136730769231 0.6130709879807692 0.7450390625 0.6177893509615384 0.7474267572115385 0.6203858028846153 0.7432373052884615 0.6203858028846153 0.73486328125 0.6188695985576923 0.7232666009615384 0.6180478389423077 0.70837890625 0.6164081778846153 0.6922851562500001 0.6135339495192308 0.676357423076923 0.60888503125 0.6616455072115385
0 0.7462384254807692 0.45184081971153844 0.7381134254807692 0.4470654302884615 0.7294097211538462 0.4433935552884615 0.7236072524038462 0.44486328125 0.7114197524038463 0.4489013677884615 0.7067785504807692 0.45478027403846155 0.7076466057692308 0.4588183581730769 0.7114197524038463 0.4691015625 0.7207060192307692 0.47424316346153844 0.7415933653846154 0.47313964903846156 0.7581327163461539 0.4727734375 0.7723495360576924 0.47240234375 0.7723495360576924 0.4654296875 0.7656751538461539 0.4588183581730769 0.7558101850961538 0.45624511778846155 0.7462384254807692 0.45184081971153844
0 1 0.51720703125 0.9986535504807693 0.5064794927884615 0.9941435192307692 0.503740235576923 0.9892746923076923 0.49688964903846156 0.985486110576923 0.48981445192307693 0.9813387355769231 0.48113769471153844 0.9768287043269231 0.4768017572115385 0.9678125000000001 0.47177734375 0.9573495360576924 0.4651611322115385 0.9497762355769231 0.4637890625 0.9403587956730769 0.4630566418269231 0.9339930552884615 0.4630566418269231 0.9265084879807692 0.4663671875 0.9208989206730769 0.4715722644230769 0.9137924374999999 0.4763232427884615 0.9115547836538462 0.48056640625 0.9081828701923077 0.48814453125 0.9055671298076924 0.49666015625 0.9033294759615385 0.5075488269230769 0.9044483028846154 0.51275390625 0.9074421298076923 0.5193994134615385 0.9111766971153846 0.5236425793269232 0.9149266971153847 0.529326170673077 0.9179205240384616 0.5340771490384616 0.9201581778846154 0.5416308581730769 0.9272646610576923 0.5458984375 0.9336149687499999 0.543525391826923 0.9437152788461538 0.5387988269230769 0.9511998461538462 0.5416308581730769 0.9635378076923077 0.55251953125 0.972141204326923 0.551103516826923 0.9826195985576922 0.5529980480769231 0.9882291658653847 0.558203125 0.9916010793269231 0.5624755865384615 1 0.5539599615384615 1 0.51720703125
0 0.5709143509615384 0.5526025384615385 0.5642746923076923 0.5556640625 0.5529822524038461 0.56076171875 0.5447222211538462 0.5730029302884615 0.5380709879807692 0.5814160168269231 0.5396836418269231 0.5885595697115384 0.5436458341346154 0.5960400384615384 0.5495254639423077 0.5945507812499999 0.5637962956730769 0.58392578125 0.5703433653846154 0.5769140625 0.5698418221153847 0.5707470697115384 0.5779668221153846 0.56126953125 0.5753472211538462 0.5551513677884615 0.5709143509615384 0.5526025384615385
0 0.6082484567307692 0.4249755865384615 0.6081327163461538 0.41632324278846156 0.6099575625 0.41112793028846156 0.6045987644230769 0.4042089831730769 0.5989004639423077 0.39685058653846156 0.5955979927884616 0.3915136706730769 0.5945717596153846 0.3853125 0.5960532403846154 0.38112793028846154 0.5922916658653846 0.3746386706730769 0.5889853389423076 0.36843750000000003 0.5855671298076923 0.3594921875 0.58271990625 0.3535791009615385 0.5795293221153845 0.35011718750000004 0.5777044759615385 0.3465136706730769 0.5761072524038462 0.34305175721153847 0.574286264423077 0.34189941346153846 0.5705246923076923 0.34478027403846156 0.5681327163461538 0.3482421875 0.5645987644230769 0.35228027403846157 0.5612152788461539 0.35568847596153846 0.5583179014423076 0.3569433605769231 0.5565972211538461 0.3596972644230769 0.5583526225961538 0.3652197259615385 0.5646103389423077 0.37743652403846156 0.5708217596153846 0.3897119134615385 0.5735570985576923 0.39715331971153844 0.5773842596153846 0.4030371081730769 0.5806674375 0.41134765624999997 0.5873919759615385 0.42036132692307693 0.5909259254807693 0.4192089855769231 0.5985609567307693 0.4196386706730769 0.6032330240384616 0.4249755865384615 0.6082484567307692 0.4249755865384615
0 0.7176273149038461 0.3650634759615385 0.7212731490384615 0.3542431634615385 0.7240084879807692 0.34631347596153844 0.72013503125 0.33794433653846156 0.7139814807692308 0.3316015625 0.7074845673076923 0.3266943365384615 0.698483795673077 0.32467773557692303 0.6932407403846154 0.32453125 0.6879976850961539 0.32929199278846155 0.6824151225961538 0.33390625 0.6770563269230769 0.34270507932692307 0.675347221153846 0.35352050721153844 0.6756905865384616 0.3610253918269231 0.6785378076923076 0.3685253918269231 0.6870871923076923 0.37140625 0.6908487644230769 0.3727050769230769 0.6950617283653846 0.3704003918269231 0.6996219134615385 0.3669384759615385 0.7046373461538462 0.36679199278846153 0.7129552475961538 0.36837890624999997 0.7176273149038461 0.3650634759615385
0 0.18301311778846155 0.9855712884615385 0.18760802403846155 0.9810009759615385 0.19023533894230768 0.9739404302884616 0.19121913461538462 0.966875 0.19483024759615386 0.95732421875 0.1995871923076923 0.9494287115384614 0.1995871923076923 0.9340625 0.19384644951923077 0.9292822259615385 0.18317901201923076 0.9269970697115385 0.16791666586538462 0.9280371081730769 0.15790509375 0.9284521490384615 0.14888117307692308 0.9353076177884615 0.14198688221153846 0.94029296875 0.1355864206730769 0.9506738293269231 0.13345293269230768 0.9593994134615385 0.12902392067307694 0.9708251947115384 0.13050154326923077 0.9834912115384615 0.1395254639423077 0.9934619134615384 0.14625385817307693 0.9940869134615385 0.15396605048076922 0.989306639423077 0.15774305528846153 0.98515625 0.16594521634615383 0.9882714855769231 0.17218364182692308 0.98681640625 0.17809027884615383 0.98619140625 0.18301311778846155 0.9855712884615385
0 0.1865625 0.8791113269230769 0.176875 0.8733447259615384 0.16559027884615382 0.8749316418269231 0.16103394951923075 0.873486329326923 0.15043595673076923 0.8765185552884615 0.1422299375 0.8795458990384616 0.1337962956730769 0.8866113269230769 0.1268441346153846 0.8951220697115385 0.11978009375 0.9026220697115386 0.1228549375 0.9143066394230769 0.1268441346153846 0.92541015625 0.12787037019230768 0.9356542980769231 0.13197144951923076 0.9431542980769231 0.1351620360576923 0.9480566394230769 0.13846836538461538 0.945458983173077 0.14473765384615384 0.9372412115384615 0.15134644951923076 0.9319042980769231 0.16148919711538462 0.9275732427884615 0.16935185096153849 0.9275732427884615 0.18131944471153846 0.9272851562500001 0.19202932211538462 0.9275732427884615 0.19442515384615386 0.9271435552884615 0.1926003076923077 0.9102685552884615 0.19020833413461538 0.8876220697115385 0.1865625 0.8791113269230769
0 0.041354165865384616 0.4373291009615385 0.03729552403846154 0.43502929807692303 0.030860338942307695 0.4306005865384615 0.02428240625 0.42493652403846155 0.01658564903846154 0.42298828125 0.01155092548076923 0.42245605528846153 0.009729937499999999 0.42511230528846156 0.004834105769230769 0.4318408197115385 0.0031558653846153846 0.4429980456730769 0.002314814903846154 0.4523828125 0.005111882211538461 0.46123535096153845 0.01602623557692308 0.46318359374999996 0.021485338942307693 0.46070800721153843 0.03645447596153846 0.45433105528846157 0.04093364182692308 0.4476025384615384 0.04597222115384615 0.4417578125 0.045131173076923076 0.4391015625 0.041354165865384616 0.4373291009615385
0 0.5332638894230769 0.94505859375 0.519371141826923 0.9536718750000001 0.5156828701923077 0.9752050793269231 0.5040547836538462 0.9884863269230769 0.4932793221153846 1 0.6021720673076923 0.99853515625 0.5973533942307692 0.9651562499999999 0.5755169759615385 0.9321386706730769 0.5522646610576923 0.9357275384615384 0.5332638894230769 0.94505859375
0 0.8842091057692307 0.7257666009615384 0.8969367283653846 0.7201806634615384 0.9049768509615385 0.711962889423077 0.9145833341346153 0.67744140625 0.9218711418269231 0.64884765625 0.92446759375 0.6337255865384616 0.9257677475961539 0.6172900384615385 0.9242091057692308 0.60611328125 0.9203125000000001 0.5978955072115385 0.9047299375000001 0.5890234375 0.8909645072115384 0.580146485576923 0.8857677475961538 0.5735693365384615 0.8849884254807693 0.568310548076923 0.8834297836538462 0.5620654302884616 0.8792746923076924 0.550234375 0.87303240625 0.5413574230769231 0.8665509254807693 0.5430029302884616 0.8608333341346154 0.5446435552884615 0.8540817908653846 0.5436572259615384 0.8444714495192307 0.5400439447115384 0.8364197524038463 0.5380712884615385 0.830401235576923 0.54111328125 0.8249922836538462 0.5446435552884615 0.8205787043269231 0.5531884759615384 0.8159027788461538 0.559765625 0.8143441346153846 0.5637109375 0.8153819447115385 0.5689697259615385 0.8140856490384615 0.576201170673077 0.8104475312499999 0.5854052740384615 0.8073302475961538 0.60216796875 0.8057870360576923 0.62353515625 0.8039544759615385 0.632412110576923 0.803433641826923 0.6399707043269232 0.8044753076923077 0.647861326923077 0.8099151225961538 0.660986329326923 0.8117476850961538 0.6712011706730769 0.813306326923077 0.6843505865384615 0.8221373461538461 0.6899365240384616 0.839016204326923 0.70703125 0.8530439807692307 0.7224804687499999 0.8842091057692307 0.7257666009615384
0 0.45747299278846154 0.7607275384615384 0.43522762259615383 0.7564453124999999 0.4224112644230769 0.7552197259615384 0.41878472115384613 0.7573632812500001 0.41234567788461535 0.7699218750000001 0.4057291658653846 0.7852099615384615 0.40984182211538467 0.79041015625 0.42507330288461537 0.800205076923077 0.4340200625 0.8038769519230768 0.44997685096153844 0.8124414062499999 0.46255015384615383 0.8081591802884615 0.4671450625 0.7897998052884615 0.4724614206730769 0.7696044927884615 0.46303240625 0.7653173822115384 0.45747299278846154 0.7607275384615384
0 0.16902777884615386 0.6094580072115384 0.15732638942307692 0.5983496105769232 0.1498070985576923 0.5967626947115384 0.13936342548076924 0.6052246105769231 0.13727237740384615 0.623203125 0.14103394951923076 0.6411816394230769 0.1493904326923077 0.6581054687500001 0.15690972115384616 0.6707958990384615 0.16902777884615386 0.6744970697115384 0.1978549375 0.6628613293269231 0.19326003125000002 0.6390673822115385 0.18991512259615384 0.6242626947115385 0.18364969230769232 0.6179150384615385 0.16902777884615386 0.6094580072115384
0 0.05940200721153846 0.4456542980769231 0.055486110576923084 0.44866211057692307 0.04792824038461539 0.4587597668269231 0.046809413461538454 0.46583984375000004 0.047650463942307694 0.47416503846153846 0.051986882211538465 0.48054199278846155 0.05436728365384616 0.4879785168269231 0.060243055288461536 0.4968310552884615 0.07381558653846154 0.49541503846153845 0.08472993749999999 0.491875 0.10026234615384616 0.49647949278846154 0.11467206730769232 0.49753906249999996 0.12488811778846154 0.4869140625 0.1314621923076923 0.46814453125 0.12264660576923078 0.4587597668269231 0.11117669711538461 0.45610351682692307 0.09270447596153845 0.45255859375 0.07367669711538462 0.44689453125 0.06863811778846154 0.44636230528846155 0.05940200721153846 0.4456542980769231
0 0.94673996875 0.44336425721153844 0.9519753076923076 0.45101562500000003 0.9660802475961539 0.45050293028846156 0.9793788581730769 0.4410693365384616 0.98603009375 0.43035644471153844 0.9878433653846154 0.42143554807692307 0.9832060192307692 0.41556640625 0.9725308653846153 0.40817382932692303 0.9636651225961538 0.406640625 0.9624537043269231 0.40766113221153844 0.9523804014423077 0.40817382932692303 0.9400887355769231 0.41353027403846154 0.9350540120192308 0.4186279302884615 0.9390817908653847 0.4321435552884615 0.94673996875 0.44336425721153844
0 0.3353125 0.5560498052884616 0.33698302403846153 0.5454736322115384 0.3332253076923077 0.5306689447115385 0.32152392067307695 0.522734375 0.3119174375 0.5142724615384615 0.30982638942307694 0.5190332019230769 0.30063657451923076 0.5311962884615384 0.29144290144230767 0.5401855456730769 0.30063657451923076 0.5454736322115384 0.3140046298076923 0.5581640625 0.3223611105769231 0.5618652355769231 0.3353125 0.5560498052884616
0 0.3575501538461538 0.4765283197115385 0.36393132692307695 0.4717675793269231 0.37213734615384614 0.46787109375 0.37703703605769234 0.4649853509615385 0.3776080240384615 0.4586425769230769 0.37510030769230773 0.45143066346153843 0.3680362644230769 0.4468115240384615 0.36176697596153845 0.44248535096153846 0.3551581778846154 0.4391699206730769 0.3524228389423077 0.4407568365384616 0.3484336418269231 0.4459472644230769 0.34717978365384616 0.45503418028846154 0.34615355048076923 0.46815918028846154 0.3495717596153846 0.47825683653846157 0.35196759375000003 0.4807080072115385 0.35287808653846153 0.47984375 0.3575501538461538 0.4765283197115385
0 0.3124382716346154 0.6149511730769232 0.3211689807692307 0.6056005865384615 0.3356095673076923 0.5939111322115385 0.3441743822115385 0.5841357427884616 0.34551697596153846 0.5783984375 0.3381288581730769 0.5698974615384615 0.32771990624999997 0.5624609374999999 0.3208333341346154 0.5611865240384616 0.31008873557692307 0.5586376947115385 0.30152392067307693 0.5590625 0.29312885817307693 0.5637353509615385 0.28926697596153844 0.5743603509615385 0.29145061778846154 0.5900878894230769 0.29648919711538463 0.6072998052884615 0.3043788581730769 0.6191992187500001 0.3124382716346154 0.6149511730769232
0 0.07940586538461539 0.640546875 0.07731867307692308 0.6463671875 0.07355709855769231 0.6638134759615385 0.07230324038461539 0.6696337884615384 0.08358410576923078 0.6802050769230769 0.10280478365384615 0.6870800769230769 0.11826388942307692 0.6844384759615385 0.12035107932692307 0.6669873052884616 0.11951774759615384 0.6574707019230769 0.11408564903846154 0.6389599615384616 0.09862654326923076 0.6368457043269231 0.07940586538461539 0.640546875
0 0.3387345673076923 0.5291015625 0.34641589423076924 0.54568359375 0.36714120432692304 0.5533984375000001 0.37324074038461535 0.53796875 0.38299382692307693 0.544140625 0.39274691346153845 0.556484375 0.41225694471153845 0.556484375 0.41957561778846153 0.544140625 0.4268904326923077 0.5256201177884615 0.41347607932692304 0.49166992307692303 0.40250385817307693 0.4731542980769231 0.38299382692307693 0.4669824230769231 0.36836419711538465 0.4700683605769231 0.3535879639423077 0.47939453125 0.34153549278846157 0.49938964903846156 0.33807870432692305 0.512890625 0.3387345673076923 0.5291015625
0 0.47334105048076924 0.474609375 0.4743248461538461 0.4626416009615385 0.46997299278846155 0.4522363293269231 0.46755401201923075 0.4461181634615385 0.46610339423076924 0.4418359375 0.4532908942307692 0.4430566418269231 0.44772762259615384 0.44428222596153844 0.4419251538461539 0.4461181634615385 0.44023148076923074 0.4494824230769231 0.43999228365384613 0.46723144471153844 0.4525655865384615 0.4984472644230769 0.4600578701923077 0.4947753894230769 0.4657793221153846 0.4791503894230769 0.47334105048076924 0.474609375
0 0.39337577163461535 1 0.40358410576923076 0.9763525384615386 0.39025848798076923 0.9523095697115385 0.36473379567307695 0.9343652355769231 0.3290046298076923 0.9418994134615384 0.30660107932692304 0.9454882812500001 0.28420138942307693 0.945849608173077 0.2748418221153846 0.96845703125 0.2836342596153846 0.9899951177884615 0.28476851923076923 1 0.39337577163461535 1
0 0.5854745360576923 0.46548828124999997 0.5864621923076924 0.4595068365384615 0.5917554014423076 0.45791015625 0.5959143509615384 0.4557666009615385 0.6021450625 0.4499560552884615 0.5990007716346154 0.4471777331730769 0.5940817908653846 0.4451123052884615 0.590663579326923 0.4395703125 0.5843672836538462 0.4374902331730769 0.5783564807692307 0.4374902331730769 0.5730169759615384 0.43852539182692307 0.5683641971153846 0.44043456971153844 0.5630362644230769 0.44233398317307693 0.5589351850961538 0.4409521490384615 0.5548302475961538 0.4333300769230769 0.5508641971153846 0.42243163942307693 0.5470370360576923 0.4236425769230769 0.53923996875 0.42727538942307697 0.5365046298076923 0.43056640625 0.5385532403846154 0.43852539182692307 0.5355439807692307 0.4452783197115385 0.5314429014423078 0.4570458990384615 0.5350038581730769 0.4682958990384615 0.5428009254807692 0.4733203125 0.5549459879807692 0.4842236322115384 0.5605478389423078 0.4878271490384615 0.5647260793269231 0.4818212884615385 0.5710918221153846 0.4780908197115385 0.5771682091346154 0.4782128918269231 0.5769868822115385 0.4754003894230769 0.5801697524038462 0.468359375 0.5854745360576923 0.46548828124999997
0 0.6632638894230769 0.5563818365384615 0.6759567908653845 0.5571484375 0.6830092596153846 0.5558740240384615 0.6904668221153846 0.543125 0.6910686730769231 0.5395556634615384 0.6884490745192308 0.527314454326923 0.6826080240384615 0.5245068365384615 0.6699151225961538 0.5188964855769231 0.6634645072115385 0.51583984375 0.6600424375 0.514560545673077 0.6564120360576923 0.52119140625 0.6519791658653846 0.5334326177884615 0.6491589495192307 0.5466943365384616 0.6529899687499999 0.5528125 0.6632638894230769 0.5563818365384615
0 0.05855709855769231 0.8444287115384616 0.03881944471153846 0.8233251947115385 0.02180555528846154 0.79490234375 0.015682870192307692 0.7763818365384616 0.0037692908653846153 0.7626025384615385 0 0.7570019519230768 0.001388889423076923 0.8896533197115384 0.020443673076923078 0.9025732427884615 0.05855709855769231 0.9004199206730769 0.06978780769230769 0.875439454326923 0.05855709855769231 0.8444287115384616
0 0.10865355048076923 0.4131689447115384 0.09778935096153847 0.41052734375 0.08859953605769232 0.41211425721153844 0.08275077163461539 0.4290332019230769 0.0831674375 0.44331054567307693 0.08817901201923076 0.44753906250000003 0.11199459855769231 0.44701171875 0.12076774759615384 0.44225097596153845 0.12662037019230768 0.42427246153846154 0.12076774759615384 0.42163086057692306 0.10865355048076923 0.4131689447115384
0 0.7644444447115385 0.42246581971153846 0.7604552475961538 0.4178515625 0.7560108028846154 0.41208007932692303 0.749857252403846 0.41035156250000004 0.7427893509615384 0.41006347596153847 0.7407407403846153 0.41150390625 0.7369791658653846 0.41655273557692307 0.7356134254807691 0.4218896490384615 0.7310532403846154 0.42246581971153846 0.72740740625 0.4266503894230769 0.7277469134615384 0.4312646490384615 0.7294560192307693 0.4409277355769231 0.7394868822115386 0.44641113221153844 0.7492862644230769 0.45217773317307697 0.7560108028846154 0.4550634759615385 0.7672916658653846 0.45852538942307697 0.7711689807692307 0.4622753918269231 0.7757253076923077 0.46458496153846157 0.779375 0.45982421875 0.778348764423077 0.4461230456730769 0.770941358173077 0.42766113221153845 0.7644444447115385 0.42246581971153846