0 0.8692978389423077 0.3318896490384615 0.8592129639423077 0.32660644471153844 0.8538194447115385 0.32660644471153844 0.8479089495192308 0.3248486322115385 0.8388657403846154 0.31692382692307697 0.8346913581730769 0.31340331971153845 0.8312152788461538 0.3125244134615385 0.8253009254807692 0.3098828125 0.8214776225961539 0.30746093750000003 0.8072183653846154 0.3103222668269231 0.7992168221153846 0.31670410096153845 0.7887847211538461 0.32572753846153846 0.7813078701923076 0.3340917980769231 0.7706983028846154 0.3437744134615385 0.7623533942307692 0.35169921875 0.7534837956730769 0.35984374999999996 0.746527778846154 0.3653417980769231 0.7387037043269231 0.3671044927884616 0.7307060192307693 0.37018554567307693 0.7249652788461538 0.37326660096153846 0.7192283942307692 0.3783300769230769 0.7155748461538463 0.38823242307692307 0.7148804014423077 0.3946142572115384 0.7141859567307692 0.39989746153846156 0.720443673076923 0.3954931634615385 0.7279205240384615 0.3959375 0.7475733028846154 0.4012158197115384 0.7600925937499999 0.40143554567307693 0.7880902788461538 0.3996777355769231 0.8138271610576923 0.3981347668269231 0.8456481490384615 0.3981347668269231 0.8668634254807692 0.3961572259615384 0.8852970673076922 0.39109374999999996 0.8986844134615384 0.38845214903846154 0.9012924375 0.38119140625000003 0.9056404326923077 0.35895996153846155 0.8882523149038462 0.34685546875 0.8772955240384616 0.3406933605769231 0.8692978389423077 0.3318896490384615
0 0.5323533942307692 0.2095410144230769 0.542183641826923 0.19251464903846155 0.5427006177884615 0.16981933653846154 0.5473533942307692 0.14515625 0.5433873461538462 0.13555175721153845 0.5423533942307692 0.12311035096153847 0.5330439807692308 0.11459960817307692 0.5202816346153847 0.11088867067307692 0.5121759254807693 0.10914550721153846 0.5063117283653846 0.10608886778846155 0.4988966057692308 0.10870605528846154 0.49268904326923074 0.11023437500000001 0.48682870432692305 0.11001464903846155 0.4773418221153846 0.11241699278846154 0.46647762259615383 0.11569335817307692 0.4647530865384616 0.12202148557692308 0.4606172836538462 0.12791503846153846 0.45216435096153845 0.1357714855769231 0.4483719134615385 0.14122558653846154 0.4483719134615385 0.14689941346153848 0.4526813269230769 0.15039550721153847 0.45251157451923074 0.16021484375 0.44682098798076925 0.17221679567307693 0.4419907403846154 0.17439941346153848 0.44043981490384615 0.18443847596153845 0.4425077163461539 0.20124511778846152 0.4456134254807692 0.2184863269230769 0.45095679086538465 0.2265625 0.45716820913461537 0.23180175721153845 0.46337577163461535 0.23529296875 0.4711342596153846 0.23354492307692307 0.47613425961538464 0.23441894471153846 0.4802739206730769 0.23812988221153847 0.4844135793269231 0.24140625 0.49182870432692305 0.24380371153846153 0.49648533894230773 0.24445800721153846 0.5013117283653846 0.24336914182692307 0.5082098774038462 0.24031249999999998 0.5161419759615384 0.23441894471153846 0.5283873461538462 0.22416015625 0.5323533942307692 0.2095410144230769
0 0.697496141826923 0.4645166009615384 0.705138889423077 0.45558593750000004 0.70455246875 0.44665527403846156 0.6963194447115384 0.4295410168269231 0.6716242283653846 0.4020019519230769 0.656921295673077 0.4094433605769231 0.6451620360576923 0.4116796875 0.6045871923076923 0.41912109375 0.5751851850961539 0.43103027403846156 0.5735339495192308 0.50546875 0.5928279326923077 0.541171875 0.6375154326923076 0.5605224615384615 0.6528047836538462 0.5039599615384616 0.6663310192307693 0.48163574278846155 0.697496141826923 0.4645166009615384
0 0 0.9051416009615385 0.007939814903846154 0.9134130865384615 0.025482252403846155 0.92255859375 0.04440200721153846 0.9330029302884615 0.06194444471153847 0.9486767572115385 0.06332175961538461 0.9530322259615385 0.06985725240384616 0.9578222644230769 0.08189814903846153 0.9604345697115384 0.10047067788461539 0.9613037115384616 0.12351851923076923 0.9621728509615385 0.1458796298076923 0.9569482427884615 0.15963734615384617 0.9469384759615385 0.16273533894230768 0.9421484375 0.18922067788461538 0.9303955072115385 0.20297839423076924 0.9177685552884616 0.21123456730769233 0.90470703125 0.231875 0.8851171875 0.2442592596153846 0.87771484375 0.26352237740384615 0.8637841802884616 0.2834722211538461 0.85072265625 0.3010146610576923 0.83853515625 0.3250964495192308 0.8276513677884616 0.33988811778846156 0.82068359375 0.3471103389423077 0.81763671875 0.3515817908653846 0.8263427740384616 0.3601813269230769 0.8324365240384615 0.36706018509615385 0.82982421875 0.36843750000000003 0.8254736322115386 0.3705015432692308 0.812412108173077 0.37428626442307694 0.8097998052884615 0.3794444447115385 0.8067529302884615 0.3849498461538462 0.8028320312499999 0.3887307091346154 0.7993505865384616 0.3904513894230769 0.7949951177884615 0.39251543269230765 0.7902099615384616 0.3945794759615385 0.7828076177884615 0.3952662043269231 0.77888671875 0.3956134254807692 0.771923829326923 0.3945794759615385 0.7675683605769231 0.3921720673076923 0.7614746105769231 0.3890779326923077 0.7579931634615384 0.38701388942307696 0.7562500000000001 0.38597993750000004 0.7536376947115385 0.38322916586538464 0.7514599615384616 0.38219521634615383 0.75015625 0.38047839423076923 0.7453662115384615 0.3777237644230769 0.7414501947115385 0.3766936730769231 0.7370947259615386 0.3756597211538461 0.7296923822115384 0.37428626442307694 0.724033201923077 0.3722222211538462 0.7205517572115384 0.37084490625 0.7166308605769232 0.36946759375 0.7079248052884615 0.36706018509615385 0.7013964831730769 0.36430941346153844 0.6966064447115384 0.3605246923076923 0.6944287115384615 0.35811728365384615 0.693125 0.3557098774038462 0.68703125 0.3515817908653846 0.6813671875 0.34779706730769233 0.6726611322115384 0.34573302403846157 0.6595996105769231 0.3412615745192307 0.6417529302884616 0.33919753125 0.63478515625 0.3343827163461538 0.633046875 0.3295679014423077 0.6308691394230769 0.32646990624999994 0.6308691394230769 0.3237191346153846 0.6239013677884616 0.3226851850961538 0.6156298822115385 0.31856095673076923 0.599521483173077 0.3144328701923077 0.593427733173077 0.3099614206730769 0.58080078125 0.2982638894230769 0.5542431634615385 0.2920717596153846 0.5394433581730769 0.28725694471153845 0.5272509759615385 0.28175154326923074 0.5063574230769231 0.27280864182692305 0.4959082019230769 0.2642091057692308 0.4837158197115385 0.25629629567307693 0.47631836057692306 0.25423225240384617 0.47587890624999996 0.24907407451923075 0.47675293028846155 0.2442592596153846 0.480234375 0.2408179014423077 0.48154296875 0.23875385817307693 0.48197753846153846 0.2325617283653846 0.47979980528846156 0.22396219230769232 0.4784912115384615 0.21949074038461538 0.4784912115384615 0.21536265384615383 0.480234375 0.20986111057692308 0.4828466802884615 0.20676311778846154 0.4854589855769231 0.20401234615384614 0.48763671875000003 0.20091435096153848 0.4885058581730769 0.1988503076923077 0.49111816346153847 0.19506944471153845 0.49329589903846155 0.19197144951923079 0.4941650384615385 0.18819058653846155 0.4941650384615385 0.18646990625 0.4972119134615385 0.18543595673076924 0.502001951923077 0.1840625 0.5067919927884615 0.18199845673076925 0.5098388677884615 0.1785570985576923 0.51158203125 0.17477237740384616 0.51462890625 0.17270833413461537 0.52072265625 0.16858024759615386 0.5255126947115385 0.16582947596153846 0.5285595697115385 0.16238811778846152 0.52986328125 0.15929398076923076 0.530302733173077 0.15585262259615387 0.531171875 0.15172453605769232 0.5355224615384615 0.1476003076923077 0.5394433581730769 0.14415894951923078 0.54162109375 0.14175154326923078 0.5411865240384615 0.13762345673076923 0.5337841802884615 0.13658950721153845 0.530302733173077 0.13108796394230768 0.5294287115384615 0.12695987740384615 0.5263818365384615 0.12248842548076923 0.522900391826923 0.11354552403846153 0.522900391826923 0.10769675961538461 0.5224658197115384 0.10288194471153847 0.52376953125 0.09393518509615384 0.5211572259615385 0.08877700721153846 0.52072265625 0.0808641971153846 0.5194189447115385 0.07742669711538461 0.522900391826923 0.0712345673076923 0.5255126947115385 0.06676311778846154 0.525947266826923 0.06332175961538461 0.5346533197115385 0.05988040144230769 0.538134764423077 0.051971449519230765 0.5394433581730769 0.04543595673076923 0.5424902355769231 0.03752314903846154 0.549892579326923 0.029953704326923077 0.555986329326923 0.022388117788461538 0.5612109375000001 0.016882716346153844 0.5651269543269231 0.012411264423076922 0.5729638677884615 0.007939814903846154 0.5786230480769231 0.0034683653846153844 0.582978516826923 0.00002700721153846154 0.5882031249999999 0 0.6848535168269231 0 0.8219873052884614 0 0.9051416009615385
0 0 0.36142578125 0.0030285504807692305 0.36662109375 0.007480709134615385 0.37273925721153844 0.012924382211538462 0.37793456971153844 0.01775848798076923 0.37978027403846154 0.020173610576923077 0.37978027403846154 0.021859567307692306 0.3738183605769231 0.02633101923076923 0.36692871153846157 0.03175540144230769 0.3625048822115385 0.040327932692307694 0.358828125 0.05016975240384615 0.3577734375 0.06351080288461539 0.36217285096153845 0.07204861057692308 0.3682275384615385 0.08698302403846155 0.3786816418269231 0.09465277884615385 0.38068359375 0.11278935096153846 0.37843750000000004 0.1269791658653846 0.37916503846153843 0.1568364206730769 0.36591796875000004 0.18935570913461539 0.3463964831730769 0.19912808653846154 0.33844726442307693 0.20286651201923078 0.3336962884615385 0.20975308653846153 0.3224707019230769 0.21896990625 0.31564941346153846 0.21862268509615385 0.30310546875 0.21945601923076924 0.29791015625 0.22053626442307694 0.28950195192307693 0.22417052403846152 0.28675293028846155 0.2305671298076923 0.28706054567307693 0.23950617307692307 0.28721191346153846 0.24143518509615386 0.2817138677884615 0.24214892067307695 0.27116699278846157 0.2425154326923077 0.2561816394230769 0.24107253125 0.2517578125 0.23503857932692307 0.24962402403846154 0.22705632692307692 0.24671875000000001 0.21969907451923076 0.24427734375000001 0.2169174375 0.24427734375000001 0.21486496875 0.24625488221153846 0.21182098798076923 0.24315429567307692 0.20902392067307693 0.24095214903846152 0.20490355048076925 0.24432128846153847 0.20182484615384616 0.24432128846153847 0.19904320913461537 0.24253418028846155 0.19448688221153845 0.24077636778846154 0.19191357932692307 0.24007324278846154 0.18638117307692306 0.24209472596153844 0.18135802403846152 0.24396484375 0.17436728365384616 0.24502441346153844 0.16878472115384616 0.24537597596153848 0.16360339423076922 0.24528808653846154 0.1625424375 0.2395214855769231 0.15826388942307693 0.23813476442307693 0.14953317788461537 0.23696777403846153 0.1452546298076923 0.23452636778846153 0.13570987740384616 0.22847168028846154 0.11654706730769232 0.22140625 0.10819830288461539 0.21885742307692307 0.10126157451923076 0.21885742307692307 0.09672067788461539 0.21949218750000002 0.08545524759615385 0.219296875 0.07555941346153847 0.21738281250000002 0.06700231490384614 0.21663085817307692 0.056342593749999996 0.21907714903846154 0.047962963942307694 0.22129882932692307 0.03850308653846154 0.22033203125 0.03497299278846154 0.21883300721153848 0.032345677884615384 0.2157519543269231 0.029043209134615385 0.20782714903846153 0.02069444471153846 0.20474609375 0.013742283653846154 0.2067285144230769 0.006087963942307692 0.2111328125 0.00173996875 0.21024902403846155 0 0.20849121153846153 0 0.25933105528846156 0 0.36142578125
0 0.5440277788461538 0.8270068365384616 0.5393904326923077 0.8127001947115384 0.5395370360576923 0.795458983173077 0.5376543221153847 0.7835400384615384 0.5376543221153847 0.7734521490384616 0.5379436730769231 0.7699658197115385 0.5363503076923076 0.7695996081730769 0.53678240625 0.7574951177884616 0.5348996923076923 0.75291015625 0.5318557091346153 0.7499755865384615 0.5275077163461538 0.7466748052884615 0.5234529326923076 0.745390625 0.5204089495192308 0.746494139423077 0.5167862644230768 0.7430078125 0.5146141971153846 0.7406250000000001 0.5104089495192308 0.7420898437500001 0.5083796298076924 0.7417236322115385 0.5054822524038461 0.7397070312499999 0.4995408942307692 0.7404394519230769 0.4954822524038462 0.7404394519230769 0.49113811778846156 0.7406250000000001 0.4873688269230769 0.7417236322115385 0.4853395072115385 0.7426416009615384 0.4830208341346154 0.7468603509615386 0.48258873557692306 0.7499755865384615 0.4808487644230769 0.7514453125 0.47896219230769227 0.7519970697115385 0.4762114206730769 0.7514453125 0.47331404326923077 0.7536474615384615 0.47142746874999997 0.756396483173077 0.4704128076923077 0.7585986322115384 0.4679513894230769 0.7620800769230769 0.4659220673076923 0.7655664062499999 0.4653433653846154 0.7670361322115385 0.4630246923076923 0.7701513677884615 0.4562114206730769 0.7723535144230769 0.45331404326923075 0.777490233173077 0.4480979927884615 0.7934423822115384 0.4460686730769231 0.7991308581730769 0.44491126442307694 0.8042626947115384 0.44317129567307695 0.8084814447115385 0.4430246923076923 0.8154541009615385 0.4444753076923077 0.8220556634615386 0.4469405865384615 0.8304931634615385 0.4509953701923077 0.8394775384615384 0.4556327163461538 0.8512158197115384 0.46027006249999997 0.8596533197115386 0.4653433653846154 0.8688232427884616 0.4776581778846154 0.8807421875 0.49142746875000004 0.8844140625 0.49881558653846153 0.8875292980769232 0.5095408942307692 0.8880810552884615 0.5180902788461539 0.8897314447115385 0.5235956778846154 0.8869775384615385 0.5272183653846154 0.88404296875 0.5294753076923077 0.88203125 0.5460570985576922 0.8743261706730769 0.550983795673077 0.86001953125 0.5492476850961538 0.8413134759615384 0.5440277788461538 0.8270068365384616
0 0.9168904326923077 0.5896484375 0.9142129639423077 0.583916014423077 0.9121566346153845 0.5700048822115384 0.9076080240384615 0.5542724615384615 0.9047453701923077 0.542314454326923 0.9036149687499999 0.52822265625 0.9015972211538461 0.5177246081730769 0.8960416658653846 0.5093896490384615 0.8889390432692307 0.5031640625 0.8860185192307692 0.4922998052884615 0.8804591057692307 0.4754736322115385 0.8757060192307692 0.459375 0.8706404326923077 0.4483300793269231 0.8664660504807693 0.4416894543269231 0.8619984567307692 0.43527831971153846 0.8550617283653845 0.43012206971153844 0.8484953701923076 0.42821777403846156 0.8431442908653846 0.4281152331730769 0.8385763894230769 0.4322558581730769 0.8352006177884616 0.43626953125 0.8314351850961538 0.43751953125000004 0.826473764423077 0.4382763677884615 0.8223958341346154 0.43814453124999997 0.8206481490384616 0.4348095697115385 0.8154822524038461 0.4328027355769231 0.8071450625000001 0.4328027355769231 0.80459490625 0.43541015625 0.7989544759615386 0.43629394471153843 0.79446759375 0.43767578125 0.7918557091346153 0.44056640625 0.7871604927884616 0.43819824278846153 0.78419753125 0.43793456971153844 0.782056326923077 0.4411669927884615 0.7804706778846153 0.44134765625 0.7772415120192308 0.44030761778846156 0.7740702163461539 0.4404638677884615 0.7678742283653845 0.4368701177884615 0.7642129639423078 0.43423828124999997 0.7612268509615384 0.43462890625 0.7594367283653847 0.4372607427884615 0.7585532403846155 0.4391357427884615 0.7532831778846153 0.4372607427884615 0.7483217596153846 0.4366357427884615 0.7429706778846155 0.43976074278846156 0.7359104927884614 0.44366699278846156 0.7305594134615384 0.44616699278846156 0.7266898149038461 0.45132812499999997 0.717943673076923 0.45986816346153847 0.7148148149038461 0.46130371153846156 0.7115432091346154 0.46130371153846156 0.7069328701923077 0.460703125 0.7037191346153846 0.4615087884615384 0.70125 0.4658105456730769 0.6985339495192308 0.46823242307692303 0.6928742283653846 0.4706787115384615 0.6887384254807691 0.4723193365384616 0.6848070985576923 0.4743261706730769 0.6800501538461539 0.47669921875 0.6719212956730769 0.48216796875 0.6662808653846154 0.4856347668269231 0.6614853389423078 0.48886230528846153 0.6571026225961538 0.49326660096153846 0.6520601850961539 0.4992285144230769 0.6514004639423077 0.5047802740384616 0.6506597211538462 0.5144433581730768 0.6458641971153847 0.5264013677884616 0.644382716346154 0.5334326177884615 0.6438888894230769 0.544345701923077 0.6447723774038461 0.55203125 0.6414583341346154 0.5618798822115385 0.6417476850961539 0.5671142572115385 0.6413966057692307 0.5723486322115384 0.6399575625 0.576494141826923 0.6399575625 0.580166016826923 0.6419521610576923 0.5830810552884615 0.6427777788461538 0.586337889423077 0.6418711418269231 0.5892822259615385 0.6409645072115384 0.5932421875 0.6412114206730769 0.5960839831730769 0.6408641971153847 0.6016845697115385 0.641111110576923 0.6050927740384615 0.6416666658653847 0.60876953125 0.64263503125 0.6121777355769231 0.6435802475961538 0.6179345697115385 0.64415509375 0.6216113269230769 0.6491589495192307 0.6358349615384615 0.6501234567307693 0.6427880865384614 0.6497530865384615 0.6477636706730769 0.6499999999999999 0.6536230456730769 0.6502276225961539 0.65919921875 0.6535841057692308 0.6646435552884615 0.6558256177884616 0.6705029302884615 0.6584606490384615 0.6769921875 0.6611998461538462 0.6796240240384616 0.6633603389423077 0.6773291009615385 0.6648418221153847 0.675869141826923 0.6687307091346154 0.6781640624999999 0.6716319447115384 0.6787890625 0.6741859567307693 0.6762890625 0.6768402788461538 0.6731347668269231 0.6799884254807692 0.6702197259615384 0.6835493822115384 0.6651904302884616 0.6877507716346154 0.66162109375 0.6912268509615385 0.65787109375 0.6951195985576923 0.65388671875 0.7017052475961538 0.6514355456730769 0.7076118822115384 0.65193359375 0.7116242283653846 0.65302734375 0.7151851850961539 0.65302734375 0.7205787043269231 0.6527636730769231 0.7239544759615384 0.6510205072115384 0.729818673076923 0.6536230456730769 0.7428047836538462 0.6580273437499999 0.7467361105769231 0.6601904302884616 0.7543518509615385 0.6639404302884616 0.75678240625 0.6680810552884615 0.7593325624999999 0.6748046875 0.7626697524038462 0.6769628894230769 0.7649305552884615 0.6787890625 0.7674652788461539 0.6793896490384616 0.7708796298076923 0.6777734375000001 0.7758603389423077 0.673681641826923 0.7813348774038461 0.6684472668269231 0.78423996875 0.6621142572115384 0.7880864206730769 0.6578466802884615 0.7900424374999999 0.6558642572115385 0.7922878076923077 0.6513574230769231 0.7947955240384614 0.64578125 0.8002083341346153 0.639375 0.8044290120192308 0.6338525384615384 0.8136728389423078 0.631923829326923 0.8207716057692308 0.6278369134615385 0.8304243822115385 0.6198925793269231 0.8376697524038461 0.6179638677884616 0.842013889423077 0.6162158197115384 0.8555131177884616 0.6151513677884616 0.8709722211538462 0.6147070312499999 0.8792669759615385 0.6182226562500001 0.8842901225961538 0.6237451177884614 0.8922723774038462 0.6292675769230769 0.9066820985576923 0.6366162115384615 0.9109413581730769 0.6388525384615384 0.9231674375 0.6425 0.9295679014423077 0.645 0.9342206778846154 0.646826173076923 0.9352700625 0.6461767572115384 0.9341782403846154 0.6451318365384615 0.9298572524038462 0.6305468750000001 0.9253279326923077 0.6211669927884615 0.9218287043269231 0.605537110576923 0.9168904326923077 0.5896484375
0 0.8918171298076923 0.14776855528846153 0.8853819447115385 0.13852538942307693 0.8730362644230769 0.1319238293269231 0.8521180552884615 0.11825683653846154 0.8350038581730769 0.11138671875 0.8185223774038461 0.10769043028846154 0.8032870360576924 0.10003418028846153 0.7953587956730769 0.09290039182692308 0.7855516971153846 0.08867675721153846 0.7772029326923077 0.08788085817307692 0.7692746923076924 0.09395996153846155 0.7686496923076922 0.10029785096153845 0.77365740625 0.11508788942307692 0.7761612644230769 0.12617675721153845 0.7732368822115384 0.13277831971153847 0.77428240625 0.14545898317307693 0.7732368822115384 0.15734375 0.7738657403846154 0.17477050721153847 0.7746990745192307 0.1890332019230769 0.7763695985576924 0.20461425721153845 0.7780362644230769 0.21676269471153847 0.7832561730769231 0.21544433653846154 0.7874266971153846 0.211484375 0.8007831778846154 0.20461425721153845 0.8063117283653847 0.19799316346153845 0.8109027788461538 0.19125488221153847 0.8200848774038462 0.18760253846153846 0.8321527788461538 0.19063964903846153 0.8401195985576924 0.19310546874999998 0.8459259254807693 0.19478027403846154 0.8573842596153847 0.19478027403846154 0.8702546298076924 0.19486816346153846 0.8773842596153846 0.1873828125 0.8872955240384616 0.18254394471153848 0.8918171298076923 0.16845703125 0.8918171298076923 0.14776855528846153
0 0.9574614206730769 0.26707519471153846 0.9612307091346154 0.26083984375 0.9586226850961539 0.2505712884615385 0.9522453701923077 0.24121581971153847 0.9483333341346154 0.24029785096153844 0.9436959879807693 0.24194824278846155 0.9394907403846153 0.24103027403846153 0.9386226850961539 0.2380957043269231 0.9374652788461538 0.2351660168269231 0.9339853389423076 0.23534668028846153 0.9329706778846153 0.23388183653846153 0.9303626538461539 0.22855956971153846 0.9245679014423077 0.22599121153846152 0.9215239206730769 0.22525878846153846 0.9186265432692308 0.22104003846153847 0.9160185192307692 0.21810546875 0.9126851850961538 0.2131542980769231 0.9100771610576923 0.20985351442307693 0.907901235576923 0.20490234375 0.8963078701923077 0.20031738221153847 0.8890625000000001 0.19921875 0.8816743822115385 0.19701660096153845 0.8761651225961539 0.19774902403846153 0.8661689807692308 0.19518066346153845 0.8602276225961538 0.19554687499999998 0.8509529326923077 0.19536621153846154 0.8447222211538462 0.19536621153846154 0.8370408942307692 0.19371581971153845 0.8322569447115384 0.19151367307692307 0.8284915120192308 0.19132812500000002 0.8254475312499999 0.19022949278846155 0.8206635793269231 0.18857910096153846 0.8151581778846153 0.18949706971153846 0.8115354927884616 0.19187988221153846 0.8086381177884616 0.195 0.8058834879807691 0.19958496153846153 0.8028395072115385 0.20490234375 0.7968981490384616 0.20728515625000002 0.7911033942307693 0.21040527403846154 0.7866126538461539 0.21352050721153845 0.7822646610576923 0.21755859375 0.7793672836538461 0.2190234375 0.775308641826923 0.225078125 0.772411264423077 0.22892578125000002 0.7683526225961538 0.23442871153846154 0.7634259254807693 0.2417675769230769 0.7605285504807693 0.2432324206730769 0.7563233028846154 0.24506835817307693 0.7525578701923077 0.24800293028846154 0.7476311730769231 0.25222168028846154 0.7448765432692308 0.2573535144230769 0.7447299375 0.2659765625 0.747773920673077 0.26945800721153845 0.7547299375 0.27184570192307694 0.7583526225961539 0.27239257932692307 0.7650192908653846 0.2659765625 0.7713966057692307 0.26139160096153846 0.7767554014423077 0.2558886706730769 0.7793672836538461 0.25552246153846153 0.7869020072115384 0.25368652403846154 0.790088735576923 0.2529541009615385 0.791828704326923 0.25552246153846153 0.7976234567307692 0.2601074230769231 0.8050154326923077 0.2667089855769231 0.8076234567307693 0.27404296875 0.8116820985576924 0.28083007692307693 0.8167515432692307 0.28468261778846154 0.8221141971153846 0.2911035144230769 0.8321141971153847 0.2958691418269231 0.8416782403846154 0.29458496153846153 0.86428240625 0.29036621153846154 0.8896412043269231 0.29275390625 0.9070331778846155 0.29385253846153847 0.9387692908653846 0.2988037115384615 0.9412307091346155 0.29 0.939201389423077 0.2791796875 0.9574614206730769 0.26707519471153846
0 0.5150038581730769 0.5602294927884615 0.5128395072115385 0.5646533197115384 0.5118441346153846 0.5739160168269231 0.5091820985576923 0.5769677740384616 0.5061882716346153 0.5812841802884615 0.5064390432692307 0.5942285144230769 0.5044405865384616 0.6018066394230769 0.5056057091346153 0.608330076923077 0.5067708341346153 0.61169921875 0.505273920673077 0.616015625 0.5034452163461538 0.6196972644230769 0.5038580240384616 0.6235937500000001 0.5105131177884615 0.6295947259615384 0.5140046298076923 0.6331689447115385 0.5199112644230769 0.63359375 0.5253973774038462 0.6314892572115384 0.5304706778846154 0.6298046875 0.5363773149038461 0.6266455072115384 0.5421141971153847 0.6248583990384616 0.5468557091346153 0.6246435552884615 0.5517592596153846 0.6256982427884614 0.5559182091346154 0.628330076923077 0.5575810192307692 0.6320117187500001 0.5590779326923078 0.6353808605769231 0.56232253125 0.6374853509615386 0.5658989206730769 0.6361181634615385 0.5693094134615385 0.6299072259615385 0.5697222211538462 0.6219091802884615 0.5691435192307692 0.6156982427884615 0.5678125 0.6121191394230769 0.5681442908653846 0.6081201177884615 0.5703047836538462 0.6039111322115385 0.5719675937500001 0.6010693365384616 0.57205246875 0.5960156249999999 0.57146990625 0.5935986322115384 0.5679783942307692 0.59275390625 0.5640702163461538 0.5930712884615384 0.5595794759615385 0.5888623052884616 0.55625 0.5850732427884615 0.5545061730769231 0.5815966802884616 0.5538387355769231 0.5797021490384615 0.5530902788461538 0.5764404302884615 0.5532561730769231 0.5731787115384616 0.5513464495192307 0.5652832043269231 0.5483526225961538 0.5612841802884615 0.5436959879807692 0.5540234374999999 0.5386226850961539 0.548759764423077 0.5357947524038461 0.5478124999999999 0.530138889423077 0.5468652331730769 0.5247337956730769 0.5486523437499999 0.5207407403846154 0.5527587884615385 0.5150038581730769 0.5602294927884615
0 0.48183256249999995 0.6960449230769231 0.4875192908653846 0.6876708990384616 0.4931095673076923 0.6839208990384615 0.49800540144230765 0.6751513677884616 0.50048996875 0.6671435552884616 0.49731095673076925 0.6604589831730769 0.48868827163461537 0.654140625 0.4840779326923077 0.6528125 0.4760030865384615 0.6503613293269231 0.4735185192307692 0.6487890625 0.4695794759615385 0.6518457043269231 0.46315200721153843 0.65220703125 0.4579668221153846 0.6495166009615385 0.44798225240384615 0.6405664062499999 0.4464544759615385 0.6359082019230768 0.45455246875 0.6361230456730769 0.4486998461538461 0.6292285168269232 0.4431828701923077 0.6242724615384615 0.43981481490384616 0.6212158197115384 0.4383564807692307 0.61287109375 0.43388888942307696 0.6057080072115385 0.42942129567307696 0.6012353509615385 0.42655478365384614 0.5967578125 0.42567129567307693 0.5916796875 0.42390432211538465 0.5873583990384615 0.42137345673076926 0.5846630865384616 0.4196527788461539 0.583427733173077 0.4183641971153846 0.58103515625 0.41609182211538465 0.5811865240384615 0.41480324038461536 0.5820947259615384 0.4126041658653846 0.5815527355769231 0.4107677475961538 0.58279296875 0.40761188221153843 0.5849072259615384 0.4062770072115385 0.5859033197115384 0.40281249999999996 0.583544920673077 0.39800925961538464 0.5786181634615384 0.39628857932692313 0.575595701923077 0.39277777884615384 0.5725732427884616 0.3913464495192308 0.5720898437499999 0.38940972115384614 0.5744775384615385 0.3880709879807692 0.57755859375 0.3863541658653846 0.5801611322115384 0.38262731490384616 0.5777099615384615 0.3789236105769231 0.5745996081730769 0.3747916658653846 0.573330079326923 0.3711111105769231 0.5715722644230768 0.3648070985576923 0.5686425769230768 0.35842978365384615 0.5679443365384615 0.35567901201923074 0.566826170673077 0.3521450625 0.5673095697115385 0.34801311778846156 0.5669775384615384 0.3436882716346154 0.5665869134615384 0.33924768509615383 0.5656201177884616 0.3367862644230769 0.5669775384615384 0.33377700721153847 0.5652539062499999 0.3286882716346154 0.5618408197115385 0.3263233028846154 0.560146485576923 0.3225 0.5571533197115385 0.3178433653846154 0.5543408197115385 0.3150733028846154 0.553251951923077 0.31155864182692306 0.5499902355769231 0.3080015432692308 0.5468115240384616 0.3066628076923077 0.54626953125 0.30219521634615387 0.542158201923077 0.29780092548076925 0.5398291009615385 0.29512345673076923 0.53744140625 0.29268904326923073 0.5368652355769231 0.2918055552884615 0.5387109375 0.29450231490384615 0.5448193365384616 0.3081674375 0.5750537115384615 0.31581018509615383 0.5936767572115385 0.3200385793269231 0.6022900384615385 0.3235532403846154 0.6156542980769231 0.3264429014423077 0.6291064447115384 0.33420524759615383 0.6317089831730769 0.34020061778846156 0.6351562500000001 0.3461959879807692 0.6572265625 0.34920910576923075 0.6749121105769231 0.3555632716346154 0.6862792980769231 0.36014660576923074 0.6924169927884616 0.3682214495192308 0.7016064447115385 0.3716859567307692 0.7091650384615384 0.38226851923076927 0.71748046875 0.3893132716346154 0.7268212884615385 0.3994444447115385 0.7371630865384616 0.41107638942307695 0.7475292980769231 0.41494598798076926 0.7546972644230769 0.4438503076923077 0.74109375 0.46917052403846154 0.724462891826923 0.4830285504807692 0.7081396490384615 0.48183256249999995 0.6960449230769231
0 0.9557831778846153 0.6601855456730769 0.9512191346153845 0.6588037115384615 0.9481404326923077 0.6560400384615386 0.946253858173077 0.6531542980769232 0.9408950625 0.6488818365384615 0.9336496923076923 0.6469970697115385 0.9193557091346154 0.6418457019230769 0.9097299375 0.6393359375000001 0.9022839495192307 0.6355664062499999 0.8941435192307693 0.6309179687500001 0.8847145072115384 0.62513671875 0.8769714495192308 0.6179785144230769 0.8691319447115385 0.61521484375 0.8650617283653846 0.61521484375 0.8557330240384615 0.6159667980769231 0.8512654326923077 0.6163427740384615 0.841836420673077 0.616845701923077 0.837368826923077 0.6192333990384615 0.8319097211538462 0.6203662115384615 0.8197993822115385 0.6290332043269231 0.8148379639423078 0.6324267572115385 0.8110648149038462 0.6330517572115385 0.8053086418269231 0.63443359375 0.7991550937499999 0.64197265625 0.7949845673076923 0.64662109375 0.7902199062499999 0.6569189447115384 0.784961420673077 0.6615673822115385 0.7831751538461538 0.665966798076923 0.7809915120192308 0.6709912115384615 0.7756327163461538 0.6742578124999999 0.7652083341346153 0.6821728509615385 0.7627276225961539 0.6893310552884616 0.7628279326923076 0.6998828125000001 0.7650115745192309 0.7081738269230768 0.7635223774038462 0.7134521490384615 0.7656057091346155 0.7213671875000001 0.7676890432692307 0.7280224615384616 0.7710648149038462 0.7326708990384615 0.7700733028846154 0.73794921875 0.7678896610576923 0.7428466802884616 0.7676890432692307 0.7477490240384616 0.7641165120192308 0.7588037115384616 0.7664004639423077 0.7694775384615385 0.76580246875 0.7748828125 0.7668942908653846 0.7789013677884615 0.76669753125 0.7831738293269231 0.7655054014423077 0.7876953124999999 0.7677893509615384 0.7974951177884615 0.7677893509615384 0.805029298076923 0.7654089495192308 0.81068359375 0.7657060192307692 0.8183496105769231 0.768086420673077 0.8242529302884616 0.7718595673076922 0.8341748052884616 0.7711651225961538 0.8457324206730769 0.7746373461538462 0.854150389423077 0.7783101850961539 0.859423826923077 0.7801967596153846 0.855908204326923 0.7832754639423077 0.8518896490384615 0.7892283942307692 0.8500048822115385 0.7959799375000001 0.8552783197115384 0.8026273149038462 0.8634472644230768 0.8118595673076924 0.8771386730769231 0.8232754639423077 0.8777685552884615 0.8320100312500001 0.878017579326923 0.8388580240384615 0.8738720697115384 0.8486844134615384 0.8634472644230768 0.8574189807692308 0.854150389423077 0.8675424374999999 0.8476171874999999 0.8763773149038462 0.8412109375000001 0.8854089495192308 0.8336718750000001 0.8971219134615385 0.8214892572115384 0.9107214495192307 0.8081738269230769 0.9185609567307692 0.79611328125 0.9242206778846154 0.7893261730769231 0.9326581778846154 0.7807861322115385 0.9402006177884614 0.773876954326923 0.9521103389423077 0.7665917980769231 0.9582638894230769 0.7604345697115384 0.9665046298076923 0.7547802740384615 0.9758333341346154 0.7485009759615384 0.9854629639423076 0.7403369134615385 0.9898302475961539 0.7329248052884616 0.9923109567307692 0.7265185552884615 0.991516204326923 0.7216162115384616 0.9894328701923077 0.717724610576923 0.9899305552884615 0.7118164062500001 0.9873495360576924 0.7085546875000001 0.9844714495192307 0.7067919927884615 0.9804012355769232 0.7003857427884616 0.979506173076923 0.6932275384615385 0.9770254639423077 0.6866943365384616 0.9761304014423077 0.6805371081730769 0.9758333341346154 0.6736279302884616 0.9718634254807692 0.6681005865384615 0.9644212956730769 0.6619482427884615 0.9594560192307693 0.6608154302884616 0.9557831778846153 0.6601855456730769
0 0.7707870360576923 0.8445947259615385 0.7705709879807692 0.83232421875 0.7671643509615385 0.8246386730769231 0.7644367283653846 0.8191503894230769 0.7642978389423077 0.8135791009615385 0.7652932091346153 0.809375 0.766566358173077 0.8048876947115384 0.7650733028846154 0.7910058605769231 0.7631442908653846 0.7827197259615384 0.7630632716346154 0.774501954326923 0.76330246875 0.7655078125 0.7577083341346154 0.76115234375 0.7517978389423077 0.7589111322115384 0.7467592596153847 0.756689454326923 0.74138503125 0.7541699230769231 0.73 0.7487548822115385 0.7252816346153845 0.74673828125 0.7137345673076924 0.74412109375 0.704201389423077 0.7398095697115384 0.6924768509615385 0.738125 0.6866049375000001 0.7407421875 0.6831404326923077 0.7453808605769231 0.6791396610576924 0.7503955072115385 0.6718518509615384 0.7479492187500001 0.6534606490384616 0.7423828125 0.6466512355769231 0.7421777355769231 0.6359220673076924 0.7440673822115385 0.6239158942307692 0.7428613293269231 0.6190200625 0.747119139423077 0.615 0.7530615240384615 0.606836420673077 0.7587841802884616 0.5988734567307692 0.7584033197115385 0.5905131177884615 0.7610986322115385 0.5821720673076923 0.7677783197115384 0.5753472211538462 0.7710546875000001 0.5613927475961538 0.786875 0.5590007716346154 0.796474610576923 0.5575501538461538 0.7976806634615384 0.5508410504807693 0.8048388677884616 0.5481520072115385 0.8130029302884616 0.5470987644230769 0.8278173822115384 0.5515779326923077 0.8382470697115385 0.5553587956730769 0.8563867187499999 0.5686959879807693 0.8684765624999999 0.5828317908653846 0.8757861322115384 0.6053240745192308 0.8833447259615385 0.6170717596153845 0.8767919927884615 0.6232407403846154 0.8684765624999999 0.6337924374999999 0.8606689447115384 0.6443402788461537 0.8654541009615385 0.6507330240384616 0.8825390625 0.6650655865384615 0.8913574230769231 0.688753858173077 0.8991650384615385 0.7094560192307693 0.8979052740384615 0.7245833341346154 0.8906005865384615 0.7409066346153845 0.8853076177884615 0.7550424375 0.8832910168269231 0.7651929014423077 0.8790087884615385 0.7761419759615384 0.8601123052884615 0.7738927475961539 0.8543701177884616 0.7711072524038461 0.8489550793269232 0.7707870360576923 0.8445947259615385
0 0.8259182091346153 0.305703125 0.823568673076923 0.3012353509615385 0.8159220673076923 0.2826318365384615 0.802986110576923 0.2677441418269231 0.7912268509615384 0.2588134759615385 0.7812307091346155 0.2595605480769231 0.7700578701923076 0.2655126947115385 0.7606481490384615 0.27965331971153845 0.7647646610576923 0.29826171875 0.7712345673076922 0.3161230456730769 0.7900501538461538 0.32728515625 0.8023996923076923 0.3101660168269231 0.8141589495192308 0.3086767572115384 0.8259182091346153 0.305703125
0 0.32691357932692305 0.534697264423077 0.34616898076923075 0.526875 0.3591010793269231 0.5119628894230769 0.37016975240384614 0.5030517572115385 0.38266975240384615 0.49195800721153843 0.3964660504807692 0.480859375 0.4106944447115385 0.46667480528846156 0.42736111057692305 0.4508496105769231 0.43598379567307693 0.43884765625 0.43684799278846154 0.4299365240384615 0.43382716105769226 0.42175293028846156 0.43382716105769226 0.41702148317307697 0.4328240745192308 0.4146582043269231 0.4335416658653846 0.4064746081730769 0.4309529326923077 0.4017431634615385 0.42650077163461536 0.3957421875 0.4240586418269231 0.3917431634615385 0.42118441346153845 0.3871972644230769 0.4187384254807692 0.38446777403846155 0.41442901201923077 0.3781005865384615 0.40983024759615383 0.3733740240384616 0.4059490745192308 0.36700683653846156 0.40178240625 0.3626416009615384 0.3961766971153846 0.3610058605769231 0.3931597211538461 0.3611865240384615 0.39114969230769236 0.36246093749999997 0.38985725240384617 0.36591796875000004 0.38669367307692304 0.36755371153846156 0.3822376538461538 0.3679150384615385 0.37706404326923076 0.367734375 0.37376157451923075 0.36664550721153844 0.36844521634615385 0.3660986322115385 0.3668634254807692 0.3626416009615384 0.3634143509615385 0.3637353509615385 0.3618325625 0.36300781249999997 0.3602507716346154 0.3617333990384616 0.35565200721153845 0.36300781249999997 0.35392746875 0.36464355528846154 0.3543595673076923 0.36955566346153845 0.35364197596153846 0.37228027403846153 0.3494753076923077 0.37646484375 0.3467438269230769 0.3768261730769231 0.34286265384615383 0.37773925721153845 0.3361111105769231 0.37737304807692307 0.3286381177884615 0.3748291009615385 0.32231481490384617 0.3719189447115384 0.3177160504807693 0.37155273557692303 0.31196759375 0.37228027403846153 0.3023379639423077 0.3748291009615385 0.29141975240384616 0.37591796875 0.28236496875 0.37737304807692307 0.2737422836538462 0.37701171875 0.26396990625 0.37519043028846155 0.2534799375 0.37392089903846154 0.2467245360576923 0.37228027403846153 0.23939814903846154 0.3719189447115384 0.2307754639423077 0.37155273557692303 0.22330246875 0.3719189447115384 0.21870370432692307 0.37173828124999997 0.2155439807692308 0.36937011778846157 0.21051311778846155 0.37082519471153846 0.2067746923076923 0.3750097668269231 0.2018904326923077 0.3775537115384615 0.1959992283653846 0.3779199206730769 0.19154320913461537 0.3802832019230769 0.1879513894230769 0.3826464831730769 0.18292052403846154 0.38392089903846155 0.17602237740384613 0.38592285096153844 0.17185570913461537 0.3857421875 0.16725694471153846 0.3857421875 0.16481481490384614 0.3868310552884615 0.16079089423076923 0.3884667980769231 0.15576003125 0.3924707019230769 0.1448379639423077 0.39592773557692307 0.13851851923076922 0.39628906249999996 0.13032407451923078 0.39628906249999996 0.12385802403846154 0.401015625 0.11509259375 0.4068359375 0.11078317788461539 0.4110205072115385 0.10675925961538463 0.4150244134615385 0.1030208341346154 0.42047851442307693 0.10086805528846154 0.42375 0.10216049278846154 0.43266601682692307 0.10503472115384614 0.4483056634615385 0.11078317788461539 0.4513964831730769 0.11839892067307692 0.4546728509615384 0.1255825625 0.45739746153846156 0.13147376442307693 0.4612207043269231 0.14153549278846153 0.4692236322115385 0.14670910576923077 0.4755859375 0.1533179014423077 0.47977050721153847 0.1587808653846154 0.4815869134615385 0.16481481490384614 0.4834082043269231 0.17429783894230771 0.48613769471153845 0.18047839423076925 0.4886816394230769 0.18507716105769229 0.49177246153846155 0.1902507716346154 0.4932275384615385 0.19413194471153844 0.493046875 0.19829861057692308 0.4908642572115385 0.20102623557692306 0.4883203125 0.20505015384615385 0.4864990240384615 0.20821373557692308 0.48358886778846155 0.2149691346153846 0.47977050721153847 0.22100308653846154 0.47776855528846157 0.2289081778846154 0.4781347668269231 0.23810185096153846 0.4810449230769231 0.24543209855769232 0.47904296875 0.25074845673076923 0.4750390625 0.25736111057692307 0.47595214903846156 0.2654089495192308 0.48376953125 0.27115740625 0.49231933653846155 0.2758989206730769 0.4985009759615385 0.2832253076923077 0.5068701177884616 0.2855246923076923 0.5161474615384616 0.28782407451923075 0.5266943365384615 0.2898379639423077 0.530693358173077 0.2954436730769231 0.5377880865384616 0.3069367283653846 0.5456103509615384 0.31426697596153846 0.5390625 0.32691357932692305 0.534697264423077
0 0.21371913461538464 0.20963867307692308 0.21831018509615385 0.1969628894230769 0.22540509375 0.18534179567307693 0.22895061778846154 0.16738281249999998 0.2230864206730769 0.14733886778846153 0.22185570913461536 0.14181640625 0.2251736105769231 0.13125488221153844 0.22863811778846152 0.12047851442307692 0.23698688221153846 0.10748535096153847 0.2443942908653846 0.09065918028846154 0.24334876442307693 0.08252441346153847 0.24126157451923075 0.0796484375 0.24021990625 0.06733886778846153 0.24055169711538463 0.05852050721153846 0.24003086538461538 0.04399413942307692 0.23552469230769232 0.0387109375 0.2280941346153846 0.031108399038461538 0.22527777884615385 0.025771483173076922 0.22085648076923076 0.02181152403846154 0.21521990625 0.025268555288461537 0.2111921298076923 0.026538086538461538 0.20173996875 0.02614257692307692 0.19176697596153847 0.02690918028846154 0.1859220673076923 0.031108399038461538 0.17415509375000002 0.03076171875 0.16858410576923077 0.03182128846153846 0.1644521610576923 0.03464355528846154 0.16263503124999998 0.03923828125 0.16326003125 0.048432617788461536 0.1631983028846154 0.056220701923076925 0.15773148076923077 0.06657714903846154 0.15165894951923076 0.06924316346153846 0.14704861057692306 0.07180175721153846 0.14550154326923076 0.07843261778846154 0.13893132692307691 0.08163086057692308 0.1344637355769231 0.08392578125 0.1343171298076923 0.10177734375 0.13392361057692306 0.10423339903846154 0.1297492283653846 0.10552734375 0.12567901201923076 0.10632324278846153 0.12520061778846153 0.11110351442307692 0.1262654326923077 0.11646484375 0.1276195985576923 0.11860351682692308 0.12382330288461539 0.12340820192307692 0.11994212980769231 0.1285058605769231 0.11566357932692307 0.13315429567307693 0.11103009375 0.1432421875 0.10639660576923077 0.15063964903846155 0.10378857932692308 0.15864257692307693 0.10086805528846154 0.16233886778846152 0.09942901201923077 0.17369628846153845 0.09913580288461538 0.18029785096153847 0.1020370360576923 0.18727050721153848 0.10840277884615385 0.19223632692307693 0.11361882692307691 0.19590331971153846 0.11680941346153847 0.19936523557692307 0.11628857932692307 0.20435546875000002 0.11478780769230769 0.20990234375 0.11286651201923077 0.21637206971153844 0.11169753125 0.21970214903846155 0.11985725240384615 0.22226074278846156 0.12983024759615386 0.22645996153846154 0.1382831778846154 0.22926269471153848 0.15138888942307693 0.23697265625 0.1626157403846154 0.23834472596153844 0.16463734615384615 0.24349609375 0.17632330288461537 0.2443652331730769 0.1877816346153846 0.241328125 0.19362268509615385 0.23927246153846154 0.1968364206730769 0.24183105528846155 0.19911265384615387 0.23974609375 0.19973765384615383 0.22971191346153846 0.19952932211538463 0.22390136778846154 0.20850308653846156 0.21492187499999998 0.21371913461538464 0.20963867307692308
0 0.6279745360576924 0.6263330072115385 0.6215084879807692 0.616328125 0.6124035504807692 0.6032958990384615 0.6091820985576922 0.5927294927884615 0.6084876538461539 0.5827587884615385 0.605401235576923 0.577197264423077 0.5968132716346154 0.5701171875 0.5896296298076923 0.56666015625 0.5869328701923077 0.5742529302884616 0.5801080240384615 0.5876074230769232 0.5745138894230769 0.5983544927884615 0.5717592596153847 0.6041113293269231 0.5697260793269231 0.6098730480769231 0.5729591057692308 0.618359375 0.5788271610576923 0.6282128918269231 0.5851736105769231 0.6345751947115384 0.5911612644230769 0.640185545673077 0.5929591057692307 0.6427587884615384 0.5982253076923076 0.6465478509615384 0.6022993822115384 0.64927734375 0.6050540120192308 0.646533201923077 0.6104552475961539 0.6481933605769231 0.6126466057692308 0.6499755865384615 0.6221064807692307 0.6443652355769232 0.63384259375 0.6377001947115384 0.634201389423077 0.6348193365384615 0.6279745360576924 0.6263330072115385
0 0.7194868822115384 0.26477050721153844 0.7089043221153847 0.24690918028846154 0.7012577163461539 0.22681640625000002 0.6836188269230768 0.220859375 0.6624498461538462 0.21713867067307693 0.6383410504807692 0.2163964855769231 0.5895331778846153 0.21416503846153848 0.5536651225961539 0.21713867067307693 0.5336728389423077 0.22383789182692307 0.5307330240384616 0.24393066346153847 0.512503858173077 0.2580712884615385 0.49015817788461535 0.26923339903846155 0.4772222211538461 0.2751904302884615 0.44841049278846157 0.29528320192307694 0.42135802403846156 0.33397949278846156 0.41665509375 0.3764013677884615 0.4431172836538462 0.4084033197115385 0.48839506250000003 0.41956543028846155 0.5660146610576923 0.4031933605769231 0.6306944447115386 0.4017041009615384 0.7271334879807692 0.35556640625 0.7594714495192308 0.3027246081730769 0.7577083341346154 0.28337402403846157 0.7371296298076923 0.2811425769230769 0.7194868822115384 0.26477050721153844
0 0.6856095673076923 0.1806933581730769 0.6892322524038461 0.16950683653846152 0.6898109567307693 0.15501464903846152 0.6861882716346154 0.1462109375 0.6819868822115385 0.13979492307692307 0.6774922836538462 0.13410644471153846 0.6686535504807692 0.13007324278846155 0.6589429014423077 0.1253027331730769 0.6535841057692308 0.12438964903846153 0.6498148149038462 0.12493652403846153 0.6444521610576923 0.12273925721153846 0.6377854927884615 0.1240234375 0.6277893509615384 0.12236816346153846 0.6193827163461538 0.1287890625 0.6122839495192308 0.13374023317307693 0.6028626538461539 0.13704101682692307 0.5988040120192308 0.14181152403846153 0.5928626538461539 0.1440136706730769 0.5872145072115385 0.14877929567307693 0.5825771610576923 0.15483398557692307 0.5776504639423077 0.15941894471153845 0.5724305552884615 0.16216796875 0.5667785504807692 0.1762890625 0.5650424375 0.18032714903846153 0.56040509375 0.18454589903846155 0.5602584879807693 0.18509277403846153 0.5598263894230769 0.19206543028846154 0.5654745360576923 0.20068359375 0.5690972211538461 0.20343261778846153 0.5799691346153846 0.20582031250000002 0.5924305552884616 0.20838867067307693 0.606921295673077 0.21150390624999998 0.61576003125 0.21425781249999998 0.6224266971153847 0.21773925721153847 0.6399614206730769 0.21700683653846153 0.6560455240384615 0.2206738293269231 0.6619868822115385 0.21994140625 0.6674922836538462 0.21700683653846153 0.6754629639423076 0.20710449278846152 0.6792322524038461 0.19114746153846152 0.6774922836538462 0.1847265625 0.6856095673076923 0.1806933581730769
0 0.4893016971153846 1 0.5025115745192308 0.9774267572115385 0.49032021634615386 0.9465625 0.4409336418269231 0.918505858173077 0.3775308653846154 0.8616845697115385 0.3561921298076923 0.8269628894230769 0.3023379639423077 0.8282519543269231 0.25356481490384614 0.8719726562500001 0.2312114206730769 0.8861181634615385 0.22409722115384617 0.8951220697115385 0.1509375 0.9607080072115385 0.16008487740384617 1 0.4893016971153846 1
0 0.09486882692307692 0.39462890625 0.09165123557692308 0.3878466802884616 0.08730324038461539 0.38032714903846154 0.0838271610576923 0.38087890625000004 0.07947916586538462 0.37721191346153843 0.07513117307692307 0.3722558605769231 0.06571373557692307 0.3667578125 0.058032406249999995 0.36106933653846157 0.04701774759615385 0.3590527355769231 0.0376003076923077 0.3601513677884615 0.030208334134615385 0.3643701177884615 0.02499228365384615 0.37042480528846156 0.01570601923076923 0.3899707019230769 0.013290894230769231 0.3958251947115385 0.009633487980769231 0.4062353509615385 0.009270834134615383 0.41020507932692307 0.0058873461538461545 0.41356933653846156 0.0028703701923076925 0.4163183581730769 0.003472221153846154 0.41723632692307694 0.006130401442307693 0.42395996153846155 0.004317129807692307 0.4375634759615385 0.002507716346153846 0.4559033197115384 0.005285492788461538 0.4682861322115385 0.009633487980769231 0.47806640625 0.016635802884615383 0.4771484375 0.02629629567307692 0.47317382692307697 0.027384259615384616 0.4659912115384615 0.026176697115384617 0.4505566418269231 0.03173225240384615 0.4459716802884615 0.04172839423076923 0.44147949278846155 0.06008487740384615 0.43842285096153844 0.07155864182692308 0.441171875 0.08701388942307692 0.45080078125 0.09099922836538463 0.448203125 0.10404320913461539 0.45263671875 0.10404320913461539 0.44346191346153846 0.1002970673076923 0.42359375 0.09860725240384616 0.416640625 0.09773919711538462 0.40251953125 0.09486882692307692 0.39462890625