0 0.5573572524038461 0 0.5542515432692308 0.0011083990384615386 0.5497685192307692 0.00896484375 0.5464930552884616 0.02228027403846154 0.5454591057692307 0.02708007932692308 0.5299382716346154 0.026645507211538463 0.5216628076923077 0.02817382932692308 0.5011381177884615 0.0325390625 0.48096450721153844 0.03864746153846154 0.47354938221153847 0.04366699278846154 0.4669945985576923 0.03821289182692308 0.4635455240384615 0.039521485576923074 0.4609606490384615 0.0515234375 0.45837191346153844 0.05981933653846154 0.44871527884615386 0.06549316346153847 0.43923225240384617 0.07073242307692308 0.4425077163461539 0.08687988221153847 0.4506134254807692 0.1202734375 0.45371913461538466 0.13162597596153847 0.45682098798076926 0.14362793028846152 0.45768518509615386 0.15039550721153847 0.46165123557692306 0.15301269471153847 0.47716820913461533 0.15213867067307693 0.4825154326923077 0.14952148557692307 0.4932060192307692 0.14995605528846154 0.5057947524038462 0.15388671874999998 0.5116589495192307 0.16239746153846155 0.5180401225961538 0.17309081971153845 0.5340779326923077 0.18312988221153845 0.5473533942307692 0.18793456971153846 0.5614969134615385 0.19557128846153848 0.573568673076923 0.19971679807692308 0.5873611105769231 0.20059081971153844 0.5906404326923077 0.19731933653846154 0.5920177475961539 0.19186035096153847 0.5987422836538461 0.18312988221153845 0.6040895072115384 0.17592773557692307 0.6066743822115385 0.16174316346153847 0.6018479927884616 0.13293456971153847 0.5996064807692307 0.10390625 0.5944328701923077 0.04737793028846154 0.5849498461538462 0.021186524038461538 0.5742554014423077 0 0.5573572524038461 0
0 0.22688271634615387 1 0.23040123557692307 0.99611328125 0.23619598798076924 0.9885205072115385 0.2413695985576923 0.9819726562500001 0.25088734615384617 0.9767333990384616 0.25130015384615384 0.9754248052884615 0.2521296298076923 0.97044921875 0.2535763894230769 0.9618066394230769 0.25461419711538463 0.9542089855769231 0.25606095673076923 0.94609375 0.25875 0.9405908197115385 0.25957947596153846 0.9345703125 0.25875 0.92697265625 0.25999228365384613 0.9159716802884615 0.25854552403846154 0.91283203125 0.25606095673076923 0.9073291009615385 0.25606095673076923 0.9010449206730768 0.25771605048076923 0.8908300769230769 0.25792438221153846 0.8829736322115385 0.2612345673076923 0.8735449206730769 0.2612345673076923 0.8635937499999999 0.26164737740384614 0.8544287115384616 0.2637191346153846 0.84892578125 0.2645447524038462 0.8410693365384615 0.2651658942307692 0.8350439447115385 0.26661651201923076 0.828759764423077 0.2659953701923077 0.8245703125 0.26744212980769233 0.8193310552884616 0.26992669711538464 0.8083300769230769 0.26909722115384616 0.8059765624999999 0.26971836538461536 0.8010009759615385 0.27054783894230766 0.7962841802884615 0.27323688221153847 0.7931396490384616 0.2798572524038461 0.788427735576923 0.2862731490384615 0.7855468750000001 0.29061728365384615 0.7805712884615384 0.2970331778846154 0.7776904302884616 0.30675925961538464 0.7776904302884616 0.3274537043269231 0.7858105456730768 0.34835262259615385 0.7960205072115384 0.3634606490384616 0.8028320312499999 0.37690972115384613 0.8083300769230769 0.3783603389423077 0.8049267572115385 0.3791859567307692 0.7962841802884615 0.37711805528846154 0.7899999999999999 0.3733912043269231 0.7839746105769231 0.36511574038461536 0.7732373052884616 0.3469058653846154 0.74390625 0.33635030769230767 0.7258349615384615 0.3102777788461539 0.69021484375 0.3030362644230769 0.67869140625 0.28689429086538465 0.6600976562499999 0.2761342596153846 0.6477880865384615 0.26640817788461535 0.6362646490384616 0.25461419711538463 0.622646485576923 0.24012731490384615 0.6100732427884615 0.23660879567307694 0.6074560552884616 0.22874614182692307 0.601953125 0.21550154326923077 0.5946191394230769 0.20722607932692305 0.5909521490384615 0.20163580288461538 0.5875488269230769 0.18549768509615383 0.57890625 0.17597607932692305 0.5728808581730769 0.15900848798076922 0.5618847668269231 0.14121142067307693 0.5626708990384615 0.12527777884615385 0.57576171875 0.11203317788461538 0.5862402331730769 0.09506558653846153 0.6103369134615385 0.08306327163461538 0.6299755865384615 0.06837191346153847 0.6480468749999999 0.056990740384615386 0.6587890624999999 0.04436728365384616 0.6713574230769231 0.03836805528846154 0.6978076177884615 0.0389853389423077 0.7177148437499999 0.030088735576923077 0.7627636706730769 0.02615740625 0.7800488293269231 0.023468365384615386 0.7860693365384616 0.023881173076923078 0.80859375 0.02077546394230769 0.8389746105769231 0.02139660576923077 0.8625439447115385 0.025123456730769232 0.8827099615384615 0.03484953605769231 0.88794921875 0.05678240625 0.9054980456730769 0.07603009375 0.9288085937499999 0.10334490625000001 0.9484472644230769 0.12838348798076923 0.9712353509615385 0.1641820985576923 0.9953271490384614 0.1728742283653846 1 0.22088348798076923 1 0.22688271634615387 1
0 0.9645061730769231 0.4028662115384615 0.962588735576923 0.3904394519230769 0.9571990745192308 0.37876953125 0.9461805552884616 0.3687646490384615 0.9405555552884616 0.36331054567307697 0.9358834879807693 0.3555810552884615 0.9334876538461538 0.35209472596153846 0.9252237644230769 0.3513378918269231 0.9102546298076923 0.3567919927884615 0.9012731490384615 0.36088378846153846 0.8881018509615385 0.3683105456730769 0.8799575625 0.37679687500000003 0.8726543221153846 0.38270996153846154 0.8631944447115385 0.3824072259615384 0.8570871923076923 0.38104003846153844 0.8579243822115384 0.39134765625 0.8585223774038462 0.39983398557692307 0.8584027788461538 0.4058984375 0.8604398149038462 0.41271972596153844 0.8700192908653845 0.41650878846153844 0.8774421298076922 0.41787109375 0.8859452163461538 0.4189306634615385 0.8967245360576922 0.42044921875 0.9058256177884616 0.42363281249999996 0.9130092596153846 0.42666015625 0.9222299374999999 0.4319677740384616 0.9403125 0.43545410096153847 0.9526504639423077 0.4339355480769231 0.9601929014423077 0.42696777403846153 0.9624691346153846 0.4116552740384615 0.9645061730769231 0.4028662115384615
0 0.7693441346153846 0.5890234375 0.7668441346153846 0.566845704326923 0.7686304014423077 0.5537207043269231 0.7671990745192308 0.5387890625 0.7682716057692307 0.51796875 0.7679166658653845 0.4985107427884615 0.7686304014423077 0.47271484375 0.7700617283653847 0.44782226442307693 0.7718479927884616 0.42564453125 0.7739930552884615 0.39623046875 0.7697029326923077 0.36455078124999996 0.7682716057692307 0.3455419927884616 0.7671990745192308 0.33241699278846154 0.7689891971153846 0.29937988221153844 0.7646952163461538 0.27494140625 0.7571875 0.24235839903846154 0.7389506177884615 0.2124902355769231 0.7196412043269231 0.18578613221153845 0.7014043221153846 0.16904296875000002 0.6849575625 0.1826171875 0.6720833341346153 0.20117675721153847 0.6484837956730769 0.23059081971153847 0.6334645072115385 0.253671875 0.6112924375 0.2812792956730769 0.5898379639423077 0.3084326177884616 0.5698148149038461 0.3297021490384615 0.5412075625 0.36545410096153846 0.5240432091346153 0.38717773557692303 0.5172492283653847 0.39170410096153846 0.5079513894230769 0.39215820192307693 0.49901234615384615 0.39170410096153846 0.4843518509615385 0.404375 0.46969135817307694 0.41840331971153844 0.45538966105769235 0.43696288942307693 0.4103317908653846 0.4903613269230769 0.38065200721153847 0.522041016826923 0.35061728365384615 0.5636767572115384 0.32272376442307693 0.5939990240384615 0.3152160504807692 0.6044091802884616 0.3263001538461538 0.6175341802884616 0.33059027884615383 0.63111328125 0.33273919711538463 0.6433300793269231 0.32522762259615384 0.6587158197115385 0.3166473774038462 0.668671875 0.30842206730769234 0.6763671874999999 0.3069907403846154 0.681796875 0.3152160504807692 0.6980908197115384 0.32379629567307694 0.7085009759615384 0.33846064903846157 0.7284130865384615 0.35490740625 0.7546630865384615 0.37350308653846154 0.78181640625 0.38208333413461537 0.7858886730769231 0.39423996875 0.79267578125 0.40854552403846156 0.796298826923077 0.42106095673076926 0.799462889423077 0.45860725240384614 0.8175683605769231 0.4997299375 0.8306933605769231 0.539421295673077 0.8442675769230769 0.5580131177884615 0.8542236322115385 0.5758950625 0.8750439447115385 0.6005671298076923 0.8935986322115385 0.6306018509615385 0.9017431634615385 0.6606404326923077 0.895859375 0.6949691346153847 0.88001953125 0.7185686730769232 0.871875 0.7300115745192308 0.833408201923077 0.7371643509615384 0.7972021490384615 0.7521797836538462 0.76869140625 0.7643402788461539 0.7483251947115386 0.7725617283653846 0.7143847644230769 0.7704166658653846 0.68677734375 0.7707754639423077 0.6397119134615384 0.7693441346153846 0.5890234375
0 0.9148765432692307 0.6633447259615385 0.9146720673076923 0.6503271490384616 0.9158487644230769 0.6401416009615384 0.91646990625 0.6173535144230768 0.9131172836538461 0.5925537115384615 0.9060185192307693 0.5714697259615384 0.8982793221153845 0.5508056634615385 0.8925270072115384 0.5416894543269231 0.8876041658653846 0.5318701177884615 0.8817901225961537 0.522021483173077 0.8785802475961538 0.5158935552884615 0.8713387355769231 0.5095800769230769 0.8678009254807691 0.5105517572115384 0.8596874999999999 0.5196923822115385 0.853788579326923 0.52466796875 0.8431944447115385 0.5283593750000001 0.8263503076923077 0.5366113269230769 0.8207445985576923 0.5368701177884615 0.8180324062500001 0.5409033197115385 0.8124845673076924 0.5444921875 0.8026967596153847 0.5615185552884616 0.798125 0.5716259759615384 0.7888966057692308 0.5825732427884616 0.7827507716346154 0.59173828125 0.7775154326923077 0.5991015625 0.7724652788461538 0.60978515625 0.7718441346153846 0.626416016826923 0.7718634254807692 0.6559033197115384 0.7712654326923077 0.67154296875 0.7728163581730769 0.689404298076923 0.7732716057692308 0.7151464831730769 0.7779475312499999 0.7230322259615385 0.7812384254807692 0.7271142572115384 0.7854822524038462 0.7274560552884615 0.7919791658653845 0.72669921875 0.8001929014423077 0.7275634759615385 0.8085146610576923 0.7219824206730769 0.8167476850961539 0.7191308581730769 0.8230825625 0.72048828125 0.8402353389423076 0.7148876947115385 0.8519483028846154 0.7120849615384616 0.8640123461538463 0.7090966802884615 0.8739853389423077 0.7092822259615384 0.8831558653846153 0.7102783197115384 0.9011574062500001 0.7073974615384616 0.9141936730769231 0.6867041009615384 0.9174652788461538 0.6739501947115384 0.9148765432692307 0.6633447259615385
0 0.8699614206730769 0.2747363269230769 0.8793942908653847 0.23513671875 0.8883371923076923 0.19396484375 0.9009992283653846 0.17447753846153846 0.9067129639423077 0.1477636706730769 0.9049729927884615 0.13676757932692307 0.8898263894230769 0.12890625 0.8595293221153846 0.11193847596153847 0.8237731490384615 0.07547851682692308 0.7954398149038462 0.0417578125 0.7803163581730769 0.031293944711538464 0.7691435192307693 0.03365234375 0.7453510793269231 0.043076170673076924 0.7304783942307692 0.05370117307692308 0.7104629639423077 0.056308593750000004 0.6982214495192308 0.06155761778846154 0.6796720673076924 0.06862793028846154 0.6667322524038461 0.07865722596153847 0.6531018509615384 0.09119628846153846 0.6450308653846153 0.10354492307692308 0.6373842596153847 0.12111328125 0.6342052475961538 0.12890625 0.6249922836538461 0.14060058653846152 0.6129243822115384 0.16112304567307692 0.601473764423077 0.1808886706730769 0.5931057091346154 0.19164062499999998 0.5889120360576923 0.20590820192307693 0.5824305552884615 0.21580566346153846 0.575003858173077 0.22504882692307693 0.5695177475961539 0.23384765625 0.5678279326923077 0.2401953125 0.5710570985576923 0.25006347596153844 0.5722723774038462 0.25204589903846153 0.5788541658653846 0.25113281249999997 0.5845910504807692 0.24717285096153846 0.592013889423077 0.24780273557692306 0.5995640432692307 0.24657714903846153 0.6086766971153846 0.24384277403846152 0.6172916658653846 0.24443847596153848 0.625439814903846 0.24550781249999998 0.6307021610576923 0.2489941418269231 0.6339544759615384 0.25119628846153846 0.6413811730769231 0.24028808653846154 0.6544405865384615 0.2214941418269231 0.665941358173077 0.20785644471153847 0.6742091057692308 0.19616699278846153 0.6873688269230769 0.17903808653846154 0.6967052475961538 0.17193359375 0.7016242283653846 0.16844726442307692 0.7137152788461538 0.17935058653846153 0.7296334879807692 0.19798828124999998 0.7388695985576923 0.21055664182692307 0.7509645072115384 0.23133300721153846 0.7568248461538462 0.24028808653846154 0.7616165120192308 0.25483886778846154 0.7672530865384615 0.28315918028846154 0.7702353389423077 0.30515624999999996 0.7684452163461538 0.32165527403846156 0.7683217596153846 0.34044921875 0.7708796298076923 0.34890625000000003 0.7783294759615385 0.35361816346153846 0.8121026225961538 0.3303613293269231 0.8371797836538462 0.307421875 0.8699614206730769 0.2747363269230769
0 0.3501466057692308 0.5447167956730768 0.35846836538461535 0.5399121105769231 0.37233410576923076 0.5287548822115384 0.38402392067307695 0.5178564447115385 0.3954822524038461 0.50548828125 0.4109799375 0.48855956971153847 0.4219020072115385 0.4753466802884615 0.43641589423076926 0.45650390625 0.4519714495192308 0.43935058653846154 0.4612885793269231 0.42766113221153845 0.47817515384615383 0.4094433605769231 0.4817438269230769 0.4049121081730769 0.4816589495192308 0.3992285144230769 0.48392361057692307 0.39535156250000003 0.48593364182692306 0.38861816346153844 0.48277392067307695 0.3820703125 0.47946759375 0.37407226682692307 0.4763040120192308 0.3617041009615385 0.4717052475961539 0.3426074206730769 0.4698379639423077 0.3275097668269231 0.4689891971153846 0.31208007692307693 0.45820987740384617 0.30632324278846157 0.45246142067307693 0.3023828125 0.4459953701923077 0.2964697259615385 0.4388117283653846 0.29328613221153843 0.43126543269230766 0.29025390625 0.4240817908653846 0.28919433653846155 0.42000771634615386 0.2922265625 0.4042515432692308 0.30657714903846156 0.3949575625 0.3158837884615385 0.3842168221153846 0.3243896490384615 0.3743132716346154 0.33228515625 0.37160493749999995 0.33026855528846155 0.36398919711538463 0.32517578124999996 0.3585030865384615 0.32473632692307697 0.35171296394230767 0.32990234375 0.3449228389423077 0.3375439447115385 0.3403510793269231 0.3417578125 0.33127314903846156 0.3413183605769231 0.3244830240384615 0.34263671875 0.3178240745192307 0.3481542980769231 0.31512731490384616 0.3474560552884615 0.3097145072115385 0.3447265625 0.30348765384615384 0.34683593749999997 0.2946141971153846 0.3474560552884615 0.2903163581730769 0.3492871105769231 0.2838001538461538 0.35341308653846154 0.27915509374999997 0.35630859375 0.2759220673076923 0.36267089903846156 0.2765200625 0.36835449278846155 0.2807137355769231 0.3885009759615385 0.2831558653846154 0.3985009759615385 0.28832947596153846 0.42487304567307693 0.29422067788461537 0.4552490240384615 0.30395447596153846 0.4842236322115384 0.30766975240384614 0.4999902331730769 0.31665123557692304 0.5293896490384615 0.3206018509615385 0.5421240240384615 0.32820601923076925 0.5448193365384616 0.3400385793269231 0.544833983173077 0.3501466057692308 0.5447167956730768
0 0.7603240745192308 0.89517578125 0.7509837956730769 0.8929931634615385 0.7396296298076923 0.8939013677884616 0.7291396610576922 0.8902636730769231 0.7195138894230768 0.8866259759615385 0.7084490745192308 0.8826269519230769 0.7019791658653846 0.8837158197115385 0.6950848774038462 0.8822607427884616 0.6766898149038462 0.8891699206730769 0.6672029326923077 0.8949902355769231 0.65513503125 0.9004492187500001 0.6493865745192308 0.9015380865384616 0.6443557091346155 0.9091796875 0.6376003076923078 0.9128173822115385 0.6212191346153847 0.91736328125 0.6117361105769231 0.92263671875 0.5999498461538462 0.9286376947115385 0.5944907403846154 0.9326416009615385 0.5919020072115384 0.9357324230769231 0.6031134254807692 0.94482421875 0.6182021610576923 0.9524658197115384 0.6298418221153846 0.9590136706730769 0.6505362644230769 0.9708349615384615 0.6687847211538462 0.9819287115384616 0.6764004639423077 0.98611328125 0.6923533942307691 0.9884765625 0.7018364206730769 0.9873828125 0.709023920673077 0.98501953125 0.7160648149038462 0.9782910168269231 0.7228163581730769 0.97392578125 0.7248302475961539 0.9713818365384616 0.731871141826923 0.9741064447115384 0.7371875 0.9819287115384616 0.7413541658653846 0.98501953125 0.7567322524038461 0.9862939447115384 0.7672222211538462 0.9852001947115384 0.7751273149038462 0.9835644519230768 0.7801543221153846 0.9802929687499999 0.7830285504807691 0.9777441394230769 0.7867669759615384 0.96337890625 0.7882021610576923 0.95228515625 0.7897839495192307 0.9359130865384616 0.7863348774038462 0.9246386730769232 0.7771373461538461 0.9151806634615384 0.76736496875 0.9028125 0.7603240745192308 0.89517578125
0 0.90388503125 0.5150537115384616 0.9083410504807692 0.5054150384615385 0.9153819447115384 0.4952294927884615 0.93076003125 0.4728564447115385 0.9398109567307693 0.45921875 0.9429745360576922 0.44430664182692303 0.9426851850961538 0.43630371153846154 0.9370794759615385 0.4361181634615384 0.9304706778846155 0.4352099615384616 0.9202662043269231 0.4321191394230769 0.9093479927884616 0.42647949278846153 0.8956944447115384 0.4206591802884615 0.8794560192307692 0.4186621081730769 0.8681018509615386 0.42120605528846156 0.8543055552884616 0.4246630865384615 0.8395061730769231 0.42666015625 0.8350501538461538 0.4426660168269231 0.8326080240384616 0.44848632692307694 0.8300231490384615 0.46758300721153845 0.8298765432692308 0.4855908197115385 0.8321759254807692 0.4995947259615384 0.8318904326923077 0.5179638677884616 0.8327507716346154 0.524873048076923 0.8334722211538461 0.5316064447115385 0.8400810192307693 0.5294238269230769 0.8521527788461539 0.5241455072115385 0.8602006177884616 0.5174169927884615 0.8669521610576923 0.5099609375 0.8716975312499999 0.50814453125 0.8801736105769231 0.5165087884615385 0.8853472211538461 0.5261474615384615 0.8918132716346154 0.538515625 0.8982793221153845 0.54724609375 0.9034529326923076 0.5514306634615385 0.9125077163461538 0.53505859375 0.9069020072115385 0.5217822259615384 0.90388503125 0.5150537115384616
0 0.9667322524038462 0.7739697259615385 0.9515316346153846 0.7596386706730769 0.9375270072115385 0.7498339855769232 0.927993826923077 0.7524755865384616 0.9139853389423076 0.7404052740384616 0.8987885793269231 0.7253222644230769 0.8859760793269231 0.7166455072115384 0.8704822524038461 0.7091015625 0.8573688269230769 0.7117431634615384 0.8397878076923077 0.7158935552884615 0.8222067908653846 0.721171875 0.8156520072115385 0.7204150384615384 0.8084992283653847 0.723056639423077 0.8013503076923078 0.7287158197115384 0.7927083341346154 0.7268261730769231 0.7867476850961539 0.7275830072115385 0.7816820985576923 0.7366357427884616 0.7754243822115385 0.7419140625 0.7664853389423077 0.7487011706730768 0.7635030865384616 0.7558691394230769 0.7533719134615384 0.7724609375 0.7468171298076923 0.7818896490384616 0.7426466057692308 0.7950927740384616 0.7432407403846154 0.8045166009615384 0.7444328701923077 0.815078125 0.7429436730769231 0.8192285144230769 0.7462229927884615 0.8267675793269231 0.7417515432692308 0.833935548076923 0.7369830240384616 0.8433642572115385 0.7348996923076924 0.8535449206730769 0.734598764423077 0.86259765625 0.7399652788461538 0.891259764423077 0.7453279326923077 0.89314453125 0.7533719134615384 0.8923925769230769 0.7641010793269231 0.8965380865384615 0.770358795673077 0.9044580072115385 0.7873418221153846 0.92482421875 0.7903240745192307 0.937646483173077 0.7894290120192308 0.9538671875 0.7864506177884615 0.9666894519230769 0.7840663581730769 0.9802636730769231 0.7924112644230769 0.9889404302884616 0.7971759254807692 0.9915771490384616 0.8043287043269232 0.9821484375 0.8141628076923078 0.9787548822115385 0.8293595673076923 0.97724609375 0.8427700625000001 0.9802636730769231 0.8579668221153847 0.9749853509615385 0.8835918221153847 0.9727197259615384 0.9184567908653847 0.9764941418269231 0.9387191346153846 0.9798876947115385 0.9479591057692307 0.97724609375 0.9610686730769231 0.9670654302884615 0.9738811730769231 0.9542431634615384 0.9795447524038461 0.937646483173077 0.9834182091346153 0.9225634759615384 0.9860995360576923 0.8995556634615384 0.9872916658653845 0.8927685552884616 0.9908680552884616 0.8935253918269231 0.9947415120192308 0.8908837884615385 0.9947415120192308 0.8814550793269231 0.9941435192307692 0.876552735576923 0.9947415120192308 0.8659912115384615 0.9926543221153845 0.8524169927884616 0.9908680552884616 0.8460058581730769 0.9819290120192308 0.8097998052884615 0.9777546298076923 0.7879248052884615 0.9744791658653846 0.7792529302884615 0.9667322524038462 0.7739697259615385
0 0 0.45315429567307697 0.003989197115384615 0.4582128894230769 0.02025462980769231 0.4675488293269231 0.02944444471153846 0.46867675721153845 0.040023149038461533 0.47424316346153844 0.05099922836538462 0.47829589903846154 0.06845293269230769 0.49014160096153847 0.07793981490384616 0.48926269471153844 0.09140046394230769 0.4916845697115385 0.09859953605769231 0.49432128846153844 0.1151620360576923 0.4958300769230769 0.13023533894230768 0.5073339855769231 0.1426041658653846 0.5156640625000001 0.1568325625 0.5268212884615384 0.1665432091346154 0.5323828125 0.17379243749999998 0.534267579326923 0.17786651201923076 0.5356494134615384 0.1851157403846154 0.542060548076923 0.19695987740384616 0.5664501947115385 0.2053549375 0.57412109375 0.2132021610576923 0.5801855480769231 0.2210956778846154 0.5875390625 0.2424537043269231 0.5655371105769231 0.2541242283653846 0.5454248052884615 0.2553665120192308 0.526884764423077 0.2595871923076923 0.5139990240384615 0.24841435096153844 0.49671386778846155 0.23649305528846154 0.4781689447115385 0.23673996875 0.46088378846153844 0.22805169711538462 0.43793945192307693 0.22333333413461537 0.42379882932692303 0.2198804014423077 0.4166308581730769 0.2117592596153846 0.40783203125 0.20192901201923077 0.39994628846153846 0.18469521634615382 0.38903808653846156 0.17043981490384616 0.38237793028846156 0.15581404326923076 0.3770654302884615 0.13974922836538461 0.3654052740384615 0.12728009375 0.35996581971153846 0.10192901201923078 0.3517675769230769 0.08777392067307692 0.34695800721153847 0.08506558653846154 0.3446923822115385 0.07508487740384616 0.3429345697115384 0.05574074038461539 0.3388818365384615 0.04175925961538462 0.3344482427884615 0.03336805528846154 0.3318066418269231 0.021894290865384615 0.3313037115384615 0.015115740384615384 0.33331543028846156 0.0058294759615384615 0.3357373052884615 0 0.33520507692307694 0 0.45315429567307697
0 0.08732638942307692 0 0.08757716105769231 0.00115234375 0.07515817788461539 0.01937988221153846 0.06249614182692308 0.03949706971153846 0.04908564903846154 0.07500976442307693 0.03617283894230769 0.09041015625 0.02797839423076923 0.11397949278846155 0.02773148076923077 0.12780761778846153 0.032449846153846156 0.14603515625 0.03418595673076923 0.16300781250000002 0.02847607932692308 0.17966308653846155 0.03418595673076923 0.21140625 0.03940200721153846 0.21926269471153845 0.03269675961538461 0.24000488221153848 0.04262731490384616 0.26263671875 0.08111882692307693 0.29312011778846153 0.08260802403846154 0.3056933581730769 0.08707947596153846 0.31763671875 0.09874999999999999 0.31323242307692306 0.10967592548076924 0.3066357427884615 0.10942901201923078 0.3119775384615385 0.09974151201923077 0.32611816346153844 0.09030864182692308 0.34277831971153844 0.08832175961538462 0.34623535096153846 0.1265625 0.3588037115384616 0.1394753076923077 0.3638330072115385 0.16082947596153846 0.3782910168269231 0.18044753125000002 0.38520507692307693 0.2080092596153846 0.40280273557692303 0.21993055528846156 0.4153759759615384 0.2251466057692308 0.42668945432692307 0.22961419711538464 0.42920410096153844 0.2504745360576923 0.4156884759615384 0.27133101923076924 0.3980908197115385 0.28027392067307694 0.3918066394230769 0.2770447524038462 0.37357421875 0.2748109567307692 0.36729003846153846 0.2743132716346154 0.3606933605769231 0.2842438269230769 0.3515771490384615 0.2924382716346154 0.34654785096153845 0.3038618822115385 0.34591796874999997 0.31032021634615387 0.3424609375 0.31553240625 0.34686035096153844 0.3217438269230769 0.3434033197115385 0.3249691346153846 0.34057617307692306 0.33738425961538465 0.33994628846153846 0.3406134254807692 0.34057617307692306 0.3475655865384616 0.3324072259615385 0.35576003125 0.32486328124999997 0.3619714495192307 0.32266113221153847 0.3686728389423077 0.32611816346153844 0.37314429086538464 0.3302050769230769 0.3800964495192308 0.32580566346153844 0.39574074038461543 0.31417968749999997 0.41138503125000003 0.29626464903846156 0.43572144951923075 0.2733203125 0.45533950721153843 0.24912109375000002 0.45608410576923075 0.22177734375000002 0.4535995360576923 0.1953808581730769 0.45459490625 0.13943847596153847 0.4486342596153846 0.11900878846153845 0.4416820985576923 0.08506836057692307 0.43845293269230773 0.058037110576923075 0.4342322524038461 0.03132324278846154 0.4307561730769231 0.017495117788461537 0.4163503076923077 0.00744140625 0.4031905865384615 0 0.09502314903846153 0 0.08732638942307692 0
0 0.44317129567307695 0.8946533197115384 0.42469521634615387 0.88447265625 0.4187345673076923 0.8674999999999999 0.41366898076923075 0.8565625 0.3993672836538461 0.8482666009615384 0.38357253124999996 0.8486425769230769 0.3695679014423077 0.8531689447115384 0.35586033894230773 0.8769287115384615 0.34632716105769235 0.889375 0.3364930552884615 0.90408203125 0.3299382716346154 0.9108691394230769 0.32934027884615386 0.9202978509615385 0.3284452163461538 0.9285986322115385 0.3212962956730769 0.933125 0.30252314903846156 0.9414208990384616 0.2798765432692308 0.9523583990384614 0.2661689807692308 0.95763671875 0.25931327163461537 0.9659326177884615 0.2536535504807692 0.9742285168269231 0.2485879639423077 0.9787548822115385 0.24173225240384613 0.9836572259615385 0.2336882716346154 0.9927099615384616 0.22802469230769232 1 0.5423996923076924 0.9987451177884614 0.5224344134615385 0.9689501947115384 0.49323302403846153 0.9293505865384616 0.4717785504807692 0.9127587884615385 0.44317129567307695 0.8946533197115384
0 1 0.4779150384615385 0.9923881177884616 0.47605468749999996 0.9703395072115384 0.4797753918269231 0.9600501538461538 0.49403808653846154 0.9473070985576922 0.5281494134615385 0.93946759375 0.55853515625 0.9326080240384615 0.5895458990384616 0.9379976850961539 0.6298583990384615 0.958576389423077 0.6924951177884615 1 0.7303271490384616 1 0.6999365240384615 1 0.4779150384615385