0 0.4603780865384615 0.15694824278846153 0.4204706778846154 0.15206054807692307 0.3711265432692308 0.17704101442307693 0.33164737740384614 0.22537597596153847 0.2921720673076923 0.2693652331730769 0.24153549278846154 0.2932568365384615 0.22480324038461538 0.3144384759615385 0.2093557091346154 0.3508251947115385 0.20463348798076925 0.41599609374999996 0.21064043269230767 0.46487304567307697 0.24196759375 0.47953613221153846 0.2685686730769231 0.4637841802884616 0.30590277884615386 0.4301123052884615 0.32821373557692307 0.4111083990384615 0.35095679086538467 0.40078613221153847 0.3788503076923077 0.38015136778846154 0.42647762259615385 0.34974121153846155 0.4393518509615385 0.32964355528846156 0.46381172836538465 0.30357910096153845 0.4831211418269231 0.29869140625 0.5032870360576923 0.2997753918269231 0.5178780865384616 0.2709912115384615 0.5298919759615385 0.23731933653846154 0.5230246923076923 0.1879003894230769 0.4603780865384615 0.15694824278846153
0 0.7511496923076924 1 0.7798958341346154 0.99927734375 0.7980054014423076 0.9822558605769232 0.8145601850961538 0.9639208990384615 0.8000733028846153 0.9296582043269231 0.7950733028846154 0.9061962884615385 0.7955054014423077 0.8883642572115384 0.7914853389423077 0.8789160144230769 0.7735185192307692 0.8680029302884615 0.7637384254807693 0.8632666009615384 0.7545486105769231 0.8599902355769231 0.7505131177884615 0.8596874999999999 0.7374575625 0.8713623052884615 0.7224922836538461 0.8858984375 0.7085223774038462 0.8980126947115384 0.7014506177884615 0.9006298822115385 0.6910532403846154 0.8931640624999999 0.6878626538461539 0.8925341802884615 0.6769483028846154 0.9031396490384616 0.6703086418269231 0.9104931634615384 0.6632214495192308 0.9111083990384615 0.6560455240384615 0.9095996105769231 0.64821759375 0.916103516826923 0.6418016971153846 0.9130712884615384 0.6353549375 0.9153173822115386 0.6280439807692308 0.91453125 0.6178009254807691 0.9209716802884615 0.6125578701923077 0.9238525384615385 0.6079359567307692 0.9314013677884615 0.6115895072115385 0.9499121081730769 0.6186766971153846 0.9814062499999999 0.6201967596153846 0.9924707043269231 0.6232831778846154 0.9993212884615384 0.6299382716346155 1 0.7511496923076924 1
0 0.2993827163461539 0.541533201923077 0.30698688221153847 0.5470751947115384 0.31102623557692305 0.541533201923077 0.3172376538461539 0.5344042956730769 0.32185570913461536 0.52958984375 0.3263348774038462 0.5196630865384615 0.3325655865384615 0.5155810552884615 0.3393518509615384 0.516162108173077 0.34361496874999997 0.51369140625 0.34247685096153846 0.5036425769230769 0.34281635817307693 0.4954541009615384 0.34500771634615385 0.48874999999999996 0.35756944471153845 0.47899902403846156 0.37357253125 0.47680663942307694 0.37429012259615385 0.4718457043269231 0.3691743822115384 0.45839355528846154 0.3661265432692308 0.44997558653846154 0.3565933653846154 0.4366748052884616 0.3509182091346154 0.43582031250000003 0.34733410576923074 0.4342285144230769 0.33364197596153844 0.42392578125 0.31990355048076924 0.4183056634615384 0.31035107932692313 0.42410156250000003 0.30139274759615386 0.4419921875 0.29263117307692305 0.47423828125 0.2888503076923077 0.50169921875 0.28586419711538463 0.5271484375 0.2849884254807692 0.5317578125 0.2917785504807692 0.537021483173077 0.2993827163461539 0.541533201923077
0 0.35166280769230773 0.666904295673077 0.3578742283653846 0.6519775384615384 0.3591126538461538 0.638095701923077 0.3524922836538461 0.6294531250000001 0.35311342548076924 0.613740235576923 0.3431790120192308 0.59802734375 0.3278665120192308 0.5781201177884616 0.3094483028846154 0.551669920673077 0.2912384254807692 0.537265625 0.28027392067307694 0.5309814447115385 0.26247685096153844 0.5354296875 0.24530092548076923 0.5398828125 0.22315972115384616 0.5351708990384615 0.19832561778846153 0.5275732427884615 0.18197916586538462 0.521552735576923 0.17887345673076924 0.5189306634615385 0.16976851923076924 0.5294091802884615 0.15445601923076924 0.5477392572115385 0.14721450721153848 0.5576953125 0.1294174375 0.5851904302884615 0.1141049375 0.5998583990384615 0.09899691346153847 0.6234277331730769 0.09113425961538463 0.6391455072115384 0.07664737740384615 0.6619287115384616 0.06795910576923077 0.6758105456730769 0.05802469230769231 0.6839306634615384 0.049128086538461534 0.7027880865384616 0.04726466105769231 0.7216406249999999 0.045609567307692306 0.7514990240384616 0.04705632692307692 0.7619775384615385 0.05078317788461539 0.7703564447115384 0.058437499999999996 0.766689454326923 0.07106095673076923 0.7572607427884616 0.09237654326923078 0.7389306634615385 0.09692901201923076 0.7365722644230769 0.10396605048076922 0.73630859375 0.10913966105769231 0.7373583990384615 0.12072530769230769 0.739453125 0.12548611057692308 0.7420703125 0.13935185096153846 0.74783203125 0.15197144951923078 0.74783203125 0.1641820985576923 0.7488818365384616 0.16811342548076924 0.73814453125 0.1739081778846154 0.7331689447115385 0.18073688221153847 0.72923828125 0.19067129567307692 0.73185546875 0.2001890432692308 0.7284521490384616 0.2148804014423077 0.7276660168269231 0.22605709855769232 0.7321191418269231 0.24405864182692308 0.7370947259615386 0.24840277884615383 0.7389306634615385 0.25523148076923075 0.7368310552884616 0.2649575625 0.7347363269230769 0.2767554014423077 0.7357861322115385 0.28586033894230767 0.7302832019230769 0.29496527884615387 0.72923828125 0.30407021634615383 0.73369140625 0.30655478365384614 0.737880860576923 0.30903549278846154 0.737880860576923 0.32704089423076926 0.7229541009615384 0.3502160504807692 0.7014746081730769 0.35559799278846155 0.6781689447115385 0.35166280769230773 0.666904295673077
0 0.6291628076923076 0 0.6212152788461538 0.01184081971153846 0.6092978389423077 0.02786621153846154 0.6008564807692308 0.04483886778846154 0.5929089495192308 0.06023925721153846 0.5832253076923076 0.07532226442307692 0.5767669759615385 0.08789550721153847 0.5690702163461538 0.10895019471153847 0.5678279326923077 0.12717773317307693 0.5693171298076923 0.13943847596153847 0.5655941346153847 0.14980956971153844 0.5660879639423076 0.16018066346153845 0.5621180552884616 0.16929199278846155 0.5618672836538462 0.18469238221153847 0.5608757716346153 0.19569335817307693 0.5618672836538462 0.20512206971153846 0.5601311730769231 0.21737793028846156 0.5596334879807693 0.22680663942307694 0.5618672836538462 0.23120605528846155 0.5650964495192308 0.23592285096153848 0.5727932091346154 0.23120605528846155 0.5829745360576923 0.22869140625 0.5951427475961538 0.22806640625 0.6053240745192308 0.23058105528846154 0.6130208341346154 0.2299511730769231 0.616747685096154 0.23340820432692308 0.6279205240384615 0.23466308653846155 0.6351234567307693 0.23937988221153847 0.6507677475961539 0.24440918028846154 0.6616936730769231 0.24346191346153848 0.6688927475961539 0.24629394471153845 0.6753510793269231 0.23592285096153848 0.6860300937499999 0.2321484375 0.6959606490384616 0.23403808653846153 0.7011766971153846 0.24535156249999998 0.7061419759615385 0.26357910096153847 0.721288579326923 0.27583496153846154 0.7391705240384615 0.2852636730769231 0.7518325625 0.29123535096153846 0.7677276225961538 0.2896630865384615 0.7734375 0.2830615240384616 0.7816319447115384 0.28243652403846153 0.8000077163461538 0.28746581971153845 0.8126736105769231 0.28557617307692307 0.8245910504807692 0.26671875 0.8372569447115384 0.2519482427884615 0.8553819447115385 0.24346191346153848 0.8687924375 0.21549316346153846 0.8809606490384615 0.20009277403846154 0.9008256177884615 0.18249511778846153 0.9075308653846155 0.14729492307692307 0.9107600312499999 0.10612304807692308 0.9122492283653846 0.06903808653846154 0.9120023149038462 0.039809569711538456 0.9080285504807691 0.02440918028846154 0.9065393509615384 0 0.6291628076923076 0
0 0.7854128076923076 0.579638670673077 0.7932986105769231 0.5756005865384616 0.7975887355769231 0.56701171875 0.8048726850961538 0.5584228509615385 0.8124575625 0.5449072259615385 0.8215393509615385 0.53783203125 0.8276273149038461 0.53265625 0.8417978389423078 0.5186376947115384 0.8480825625 0.513837889423077 0.85736496875 0.5049951177884615 0.8576658942307692 0.4948925793269231 0.8604591057692308 0.479609375 0.8686419759615384 0.46318847596153845 0.8746296298076923 0.45523437499999997 0.8846103389423077 0.45725097596153846 0.8903973774038462 0.4586425769230769 0.9002777788461539 0.45965331971153844 0.9115547836538462 0.4619238293269231 0.9186381177884615 0.4636962884615385 0.9190393509615385 0.44992675721153846 0.9188387355769231 0.4461376947115384 0.9132484567307693 0.4404541009615385 0.9061651225961539 0.42959472596153847 0.8969830240384616 0.4192333990384615 0.8920949062500001 0.41330078124999997 0.8838117283653847 0.39915527403846157 0.8745293221153846 0.3887988269230769 0.8634529326923077 0.3790722668269231 0.8505787043269231 0.37086425721153843 0.8385030865384615 0.36593749999999997 0.8251311730769231 0.3534326177884616 0.8095640432692307 0.3367626947115384 0.79080246875 0.32084472596153846 0.7751350312499999 0.3113720697115384 0.7622608028846154 0.3079638677884615 0.7485879639423078 0.2943212884615385 0.725536264423077 0.279921875 0.7124652788461538 0.27044921875 0.6999884254807692 0.2583251947115385 0.6866165120192308 0.2513818365384615 0.6772376538461539 0.2564306634615385 0.672943673076923 0.2587060552884615 0.6644637355769232 0.25390625 0.6515895072115385 0.24607421875 0.641111110576923 0.24253906249999999 0.6300347211538462 0.23773925721153846 0.6257407403846155 0.23496093750000002 0.6192554014423077 0.2348339855769231 0.6144637355769231 0.23458007932692307 0.6069791658653846 0.23180175721153845 0.5992978389423077 0.23054199278846152 0.5937075625 0.2294042956730769 0.5878202163461539 0.2290234375 0.5827314807692308 0.2294042956730769 0.5756442908653846 0.23129882692307693 0.568661264423077 0.23496093750000002 0.563568673076923 0.2366015625 0.5611766971153846 0.24266601442307692 0.5570833341346154 0.24670898557692308 0.5531905865384615 0.24986328124999999 0.5484992283653847 0.24960937500000002 0.5424151225961539 0.25466308653846154 0.5353279326923077 0.2593359375 0.5278433653846154 0.2636328125 0.5240509254807693 0.26704101442307693 0.5187615745192308 0.2733544927884615 0.5126736105769231 0.2848486322115385 0.508881173076923 0.2983642572115385 0.5064891971153846 0.30657226682692307 0.49960262259615384 0.3262792980769231 0.49042052403846154 0.33827636778846154 0.4838348774038461 0.35267578125 0.47804398076923077 0.36492675721153844 0.47036265384615383 0.37780761778846156 0.46996142067307695 0.3999121105769231 0.47884259375 0.4156982427884615 0.48812500000000003 0.4383056634615385 0.4924151225961539 0.45510742067307697 0.5009992283653847 0.4741796875 0.5070871923076923 0.4908496081730769 0.518163579326923 0.4774609375 0.5379243822115385 0.4619238293269231 0.5493981490384615 0.4532128918269231 0.5536921298076923 0.4513183581730769 0.5598765432692308 0.4461376947115384 0.5683603389423078 0.43931640625 0.5699575625000001 0.43805663942307693 0.5742476850961539 0.4366650384615385 0.578838735576923 0.4379296875 0.5875192908653847 0.44121093749999996 0.5959027788461538 0.44702148557692306 0.6047839495192308 0.4548535168269231 0.6139660504807692 0.46533691346153844 0.6196527788461539 0.47051269471153845 0.6272376538461538 0.4756933605769231 0.6332253076923077 0.4785986322115384 0.6410108028846154 0.4823876947115385 0.6487962956730768 0.48756347596153843 0.6533834879807692 0.49046875 0.6590740745192308 0.49615234375 0.6661574062500001 0.5037304687499999 0.670848764423077 0.5115625 0.6804282403846155 0.5166162115384615 0.6880131177884615 0.5228027355769231 0.6910069447115385 0.5276025384615385 0.697496141826923 0.5325292956730769 0.6991898149038461 0.5339208990384615 0.7010879639423078 0.5384667956730769 0.7036805552884615 0.5447802740384615 0.7111651225961538 0.5457910144230769 0.7142592596153846 0.5462939447115385 0.7186496923076924 0.54919921875 0.7268325625000001 0.5537500000000001 0.7310262355769231 0.55703125 0.7344174375 0.5618310552884616 0.7356172836538462 0.5713037115384615 0.7371141971153846 0.5819140625 0.7386111105769231 0.5887353509615385 0.7421026225961539 0.5929003894230769 0.7451967596153846 0.59466796875 0.7493865745192309 0.5964404302884615 0.7549768509615385 0.5940380865384616 0.7654552475961538 0.5941650384615385 0.7765316346153845 0.5902490240384616 0.7854128076923076 0.579638670673077
0 0.3173572524038461 0.8499218749999999 0.3183526225961538 0.8337548822115385 0.31569830288461537 0.8276660144230769 0.31702546394230774 0.815283204326923 0.31138503125 0.80142578125 0.3012654326923077 0.7932373052884615 0.2952932091346154 0.7978564447115384 0.27936728365384617 0.8052050769230769 0.2690817908653846 0.8083544927884615 0.2505054014423077 0.8180126947115384 0.2417129639423077 0.8211572259615385 0.2304320985576923 0.8188525384615384 0.21716049278846153 0.81822265625 0.20969521634615385 0.8247265625 0.2042206778846154 0.83900390625 0.19758487740384614 0.8618896490384615 0.19791666586538462 0.8696582019230769 0.21268132692307692 0.88267578125 0.2282754639423077 0.8898144519230768 0.24121527884615385 0.8917041009615385 0.2493441346153846 0.897373045673077 0.25365740625 0.9038818365384615 0.2584683653846154 0.9055615240384616 0.26576388942307694 0.8990527355769231 0.27273148076923076 0.8975830072115384 0.27837191346153844 0.8891845697115385 0.28251929086538463 0.88603515625 0.28500771634615385 0.8912841802884616 0.28749614182692307 0.8994726562500001 0.2904822524038461 0.9051416009615385 0.2934683653846154 0.9087109375 0.2974498461538462 0.9055615240384616 0.30922839423076925 0.8896044927884615 0.31768904326923075 0.8711279302884616 0.3210069447115385 0.8614697259615384 0.3173572524038461 0.8499218749999999
0 0.9283487644230769 0.74966796875 0.9277700624999999 0.7319873052884615 0.9257600312500001 0.7145703125 0.9224729927884615 0.6972607427884616 0.9208179014423077 0.6600976562499999 0.9171527788461538 0.6436767572115384 0.9091666658653845 0.6122998052884616 0.9023572524038461 0.5962988293269231 0.8922993822115385 0.5767333990384615 0.8902121923076923 0.573984375 0.8862152788461538 0.5714697259615384 0.8818094134615385 0.5713623052884615 0.8801543221153847 0.5769433581730768 0.8777314807692308 0.584931641826923 0.8753317908653847 0.5884130865384616 0.8727469134615385 0.5948291009615384 0.8695987644230769 0.6032373052884615 0.8698495360576923 0.6089208990384616 0.8677584879807692 0.6103076177884615 0.8627700625 0.6092626947115385 0.8548649687500001 0.61208984375 0.8454706778846154 0.6119873052884615 0.8276543221153846 0.6162792956730769 0.8235763894230769 0.6155468749999999 0.8149266971153846 0.62123046875 0.8074382716346153 0.6232226562500001 0.8041898149038461 0.6238476562499999 0.8004629639423076 0.6275439447115385 0.7927237644230769 0.620390625 0.7903858028846155 0.6245800769230769 0.7834722211538462 0.6431250000000001 0.7753009254807692 0.6483642572115385 0.7680979927884616 0.6518701177884616 0.7663618822115384 0.6575830072115385 0.7707060192307692 0.6706787115384615 0.7750501538461538 0.7034130865384616 0.7849845673076923 0.7238427740384614 0.7963657403846154 0.725673829326923 0.822233795673077 0.7251513677884615 0.834236110576923 0.7403417980769231 0.8603086418269231 0.7584130865384615 0.88576003125 0.7722949230769232 0.9103858028846153 0.7793652331730769 0.9137808653846153 0.779208983173077 0.9208796298076922 0.7645703125 0.9283487644230769 0.74966796875
0 0.9524961418269231 0.297109375 0.9598881177884616 0.29151855528846154 0.9602739206730769 0.28265136778846156 0.9559529326923077 0.2728076177884616 0.9498070985576923 0.26466796875000004 0.9472145072115384 0.25859375 0.9313773149038462 0.2640625 0.9200462956730769 0.27086425721153845 0.9105439807692307 0.27863769471153843 0.9000810192307692 0.28325683653846156 0.8899035504807693 0.28994140625 0.88865740625 0.30318359375 0.8872145072115385 0.31314453124999997 0.8878896610576923 0.3191015625 0.8942245360576924 0.32626953125 0.9018094134615384 0.32736328124999997 0.9164004639423078 0.32080078125 0.92321759375 0.31399413942307697 0.9337770072115384 0.3043994134615385 0.9425115745192307 0.3005078125 0.9524961418269231 0.297109375
0 0.3538541658653846 0.1483203125 0.3592013894230769 0.12911621153846153 0.3624768509615385 0.11252441346153846 0.3576466057692308 0.10030273557692307 0.3447145072115385 0.08480956971153845 0.34333719230769233 0.08236328125 0.34530092548076924 0.07756347596153847 0.3452507716346154 0.07348144471153846 0.3442476850961539 0.07036132692307692 0.3367129639423077 0.06547363221153847 0.3316280865384615 0.06324706971153846 0.3280902788461538 0.06206543028846154 0.32481481490384617 0.06375 0.3219714495192308 0.06385742307692308 0.31815972115384616 0.06217773557692308 0.3150540120192308 0.060605468749999995 0.31329475240384613 0.060693358173076924 0.3106558653846154 0.06405273557692308 0.30645061778846155 0.07391601682692307 0.30312114182692307 0.07878418028846154 0.2986188269230769 0.08334472596153845 0.2957407403846154 0.08797363221153846 0.2895331778846154 0.09851562500000001 0.2809606490384616 0.10705078124999999 0.27756558653846153 0.11514648317307692 0.26973765384615384 0.12104003846153846 0.2613387355769231 0.12368164182692308 0.25149305528846155 0.13210449278846154 0.24400848798076924 0.13736328125 0.23893904326923077 0.14157714903846152 0.2386766971153846 0.14493652403846152 0.24143904326923077 0.15355956971153845 0.24641975240384614 0.16115234375 0.25014660576923076 0.16333496153846155 0.2567168221153846 0.16039062499999998 0.2606983028846154 0.16492675721153846 0.2660956778846154 0.17376953125 0.28134259375 0.18871581971153845 0.2843248461538461 0.19125 0.2879282403846154 0.18657714903846154 0.2901195985576923 0.18657714903846154 0.29481095673076924 0.19101074278846156 0.29900077163461536 0.19528808653846155 0.3040856490384615 0.19818847596153846 0.3129668221153846 0.19818847596153846 0.3286766971153846 0.19087890625 0.3369560192307692 0.18563964903846156 0.34747299278846155 0.18673339903846153 0.3505787043269231 0.16927246153846154 0.3538541658653846 0.1483203125
0 0 0.9660839855769231 0.0008719134615384615 0.9755126947115385 0.006890432692307693 0.9734033197115385 0.021165122596153847 0.978115235576923 0.028406634615384615 0.9857324206730769 0.04082947596153846 0.9943701177884615 0.06109567788461538 0.9967089855769231 0.06854552403846154 0.9988183605769231 0.07134644951923076 0.9938037115384616 0.07879629567307693 0.9787207019230769 0.10025077163461539 0.9677832019230769 0.11723379567307692 0.9640087884615384 0.13392361057692306 0.9583544927884616 0.14196759374999998 0.9553369134615385 0.1500424375 0.9450048822115384 0.16142746875000002 0.9380273437500001 0.17268904326923076 0.9104589831730769 0.18130015384615383 0.8980859375 0.19107638942307695 0.8753466802884616 0.19375771634615385 0.8578857427884615 0.2013271610576923 0.8388769519230769 0.21151620432692309 0.8190380865384616 0.21822144951923078 0.8015771490384616 0.21875771634615385 0.7852099615384615 0.2089853389423077 0.7692919927884615 0.19116512259615387 0.7633740240384616 0.17596836538461538 0.7561718749999999 0.1623495360576923 0.750703125 0.1480478389423077 0.7483251947115386 0.1439621923076923 0.7505859374999999 0.13159722115384614 0.7460253918269231 0.11672839423076924 0.7390869134615384 0.1029629639423077 0.7368212884615384 0.09565972115384615 0.7372021490384615 0.07432484615384616 0.7560205072115385 0.05638503125 0.7692919927884615 0.03466435096153846 0.7965625000000001 0.014490740384615385 0.8343115240384615 0.00396990625 0.8467578125 0 0.8563769543269231 0 0.9660839855769231
0 0.38721450721153844 0.5245214855769231 0.3761535504807692 0.5119580072115385 0.3551697524038462 0.5130371105769231 0.3407060192307692 0.5159082019230768 0.3358873461538462 0.5166259759615385 0.33021605048076924 0.5169824206730769 0.32680941346153847 0.5209326177884616 0.3234066346153846 0.5284667956730769 0.3205709879807692 0.5338525384615385 0.3137654326923077 0.5439013677884615 0.31008101923076925 0.54892578125 0.31234953605769233 0.5568212884615384 0.31858796394230765 0.563642576923077 0.32766203605769234 0.5808691394230769 0.3923186730769231 0.5952246105769231 0.39402006250000005 0.5672314447115384 0.3911844134615385 0.5456982427884616 0.38721450721153844 0.5245214855769231
0 0 0.38164550721153845 0.004957562499999999 0.39020996153846155 0.01685185096153846 0.3846044927884616 0.02854552403846154 0.3761474615384615 0.04314429086538462 0.3673291009615385 0.07051697596153847 0.3553613269230769 0.08395061778846154 0.34402343750000003 0.10037422836538462 0.32302734375000003 0.10352623557692307 0.312109375 0.09730709855769232 0.29251953125 0.0889120360576923 0.27625 0.08592592548076923 0.27020507692307694 0.07857638942307693 0.27018066346153846 0.06303240625 0.27513671875 0.05024305528846154 0.27689941346153846 0.035381944711538466 0.28578125 0.024216822115384617 0.2951269519230769 0.015922067307692307 0.29860839903846154 0.0011728389423076922 0.3010888677884615 0 0.30766113221153846 0 0.38164550721153845
0 0.56142746875 1 0.5592708341346154 0.9894970697115385 0.5479899687500001 0.973125 0.5318981490384616 0.9613671874999999 0.5002160504807692 0.943310548076923 0.4743364206730769 0.9300830072115385 0.4434799375 0.9179052740384616 0.4258989206730769 0.9122363293269231 0.40665509375000003 0.9082470697115385 0.3905632716346154 0.90478515625 0.3825848774038461 0.901025389423077 0.37203317788461543 0.9008984375 0.3584953701923077 0.90369140625 0.3418904326923077 0.9055175769230769 0.3363194447115384 0.9085644519230769 0.33122299278846157 0.9196044927884616 0.3333487644230769 0.9371142572115385 0.3357368822115384 0.9518115240384616 0.3398996923076923 0.9743408197115385 0.33908950721153847 0.98466796875 0.33743055528846155 0.9921435552884615 0.3347569447115385 0.994580079326923 0.3328356490384615 1 0.56142746875 1
0 0.72419753125 0.55287109375 0.7134182091346154 0.5466699206730768 0.7063657403846153 0.5457568365384615 0.7032445985576923 0.5452978509615385 0.6987114206730769 0.5339697259615385 0.6901388894230769 0.52796875 0.6856558653846154 0.52111328125 0.6786535504807693 0.5167041009615384 0.6706867283653846 0.5120800793269231 0.6676003076923076 0.5077587884615384 0.6649459879807692 0.5031298822115384 0.6584452163461538 0.49658203125 0.6507716057692308 0.48937988221153844 0.6438734567307692 0.4853417956730769 0.6377006177884615 0.4810449230769231 0.6293171298076923 0.4773779302884616 0.6230246923076923 0.47373046875 0.6161419759615385 0.46879882932692307 0.610451389423077 0.4624902355769231 0.60326003125 0.4537597644230769 0.5972762355769231 0.44895996153846157 0.5890856490384615 0.44265136778846154 0.5838117283653846 0.44012206971153844 0.5745138894230769 0.4372167956730769 0.5697376538461538 0.4384863293269231 0.5597530865384616 0.44682128846153846 0.5553549375 0.45099121153846156 0.5487692908653846 0.45415527403846156 0.53540509375 0.46462890625000003 0.5268016971153846 0.4713525384615384 0.5227121923076923 0.47626464903846155 0.5166087956730769 0.48047363221153844 0.5121759254807693 0.4875048822115385 0.5082947524038461 0.49099609375000003 0.50205246875 0.49658203125 0.4999498461538462 0.5016259759615385 0.4981558653846154 0.5071875 0.49515432211538457 0.5081933581730769 0.4910686730769231 0.5088281250000001 0.48758487740384615 0.5108349615384615 0.48498070913461533 0.5133642572115384 0.48179012259615384 0.5153955072115385 0.48139660576923077 0.52056640625 0.4782908942307692 0.5238623052884616 0.46533950721153844 0.5450146490384615 0.4607368822115384 0.5579785168269231 0.4463541658653846 0.571748048076923 0.4408526225961538 0.581328125 0.42955632692307694 0.59470703125 0.41591820913461536 0.6181689447115384 0.4094328701923077 0.62869140625 0.40434799278846156 0.6438574206730769 0.39820601923076926 0.6598583990384616 0.38846450721153847 0.67015625 0.3846373461538462 0.6785839831730769 0.3802044759615385 0.6903027331730769 0.37787808653846156 0.6998828125000001 0.37972222115384613 0.71251953125 0.3840316346153846 0.7277734375 0.3843942908653846 0.7438378918269231 0.3802044759615385 0.75490234375 0.3779282403846154 0.76716796875 0.3836342596153846 0.7811181634615385 0.38392746875 0.7902197259615384 0.3835686730769231 0.7996435552884615 0.38327546394230766 0.80822265625 0.38317129567307695 0.8208593750000001 0.3845679014423077 0.8257910168269231 0.4092438269230769 0.8487939447115385 0.42248842548076926 0.8676513677884615 0.43241898076923074 0.8896533197115384 0.4431828701923077 0.8828417956730769 0.4531134254807692 0.8755078125 0.44682098798076925 0.8876220697115385 0.44202546394230774 0.8981005865384616 0.43673225240384617 0.905673826923077 0.43254243750000004 0.9135058605769231 0.4529089495192308 0.9203369134615385 0.46866898076923075 0.9269091802884616 0.48753472115384616 0.9348535168269231 0.5076929014423077 0.94572265625 0.5221604927884615 0.9550634759615384 0.5436805552884615 0.9677197259615385 0.5566165120192308 0.9816894519230769 0.5617013894230769 0.990703125 0.5719097211538462 0.9879736322115384 0.5878626538461538 0.9794189447115385 0.6088310192307692 0.9588818365384615 0.6121412043269231 0.9559570312500001 0.608433641826923 0.9378222668269232 0.6075887355769231 0.9304003894230769 0.6126273149038461 0.9226757812499999 0.6165740745192309 0.9209912115384615 0.6283371923076922 0.9136816418269231 0.6344907403846154 0.9147314447115384 0.6421489206730769 0.9116943365384615 0.64771990625 0.9151660168269231 0.65611496875 0.9090527331730769 0.6696720673076922 0.9093603509615384 0.6800694447115384 0.8988427740384615 0.6874652788461538 0.8916796875 0.6917245360576924 0.8920751947115384 0.6962770072115384 0.895107423076923 0.7016589495192308 0.89966796875 0.7094521610576923 0.8966357427884616 0.7201118822115385 0.8867724615384615 0.7290933653846154 0.875859375 0.7455285504807693 0.8636376947115385 0.7581520072115384 0.8531591802884615 0.7666358028846154 0.8353515625000001 0.7749151225961538 0.8274951177884616 0.7811226850961539 0.8193750000000001 0.7821566346153846 0.7950195312499999 0.78084490625 0.7767285144230769 0.7797067908653846 0.7546435552884615 0.7805015432692308 0.7365722644230769 0.7832947524038462 0.7255908197115384 0.77544753125 0.7063671874999999 0.7726890432692308 0.6858496081730769 0.7672916658653846 0.6634130865384615 0.7631520072115384 0.6488134759615385 0.7626543221153846 0.6282763677884616 0.7602391971153846 0.61048828125 0.7543055552884615 0.5981787115384616 0.7484104927884616 0.5970214855769231 0.7416666658653847 0.5932470697115385 0.736871141826923 0.58689453125 0.7348032403846154 0.569873045673077 0.7336651225961539 0.5616650384615385 0.72959490625 0.5562109375 0.72419753125 0.55287109375
0 0.4147453701923077 0 0.40994984615384616 0.00447265625 0.40634644951923077 0.012216795673076923 0.4031211418269231 0.019790038461538463 0.3989313269230769 0.03009277403846154 0.3962924375 0.06782714903846153 0.4068827163461538 0.0776953125 0.4061728389423077 0.08969726442307692 0.4093287043269231 0.09532714903846154 0.415798610576923 0.09915039182692308 0.42110725240384617 0.10715820432692308 0.4275231490384615 0.12224121153846154 0.44235339423076925 0.11896484375000001 0.4564930552884615 0.11351074278846154 0.47649691346153844 0.09866699278846153 0.48977623557692307 0.08055175721153847 0.49598379567307693 0.07182128846153847 0.49701774759615386 0.04345214903846154 0.48736111057692305 0.03013671875 0.47339506249999996 0.018789062500000002 0.45913194471153845 0.0032714855769230768 0.4480285504807692 0 0.4147453701923077 0