0 0.59834490625 0.4845263677884616 0.6138541658653847 0.47611328125 0.6209413581730769 0.468828125 0.62138503125 0.4609765625 0.6027739206730769 0.44134765625 0.5939158942307692 0.43630371153846154 0.5788503076923077 0.4402246105769231 0.5615702163461539 0.4503222644230769 0.5473919759615384 0.45873046875 0.5332137355769231 0.46770507932692307 0.5230246923076923 0.47555664182692303 0.5181481490384615 0.4811621081730769 0.5239081778846153 0.4951806634615385 0.5278973774038461 0.502470701923077 0.5376427475961538 0.5108837884615385 0.5491628076923077 0.506396483173077 0.5739776225961538 0.4991064447115384 0.5890393509615385 0.4929394543269231 0.59834490625 0.4845263677884616
0 0.03987654326923077 0.6878124999999999 0.05450617307692308 0.7109619134615385 0.06548225240384616 0.7078759759615385 0.08986882692307693 0.693984375 0.08986882692307693 0.6723828125 0.09962191346153845 0.6523193365384615 0.12400848798076923 0.6276269543269231 0.14351851923076925 0.6121972644230769 0.15327160576923077 0.5890478509615384 0.12888503125 0.55509765625 0.07523533894230769 0.5396630865384615 0.028900463942307695 0.5396630865384615 0.0032947524038461538 0.55818359375 0.0032947524038461538 0.6183691394230769 0.026462192307692308 0.6415185552884615 0.03987654326923077 0.6878124999999999
0 0.50736496875 0.26173339903846154 0.48907407451923074 0.2848828125 0.4902932091346154 0.2972265625 0.5049266971153846 0.30802734375 0.5146797836538461 0.33117675721153844 0.5256558653846154 0.3620410144230769 0.5439467596153846 0.35895507692307693 0.562233795673077 0.3620410144230769 0.5854012355769231 0.3604980456730769 0.6061304014423077 0.34661132932692307 0.6268595673076922 0.32500488221153845 0.6488078701923077 0.29876953125 0.6561226850961539 0.26636230528846155 0.6561226850961539 0.21389160096153845 0.6402739206730769 0.19537597596153844 0.6158873461538461 0.18611816346153848 0.59271990625 0.18611816346153848 0.5671141971153847 0.19846191346153846 0.54638503125 0.2216113293269231 0.5293132716346154 0.24784668028846155 0.50736496875 0.26173339903846154
0 0.43298611057692304 0.40525390624999996 0.44761959855769234 0.40062011778846157 0.46468750000000003 0.3929052740384616 0.4793209879807692 0.3712988269230769 0.4768827163461538 0.35278320192307694 0.47200617307692305 0.32500488221153845 0.4561535504807692 0.3265478509615385 0.4464004639423077 0.3419824230769231 0.43176697596153846 0.3481542980769231 0.4159143509615385 0.35895507692307693 0.40981867307692305 0.3728417980769231 0.4073804014423077 0.3944482427884616 0.42201388942307694 0.3898193365384615 0.43298611057692304 0.40525390624999996
0 0.8451195985576923 0.6212988269230769 0.8609683653846154 0.6212988269230769 0.8804783942307692 0.6398193365384616 0.88169753125 0.6598828125 0.8999884254807693 0.6753125 0.90486496875 0.6969189447115384 0.9243750000000001 0.7046337884615385 0.9658333341346155 0.7092626947115386 0.9987538581730769 0.7046337884615385 0.9975347211538461 0.6521630865384616 0.9950964495192308 0.6367333990384616 0.9768055552884616 0.6166699230769231 0.9572955240384615 0.5981542980769231 0.9292515432692308 0.5827197259615384 0.9097415120192308 0.5750048822115384 0.8902353389423077 0.5611181634615384 0.8597492283653847 0.54876953125 0.8475578701923077 0.5626611322115385 0.8451195985576923 0.5873486322115384 0.8451195985576923 0.6212988269230769
0 0.915933641826923 0.5546875 0.9305169759615384 0.58271484375 0.9780246923076923 0.61451171875 1 0.6453759759615385 0.9999729927884615 0.42778320432692307 0.9755864206730769 0.4108056634615384 0.9524189807692308 0.4108056634615384 0.9316898149038462 0.41852538942307693 0.90486496875 0.4416699230769231 0.9110339495192308 0.47124023557692307 0.9243750000000001 0.5188330072115385 0.915933641826923 0.5546875
0 0.020852622596153843 0.5342626947115384 0.034266975961538465 0.5342626947115384 0.06840663461538461 0.5373486322115385 0.09767361057692307 0.5496972644230769 0.12083719230769231 0.5419824206730769 0.12815586538461538 0.5327197259615384 0.13668981490384616 0.5111181634615385 0.129375 0.49105468750000003 0.10498842548076923 0.47871093750000004 0.09889274759615385 0.4493896490384615 0.08182098798076923 0.4586474615384616 0.051338735576923075 0.47253418028846156 0.02573302403846154 0.49105468750000003 0.013537807692307693 0.49105468750000003 0.0013464495192307693 0.5095703125 0.0037847211538461537 0.5296337884615384 0.020852622596153843 0.5342626947115384
0 0.08904320913461539 0.3533544927884616 0.0886766971153846 0.3444775384615385 0.08572144951923076 0.3356005865384616 0.0768595673076923 0.32952148557692307 0.07021219230769231 0.32204589903846154 0.06504629567307693 0.3262548822115384 0.05766203605769231 0.3304589831730769 0.05433642067307692 0.33887206971153844 0.05544367307692308 0.351953125 0.05692129567307692 0.3603662115384615 0.05987654326923077 0.3683105456730769 0.06319830288461538 0.37671875 0.0742746923076923 0.3870019543269231 0.09458333413461538 0.37064453125 0.09310570913461538 0.3673730480769231 0.08904320913461539 0.3533544927884616
0 0.15987654326923076 0.3779296875 0.14344135817307693 0.3592285168269231 0.13236882692307692 0.33916015624999996 0.12033179086538462 0.34565429567307693 0.10787037019230769 0.36259765624999996 0.07951388942307692 0.3814941394230769 0.06763117307692308 0.39838867067307693 0.08381172836538461 0.41765625 0.10111882692307693 0.43515625 0.13159722115384614 0.43515625 0.14282407451923076 0.41235351442307694 0.15810185096153845 0.38940429807692306 0.15987654326923076 0.3779296875
0 0.34641589423076924 0.7503124999999999 0.37567901201923076 0.7410546875 0.37324074038461535 0.7194482427884614 0.35616898076923076 0.6962988269230769 0.3403163581730769 0.6880859374999999 0.3203317908653846 0.690087889423077 0.30008101923076924 0.7024755865384615 0.2817901225961539 0.7256201177884616 0.2891049375 0.73951171875 0.30373842548076924 0.756484375 0.34641589423076924 0.7503124999999999
0 0.6944212956730769 0.27003906250000004 0.686203704326923 0.2761621105769231 0.6849922836538462 0.28166992307692307 0.6806404326923077 0.2899316394230769 0.6811226850961538 0.3006396490384616 0.6898302475961539 0.3018652355769231 0.6975655865384615 0.2988037115384615 0.7113464495192308 0.2795263677884615 0.70603009375 0.27126464903846154 0.6994984567307692 0.26789550721153843 0.6944212956730769 0.27003906250000004
0 0.8640123461538463 0.4049609375 0.8765856490384615 0.4064892572115385 0.8896412043269231 0.4070996105769231 0.8915740745192308 0.40098144471153846 0.8901234567307692 0.3884375 0.8920601850961538 0.3706884759615384 0.890848764423077 0.3621191394230769 0.8860146610576923 0.36028320432692307 0.8811766971153846 0.36028320432692307 0.8768248461538461 0.36150878846153844 0.8676388894230769 0.36150878846153844 0.8569984567307691 0.36762695192307693 0.85240740625 0.3722167956730769 0.8586921298076924 0.38078613221153845 0.8591743822115384 0.3890478509615385 0.8560339495192307 0.3997558605769231 0.8557908942307692 0.4028173822115385 0.8640123461538463 0.4049609375
0 0.03707561778846154 1 0.06294753125 0.9960009759615385 0.08821373557692308 0.9891455072115385 0.10626543269230769 0.9655419927884614 0.10325617307692309 0.94650390625 0.09904706730769232 0.917568360576923 0.08881558653846154 0.8794970697115385 0.07257330288461539 0.8635058581730769 0.049710649038461535 0.8695996105769231 0.005189043269230769 0.8848242187500001 0 1 0.005790894230769231 1 0.03707561778846154 1
0 0.4342052475961538 0.5888916009615385 0.43176697596153846 0.6120410144230769 0.4488387355769231 0.6367333990384616 0.47200617307692305 0.6459912115384616 0.4927353389423077 0.66296875 0.5061458341346154 0.6660546875000001 0.5195601850961539 0.6429052740384615 0.5341898149038461 0.6243896490384616 0.5585763894230769 0.6475341802884615 0.562233795673077 0.6243896490384616 0.5634529326923077 0.599697266826923 0.5497685192307692 0.554638673076923 0.5488233028846154 0.53333984375 0.5390663581730769 0.5132763677884615 0.5195601850961539 0.5024755865384616 0.5012692908653846 0.4947558581730769 0.47566357932692305 0.5148193365384615 0.4573302475961538 0.5416015625 0.44787808653846156 0.552734375 0.4305169759615385 0.571484375 0.4342052475961538 0.5888916009615385
0 0.7070679014423077 0.3782128918269231 0.7032947524038462 0.3708691418269231 0.7021373461538462 0.36462890625 0.6998148149038462 0.3660986322115385 0.6925617283653847 0.3767480480769231 0.6876273149038461 0.3815185552884615 0.6861766971153845 0.3929052740384616 0.7001041658653846 0.4097949206730769 0.7128703701923077 0.4042871081730769 0.7151929014423076 0.38445800721153844 0.7070679014423077 0.3782128918269231
0 0.054548610576923076 0.11808105528846154 0.04584105048076924 0.12865722596153845 0.04236111057692308 0.13834960817307693 0.04688657451923077 0.14672363221153845 0.05385030769230769 0.152890625 0.06359953605769231 0.15509765625 0.07996527884615384 0.14672363221153845 0.08135802403846154 0.13923339903846152 0.07578703605769231 0.12248535096153847 0.062206790865384616 0.10794433653846153 0.058726850961538464 0.10926757692307693 0.054548610576923076 0.11808105528846154
0 0.3953086418269231 0.4951318365384615 0.3819405865384615 0.5051806634615384 0.37274691346153843 0.51099609375 0.36271990625 0.5300341802884615 0.3602160504807692 0.5506542980769231 0.36982253125 0.5495996081730768 0.3840200625 0.5626123052884615 0.39363811778846153 0.5622900384615385 0.40701003124999996 0.5416650384615385 0.41494598798076926 0.51787109375 0.4095138894230769 0.5025341802884615 0.4011612644230769 0.49724609375 0.3953086418269231 0.4951318365384615
0 0.9807908942307692 0.9963769543269231 0.9958333341346154 0.9792480480769231 0.9963348774038461 0.9443457019230769 0.9938271610576923 0.91642578125 0.9898148149038462 0.8859667956730769 0.9853047836538462 0.8802587884615385 0.9672530865384614 0.8916796875 0.9557214495192308 0.9088134759615384 0.9411844134615385 0.9259472644230768 0.9231327163461539 0.941171875 0.9176195985576924 0.9373681634615385 0.9211265432692308 0.9494238269230769 0.9241358028846154 0.9608447259615385 0.970763889423077 0.9881298822115384 0.9807908942307692 0.9963769543269231
0 0.10666666586538462 0.8452490240384616 0.11189043269230768 0.8346728509615384 0.11606867307692308 0.8245410168269232 0.11189043269230768 0.814404298076923 0.10318672836538462 0.8007421874999999 0.09169753124999999 0.78884765625 0.07115355048076923 0.78884765625 0.055486110576923084 0.7901708990384615 0.04782793269230769 0.7923730456730769 0.033900463942307696 0.8047119134615385 0.02380401201923077 0.8064746105769232 0.021365740384615382 0.8267431634615385 0.027283949519230768 0.8359960937500001 0.04712962980769231 0.8597900384615385 0.07011188221153847 0.860234375 0.09413580288461539 0.8553857427884615 0.10666666586538462 0.8452490240384616
0 0.7222993822115384 0.57970703125 0.7133256177884615 0.5694824206730769 0.7043479927884615 0.56494140625 0.6819058653846154 0.568916016826923 0.6626080240384616 0.5893652355769231 0.6617091057692307 0.596748048076923 0.6648533942307692 0.6069726562500001 0.6688927475961539 0.6189013677884615 0.67607253125 0.6285595697115384 0.6814583341346154 0.637646485576923 0.6881905865384615 0.643896485576923 0.693576389423077 0.6490087884615385 0.6989621923076924 0.6507128918269232 0.725891204326923 0.6427587884615384 0.74384259375 0.6359423822115384 0.7433950625 0.6268554687500001 0.7317129639423077 0.602978516826923 0.7222993822115384 0.57970703125
0 0.1356057091346154 0.10733398317307692 0.13077160576923078 0.10702636778846154 0.12496913461538463 0.10825195192307692 0.12013117307692307 0.11192382932692307 0.11940586538461538 0.11804199278846153 0.11360339423076923 0.12416503846153847 0.10755787019230768 0.1275292980769231 0.1063503076923077 0.13120117067307693 0.10949459855769231 0.14252441346153846 0.11384644951923077 0.14803222596153848 0.1220679014423077 0.15078613221153844 0.12593364182692307 0.14650390625 0.1336728389423077 0.1394628894230769 0.13536651201923078 0.12967285096153847 0.14044367307692307 0.12110351682692308 0.14407021634615386 0.11375976442307692 0.14092592548076924 0.11100586057692308 0.1356057091346154 0.10733398317307692
0 0.34604938221153847 0.862705076923077 0.31626929086538463 0.8426806634615385 0.27625 0.83796875 0.24739969230769232 0.8285449230769231 0.22413194471153847 0.81912109375 0.21110339423076924 0.8226562500000001 0.1915586418269231 0.84974609375 0.17015432211538462 0.88037109375 0.15619598798076922 0.9027490240384615 0.14875 0.9145263677884615 0.14875 0.9310205072115385 0.16084876442307694 0.9475097644230769 0.16829475240384614 0.9569335937500001 0.17201774759615385 0.9769531250000001 0.1831828701923077 0.9875537115384615 0.1999382716346154 1 0.21017361057692308 0.9981542980769231 0.3441859567307692 0.99580078125 0.3646604927884616 0.9392626947115384 0.3721064807692308 0.91099609375 0.3646604927884616 0.8886181634615385 0.34604938221153847 0.862705076923077
0 0.39274691346153845 0.7679052740384615 0.40981867307692305 0.7787109375000001 0.4245370360576923 0.7623046874999999 0.44594907451923077 0.7666992187499999 0.4902932091346154 0.7509326177884615 0.5110223774038462 0.720068360576923 0.49517361057692305 0.6953759759615384 0.47444444471153846 0.67068359375 0.4561535504807692 0.6567968750000001 0.44152006250000003 0.6429052740384615 0.42567129567307693 0.6367333990384616 0.4146952163461538 0.6459912115384616 0.39884644951923076 0.6722265625 0.37874228365384616 0.693701173076923 0.36786265384615385 0.7124999999999999 0.3768518509615385 0.745166014423077 0.39274691346153845 0.7679052740384615
0 0.19182098798076924 0.1653515625 0.19423996875 0.15708984374999999 0.1884375 0.148828125 0.18311728365384614 0.1378125 0.17393132692307692 0.126796875 0.1700617283653846 0.12220703125 0.16256558653846154 0.12128906249999999 0.15990740625 0.12220703125 0.14926697596153846 0.12435058653846154 0.14781635817307692 0.12526855528846154 0.14322144951923077 0.13322265625000002 0.15579475240384613 0.15341796875 0.17126929086538462 0.16963867307692307 0.1828742283653846 0.16626953125000002 0.19182098798076924 0.1653515625
0 0.21257330288461537 0.13120605528846155 0.20874614182692308 0.12483398317307692 0.19988040144230768 0.10800293028846154 0.19484567788461538 0.09933105528846155 0.18497299278846152 0.08708984374999999 0.17248070913461538 0.08352050721153846 0.1644174375 0.08785644471153847 0.16159722115384617 0.09576171875 0.16361496875 0.10723632692307693 0.1686496923076923 0.11437499999999999 0.17650848798076924 0.12661621153846153 0.1859799375 0.14268554807692307 0.19423996875 0.15721679567307692 0.21358410576923076 0.16359375 0.22143904326923075 0.15951171875 0.22244984615384616 0.15059081971153845 0.22083719230769233 0.14344726442307693 0.21257330288461537 0.13120605528846155
0 0.11408564903846154 0.0695703125 0.1044174375 0.06702148317307692 0.09675925961538462 0.06804199278846154 0.08950617307692309 0.07135742067307692 0.08829861057692308 0.08002929807692308 0.09192515384615385 0.09022949278846154 0.09776620432692308 0.09532714903846154 0.1265779326923077 0.09125 0.12013117307692307 0.07365234375 0.11851851923076924 0.07161132692307692 0.11408564903846154 0.0695703125
0 0.2530555552884616 0.3657080072115385 0.2630825625 0.3809375 0.27160493750000003 0.38601074278846154 0.28313657451923074 0.37839843749999996 0.2811304014423077 0.3650732427884616 0.26959876442307695 0.34857421875 0.26057484615384613 0.33207519471153846 0.24753857932692308 0.32573242307692307 0.2345061730769231 0.3092333990384616 0.22547839423076924 0.3117724615384615 0.21896219230769232 0.31938476682692307 0.21344907451923076 0.32953613221153844 0.21996527884615386 0.34349609375 0.23650848798076923 0.3618994134615384 0.24001929086538462 0.3650732427884616 0.2530555552884616 0.3657080072115385
0 0.9662615745192308 0.3281494134615385 0.9710995360576924 0.31667480528846154 0.9719058653846153 0.3046923822115385 0.9632407403846154 0.2985693365384615 0.9541743822115384 0.2929589831730769 0.9440972211538461 0.2916845697115385 0.9316049375000001 0.2955078125 0.9229552475961539 0.31259765625 0.9279783942307692 0.31718749999999996 0.9398688269230769 0.31846191346153846 0.9483294759615385 0.32509277403846154 0.9569945985576923 0.33273925721153846 0.9662615745192308 0.3281494134615385
0 0.3686882716346154 0.6795556634615385 0.37725308653846157 0.67615234375 0.38212191346153845 0.6685009759615385 0.4002546298076923 0.6583007812499999 0.4056288581730769 0.6491650384615385 0.40445216105769227 0.6391748052884616 0.38967592548076924 0.6228125 0.3829591057692308 0.6119775384615385 0.3777546298076923 0.6062402331730768 0.37120756250000003 0.6115527331730769 0.3629783942307692 0.6209033197115384 0.3607947524038462 0.6270654302884615 0.35458333413461535 0.6291894543269231 0.34920910576923075 0.641513670673077 0.35307098798076925 0.6512890625 0.3572723774038461 0.6578759759615385 0.3638194447115385 0.6710546875 0.3686882716346154 0.6795556634615385
0 0.27330246874999997 0.24344726442307693 0.28055555528846154 0.25299316346153844 0.2915817908653846 0.2585009759615385 0.31479552403846156 0.2599707019230769 0.32030864182692304 0.25520019471153843 0.3223379639423077 0.23353515625000001 0.31479552403846156 0.22875976442307694 0.30667052403846157 0.22398437499999999 0.30521990625 0.21407226682692307 0.29506558653846154 0.209296875 0.27794753125 0.205625 0.2701118822115384 0.21994628846153846 0.2704012355769231 0.23206543028846155 0.27330246874999997 0.24344726442307693
0 0.8718209879807692 0.22021972596153847 0.8662615745192308 0.21410156249999998 0.8616666658653845 0.20645019471153844 0.8565895072115384 0.20094238221153848 0.8529629639423076 0.20461425721153845 0.8478858028846153 0.21073730528846155 0.8430478389423077 0.22052734375 0.8399035504807693 0.22970703125 0.8488503076923077 0.2398046875 0.8556211418269231 0.24500976442307693 0.8677121923076924 0.24623046875000001 0.8773804014423077 0.24072265625 0.8848765432692307 0.23185058653846152 0.888746141826923 0.2324609375 0.8790740745192308 0.22480956971153845 0.8718209879807692 0.22021972596153847
0 0.9356674375 0.9246777331730769 0.96173996875 0.9107177740384615 0.9637422836538462 0.89041015625 0.9632445985576923 0.8802587884615385 0.9471990745192307 0.8777197259615386 0.9266435192307692 0.86693359375 0.9020756177884616 0.8593164062499999 0.8885378076923077 0.8548779302884615 0.8714930552884615 0.859951173076923 0.8699884254807693 0.8726416009615385 0.8704899687500001 0.8777197259615386 0.8800154326923076 0.8916796875 0.9065895072115384 0.9227734375 0.9231327163461539 0.941171875 0.9356674375 0.9246777331730769
0 0.56763503125 0.3736181634615384 0.5582754639423076 0.36105468749999997 0.5440972211538462 0.3567480456730769 0.5219791658653846 0.3664355456730769 0.51205246875 0.3729003918269231 0.49986111057692306 0.3664355456730769 0.48539737740384614 0.37145996153846156 0.47773919711538465 0.3761279302884616 0.46838348798076923 0.39263671875 0.47065200721153844 0.4062744134615385 0.48936728365384613 0.41632324278846156 0.49787422836538464 0.42529785096153844 0.5075154326923077 0.43929687500000003 0.5219791658653846 0.4432421875 0.5290663581730769 0.44001464903846155 0.53615740625 0.4335546875 0.5460841057692307 0.4267333990384615 0.5630979927884615 0.4148876947115384 0.5670679014423077 0.3904833990384615 0.56763503125 0.3736181634615384
0 0.30227237740384616 0.2214160144230769 0.3092361105769231 0.22494140625 0.31480709855769234 0.21745117307692308 0.3196797836538462 0.21127929567307693 0.3193325625 0.20202636778846153 0.31376157451923076 0.18968749999999998 0.30471064903846157 0.17690918028846153 0.3033179014423077 0.1641308581730769 0.29983410576923075 0.16016601682692308 0.29530864182692307 0.15795898557692306 0.2848611105769231 0.15795898557692306 0.2709375 0.1610449206730769 0.2632754639423077 0.16985839903846156 0.2584027788461538 0.18131347596153846 0.2584027788461538 0.18439941346153846 0.27163194471153845 0.1971777331730769 0.27615740624999996 0.20466796874999998 0.2859066346153846 0.20907714903846156 0.30227237740384616 0.2214160144230769
0 0.8206095673076923 0.5429736322115384 0.8068248461538462 0.5285205072115384 0.79638503125 0.52353515625 0.78201003125 0.5250292956730769 0.7658603389423077 0.5352490240384615 0.7536535504807692 0.5474609375 0.747546295673077 0.5551855480769231 0.7499112644230769 0.574130858173077 0.7569984567307693 0.5970605456730769 0.7617283942307692 0.6092724615384616 0.770983795673077 0.6137597644230769 0.7778742283653847 0.6035400384615385 0.7883101850961538 0.5883349615384615 0.7904783942307693 0.58484375 0.7961882716346154 0.5960595697115385 0.8052469134615384 0.61525390625 0.8070216057692308 0.621982420673077 0.8123379639423077 0.623974610576923 0.818441358173077 0.6140087884615385 0.822183641826923 0.591328125 0.8249421298076923 0.5611669927884615 0.8206095673076923 0.5429736322115384
0 0.5411419759615385 0.6865332019230769 0.5516705240384615 0.6763769543269231 0.5591898149038461 0.6789160144230769 0.5637037043269231 0.6757421874999999 0.5637037043269231 0.6649560552884615 0.5637037043269231 0.6598828125 0.5571836418269231 0.6490917956730768 0.5496643509615384 0.6408447259615385 0.5371296298076923 0.6268847668269231 0.5276041658653846 0.6300585937500001 0.5090547836538462 0.6541699206730769 0.5185802475961538 0.6725732427884614 0.5301118822115385 0.6865332019230769 0.5411419759615385 0.6865332019230769
0 0.5642283942307692 0.6045312500000001 0.5686574062499999 0.6118212884615384 0.5726466057692308 0.6095751947115384 0.5779629639423077 0.6028466802884616 0.5859375 0.5994824230769231 0.6147376538461539 0.586025391826923 0.6240432091346153 0.586025391826923 0.6399922836538461 0.5815380865384616 0.6479668221153846 0.5776123052884615 0.6461959879807692 0.5697607427884616 0.6417669759615384 0.5591064447115385 0.6275887355769231 0.5484521490384615 0.6169521610576923 0.5406005865384615 0.6054359567307692 0.5361181634615385 0.5930285504807692 0.5361181634615385 0.5761921298076923 0.539482420673077 0.5624575625 0.5467724615384616 0.5500501538461539 0.5574267572115384 0.5553665120192307 0.5720068365384615 0.5589120360576924 0.5871435552884615 0.5642283942307692 0.6045312500000001
0 1 0.36716796874999996 0.9969521610576924 0.3550048822115385 0.9844174375 0.34020019471153845 0.9722993822115384 0.33385253846153845 0.9622723774038462 0.33437988221153847 0.9380401225961539 0.35130371153846157 0.9376234567307692 0.3618798822115385 0.9476504639423078 0.3825 0.9589313269230769 0.3988916009615385 0.9844174375 0.40471191346153845 0.9915200625 0.3978369134615385 1 0.3851464831730769 1 0.36716796874999996
0 0.8112229927884615 0.6964697259615384 0.8066898149038462 0.6956201177884616 0.8021566346153846 0.69880859375 0.7989660504807692 0.6998681634615385 0.7959452163461538 0.703271483173077 0.7922492283653846 0.70412109375 0.7902353389423078 0.7068798822115384 0.7888927475961538 0.7107080072115385 0.7885570985576924 0.7179345697115385 0.7882214495192308 0.7249462884615384 0.79040509375 0.72876953125 0.7930902788461538 0.7296191418269231 0.7999729927884616 0.7279199206730769 0.8118942908653846 0.71814453125 0.8204591057692308 0.7051806634615385 0.8184452163461539 0.699658204326923 0.8169328701923076 0.69880859375 0.8112229927884615 0.6964697259615384
0 1 0.2918261706730769 0.9927121923076924 0.26643066346153843 0.9830439807692308 0.24470214903846152 0.9738541658653846 0.22726074278846153 0.9588657403846154 0.22267089903846154 0.9465316346153846 0.22603515625 0.9431481490384616 0.23491211057692307 0.9470177475961539 0.24929199278846154 0.9496759254807692 0.27377441346153847 0.9559645072115385 0.28937988221153843 0.9653935192307692 0.3000878918269231 0.9825578701923077 0.30162109375 1 0.30223144471153846 1 0.2918261706730769
0 0.30292052403846154 0.646337891826923 0.29418981490384616 0.6569628894230769 0.2940200625 0.6671630865384616 0.30006558653846155 0.6748144519230769 0.3059413581730769 0.68798828125 0.3131597211538461 0.6903271490384615 0.32172453605769236 0.68798828125 0.3455671298076923 0.666103516826923 0.34825231490384617 0.6535644519230769 0.3448958341346154 0.6444238269230769 0.3381790120192308 0.6412402355769231 0.3205478389423077 0.6397509759615385 0.30929783894230767 0.6395361322115385 0.30292052403846154 0.646337891826923
0 0.9153317908653846 0.4853613293269231 0.911743826923077 0.47684081971153847 0.9085995360576924 0.4597998052884616 0.9023186730769232 0.4427587884615385 0.89423996875 0.42685058653846153 0.8834683653846154 0.4086767572115385 0.877183641826923 0.4041308581730769 0.8668634254807692 0.40356445192307694 0.8551929014423076 0.4046972644230769 0.8408294759615385 0.4154931634615385 0.834548610576923 0.4194677740384615 0.8224305552884614 0.42969238221153844 0.8125540120192307 0.4365087884615385 0.8058217596153846 0.44673339903846154 0.7999884254807692 0.46377441346153847 0.7972955240384615 0.47797363221153844 0.7955015432692308 0.4853613293269231 0.7941550937499999 0.4904736322115385 0.7928086418269231 0.5006982427884615 0.7941550937499999 0.5160302740384616 0.7990933653846154 0.5256884759615384 0.8049266971153847 0.5319384759615384 0.8156983028846153 0.5359130865384615 0.82646990625 0.53705078125 0.8376890432692308 0.5313671875 0.8466666658653845 0.5211425769230769 0.8538464495192308 0.5211425769230769 0.8583333341346153 0.5217138677884615 0.8704513894230769 0.534208983173077 0.8744907403846154 0.5393212884615385 0.8744907403846154 0.5461376947115385 0.8776350312500001 0.5529541009615385 0.8964814807692308 0.56431640625 0.9023186730769232 0.5688574230769231 0.9068055552884615 0.5665869134615384 0.9162307091346154 0.5438671875 0.9247569447115385 0.5188720697115385 0.9243094134615385 0.49558593749999996 0.9153317908653846 0.4853613293269231
0 0.22413194471153847 0.81912109375 0.23014274759615386 0.8202294927884615 0.23114583413461537 0.8183251947115384 0.2522029326923077 0.8303808581730769 0.2592206778846154 0.8221337884615385 0.2501967596153846 0.7986572259615384 0.2441820985576923 0.7840625 0.24618827163461537 0.7631201177884616 0.24819058653846152 0.7390087884615385 0.23916666586538463 0.7168017572115384 0.22528935096153846 0.7089697259615384 0.18252314903846154 0.735205079326923 0.16295910576923076 0.7332958990384615 0.1604513894230769 0.7402783197115385 0.16295910576923076 0.7504296874999999 0.17148148076923078 0.7808886730769231 0.1890316346153846 0.7961181634615385 0.19705246875 0.8094433581730769 0.22111882692307694 0.8145214831730769 0.22413194471153847 0.81912109375
0 0.4572260793269231 0.24477050721153845 0.4528742283653846 0.2510107427884615 0.45026234615384614 0.25651855528846157 0.44881172836538463 0.2620263677884615 0.4540354927884615 0.273046875 0.4673804014423077 0.28259277403846156 0.47782407451923076 0.28112304567307694 0.48623842548076923 0.2737792980769231 0.4940740745192308 0.26239746153846155 0.49204475240384615 0.24513671875 0.4844984567307692 0.23889648557692308 0.46592978365384613 0.24146484375000002 0.4572260793269231 0.24477050721153845
0 0.2710416658653846 0.1382421875 0.2634953701923077 0.1345703125 0.2542129639423077 0.1408105480769231 0.2498611105769231 0.14705566346153848 0.2498611105769231 0.15586914182692307 0.2524691346153846 0.16064453125 0.25740355048076924 0.1639453125 0.2675578701923077 0.16284668028846155 0.2739429014423077 0.15843749999999998 0.2809027788461539 0.15659179567307693 0.2774228389423077 0.14411621153846152 0.2710416658653846 0.1382421875
0 0.49683642067307693 0.44859863221153845 0.49391203605769235 0.4269189447115384 0.4851388894230769 0.41158203125 0.46675540144230765 0.4052392572115385 0.4433564807692308 0.4158154302884615 0.4324961418269231 0.4237451177884616 0.4207947524038461 0.4343212884615385 0.41369212980769227 0.45547363221153847 0.40909722115384617 0.4766259759615385 0.4028317908653846 0.50412109375 0.41829089423076926 0.5099365240384615 0.4199614206730769 0.521572266826923 0.44126929086538463 0.5115234375 0.4868094134615385 0.4882568365384615 0.49892746875000005 0.4723925769230769 0.49683642067307693 0.44859863221153845
0 0.7487731490384615 0.3867333990384615 0.74 0.38567382932692307 0.7312268509615384 0.3914892572115385 0.7174382716346154 0.41052734375 0.7166049375000001 0.4205712884615384 0.7178549375000001 0.4380224615384615 0.7308101850961539 0.44331054567307693 0.7420910504807693 0.4480712884615385 0.7504436730769231 0.4501855456730769 0.7596373461538461 0.45282714903846155 0.7663233028846155 0.45494628846153845 0.7700810192307692 0.45758788942307693 0.7763503076923077 0.4586474615384616 0.7855401225961539 0.46023437500000003 0.7855401225961539 0.44753906250000003 0.7855401225961539 0.4364355456730769 0.7784375 0.4158154302884615 0.7713348774038462 0.39836425721153845 0.7487731490384615 0.3867333990384615
0 0.24753857932692308 0.45517578125 0.24904320913461536 0.4152001947115384 0.2525540120192308 0.4025097668269231 0.2555941346153846 0.3971484375 0.2600733028846154 0.3891845697115385 0.2630825625 0.3809375 0.2505478389423077 0.3682470697115384 0.23199845673076924 0.3593603509615385 0.2229745360576923 0.35111328125 0.20893518509615383 0.33588378846153844 0.20141589423076922 0.33207519471153846 0.18286265384615386 0.33144043028846154 0.17283564903846155 0.33588378846153844 0.16782407451923076 0.34857421875 0.16732253125 0.3650732427884616 0.1713310192307692 0.3841064447115385 0.17785107932692307 0.3955322259615385 0.18486882692307693 0.39489746153846156 0.20893518509615383 0.4025097668269231 0.2309953701923077 0.4234521490384615 0.24102237740384616 0.4456591802884615 0.24753857932692308 0.45517578125
0 0.7294791658653845 0.9114013677884615 0.7441705240384615 0.9052001947115385 0.7553626538461539 0.8995361322115384 0.7654398149038462 0.89369140625 0.7651581778846155 0.8791699230769231 0.76669753125 0.8628759759615385 0.76865740625 0.8446337884615385 0.7685185192307693 0.8317089831730768 0.7648804014423077 0.8235644543269232 0.7599807091346154 0.81984375 0.7500462956730769 0.8233837884615384 0.7401118822115385 0.8247998052884615 0.7291975312500001 0.8256884759615384 0.71982253125 0.831884766826923 0.7139467596153846 0.8377294927884615 0.7044328701923077 0.8522509759615384 0.7014930552884615 0.8625244134615385 0.6981365745192308 0.8696044927884615 0.6921180552884615 0.88572265625 0.6954783942307692 0.8935107427884615 0.7014930552884615 0.905908201923077 0.7139467596153846 0.9128173822115385 0.7294791658653845 0.9114013677884615
0 0.2940354927884615 0.39608886778846153 0.2714737644230769 0.39608886778846153 0.2555941346153846 0.3971484375 0.24891203605769233 0.40719726682692303 0.24932870432692308 0.4235888677884615 0.2514158942307692 0.4357470697115385 0.26228009375 0.4405078125 0.2681288581730769 0.4436816394230769 0.2710532403846154 0.4463232427884615 0.27439814903846155 0.4606005865384616 0.3065663581730769 0.4473828125 0.3149228389423077 0.4288769543269231 0.31241898076923075 0.40931152403846155 0.2940354927884615 0.39608886778846153
0 0.09126157451923077 0.7454199206730769 0.10528935096153846 0.7468212884615385 0.11119598798076923 0.7538330072115385 0.11895061778846154 0.7608398437499999 0.12485725240384617 0.7636425793269231 0.13261188221153847 0.7440185552884616 0.13815200721153847 0.72392578125 0.14258101923076924 0.7089697259615384 0.14258101923076924 0.7028955072115385 0.1392592596153846 0.7005615240384616 0.1374112644230769 0.6968212884615385 0.13667438221153846 0.6898095697115385 0.12966049278846153 0.6846728509615385 0.12485725240384617 0.6884082043269231 0.11636574038461538 0.6870068365384616 0.11045910576923078 0.6809326177884615 0.10381172836538462 0.6828027355769231 0.0971682091346154 0.6884082043269231 0.08682870432692308 0.7047656250000001 0.07981481490384615 0.704296875 0.0746450625 0.7061669927884615 0.0665200625 0.7183154302884615 0.06098379567307692 0.7276611322115384 0.05766203605769231 0.7370068365384616 0.05987654326923077 0.7472900384615385 0.07206018509615385 0.74916015625 0.08018132692307692 0.74916015625 0.09126157451923077 0.7454199206730769
0 0.2046103389423077 0.720654298076923 0.2105208341346154 0.7136425793269231 0.22528935096153846 0.7089697259615384 0.24375000000000002 0.7047656250000001 0.2522415120192308 0.7014941418269232 0.2559336418269231 0.6963525384615384 0.25408950721153845 0.688876951923077 0.2500270072115385 0.6828027355769231 0.24116512259615386 0.6804638677884616 0.2323032403846154 0.6776611322115385 0.2156867283653846 0.6776611322115385 0.2023958341346154 0.6701855480769231 0.19353394951923075 0.6636425769230769 0.1772878076923077 0.6580371105769232 0.16584490624999998 0.6589697259615386 0.15698302403846157 0.664111326923077 0.1518132716346154 0.6701855480769231 0.14627314903846153 0.6804638677884616 0.14479552403846155 0.6954199230769231 0.1433217596153846 0.7070996081730769 0.13815200721153847 0.727197264423077 0.1396296298076923 0.7402783197115385 0.14664351923076924 0.7440185552884616 0.1573495360576923 0.732333983173077 0.17544367307692307 0.7328027331730769 0.1924266971153846 0.727197264423077 0.2046103389423077 0.720654298076923
0 0.1568016971153846 0.109609375 0.1626466057692308 0.10756836057692308 0.16284722115384614 0.10348632692307692 0.16143904326923078 0.09430663942307692 0.15760802403846152 0.08640136778846154 0.1543865745192308 0.08385253846153845 0.1503549375 0.08538086057692308 0.1463271610576923 0.08869628846153846 0.14249614182692308 0.09227050721153847 0.14168981490384616 0.09277831971153847 0.13202160576923078 0.09711425721153846 0.1324228389423077 0.10629394471153845 0.14310185096153846 0.10935546875 0.15076003124999998 0.10909668028846155 0.1568016971153846 0.109609375
0 0.6246527788461538 0.18231933653846152 0.6305748461538462 0.17561035096153846 0.6311998461538462 0.17008789182692308 0.6271489206730769 0.16220214903846156 0.6199807091346153 0.15352050721153845 0.6137461418269231 0.15076171875 0.6059529326923078 0.15154785096153847 0.5959799375 0.1519433605769231 0.5913040120192308 0.15036621153846152 0.5863194447115384 0.14642089903846153 0.5828896610576924 0.14326660096153845 0.5810185192307692 0.13458984375 0.5810185192307692 0.12512206971153847 0.5754089495192308 0.11880859375 0.5673070985576923 0.11604980528846154 0.5573341057692308 0.11407714903846154 0.5467361105769231 0.11249999999999999 0.5317746923076924 0.11170898317307693 0.5199305552884615 0.11210449278846155 0.5118287043269231 0.11565429807692308 0.5065316346153846 0.11841308653846154 0.5027893509615384 0.12393554567307692 0.49655478365384614 0.12945800721153847 0.48845293269230766 0.13379882692307693 0.4822183653846154 0.14129394471153847 0.4791010793269231 0.1499707019230769 0.47972607932692307 0.16377929807692307 0.48097222115384614 0.17087890625 0.4828433653846154 0.18152831971153846 0.4862692908653846 0.18547363221153848 0.4887654326923077 0.19770019471153846 0.49281635817307695 0.21348144471153846 0.49905092548076924 0.22649902403846156 0.5174382716346154 0.23754394471153845 0.5367631177884615 0.23162597596153847 0.5386304014423077 0.22965331971153846 0.545798610576923 0.21900390625000002 0.5595138894230769 0.20243652403846155 0.5869405865384615 0.18784179567307693 0.6106288581730769 0.18429199278846153 0.6246527788461538 0.18231933653846152
0 0.61509259375 0.8761572259615384 0.6060995360576923 0.8768896490384616 0.5947839495192307 0.8838671875 0.5901388894230769 0.891943360576923 0.5904320985576923 0.9070019543269231 0.5921682091346153 0.919482420673077 0.5988425937499999 0.92646484375 0.6008757716346154 0.9396826177884615 0.6017476850961538 0.9389501947115384 0.6092901225961538 0.9352783197115385 0.6200231490384615 0.9293994134615384 0.626118826923077 0.9213232427884616 0.6295987644230769 0.9092041009615385 0.62321759375 0.8996582019230769 0.6194444447115385 0.8857031249999999 0.61915509375 0.8801953124999999 0.61509259375 0.8761572259615384
0 0.43263888942307693 0.34467773317307693 0.4464120360576923 0.33520507692307694 0.4420717596153846 0.32570312500000004 0.4391705240384616 0.3168310552884615 0.43650848798076924 0.30887206971153847 0.4304629639423077 0.3042822259615385 0.4130555552884615 0.3033642572115384 0.39105324038461536 0.3 0.38694444471153844 0.3048925769230769 0.3864583341346154 0.31437988221153845 0.3891203701923077 0.3232568365384615 0.38887731490384614 0.33794433653846156 0.39540509375 0.3535498052884615 0.4103973774038462 0.35324218749999997 0.43263888942307693 0.34467773317307693
0 0.8412577163461539 0.34804199278846154 0.8390817908653846 0.34069824278846156 0.8361805552884616 0.33671874999999996 0.8294135793269231 0.3238671875 0.8257831778846154 0.318359375 0.8207060192307692 0.33671874999999996 0.8245756177884616 0.3501855480769231 0.8267515432692308 0.3691552740384615 0.8361805552884616 0.3783349615384616 0.8415007716346155 0.3758886706730769 0.8422260793269231 0.3621191394230769 0.8412577163461539 0.34804199278846154
0 0.6682754639423076 0.9539697259615385 0.6714660504807692 0.9499267572115385 0.6688541658653846 0.9367089855769231 0.664502314903846 0.9337695312500001 0.6537692908653846 0.9282617187500001 0.6462229927884615 0.9242236322115385 0.6433217596153846 0.923486326923077 0.6398418221153845 0.923486326923077 0.63142746875 0.9289990240384616 0.6247530865384616 0.956171875 0.632006173076923 0.9697558581730769 0.6572492283653847 0.9602099615384615 0.6653742283653846 0.9616796875 0.6682754639423076 0.9539697259615385
0 0.37065972115384616 0.4697509759615385 0.3564544759615385 0.4634033197115385 0.3405787043269231 0.46393554567307693 0.32135802403846153 0.4713378894230769 0.3146720673076923 0.49090331971153844 0.31300154326923074 0.5062353509615385 0.31801697596153844 0.5205126947115384 0.3276273149038461 0.5305615240384616 0.3409953701923077 0.5295019543269232 0.35436342548076927 0.5162841802884615 0.38737268509615386 0.50306640625 0.39572916586538465 0.49037109375 0.3827777788461538 0.47979980528846156 0.37065972115384616 0.4697509759615385
0 0.8960030865384615 0.7038037115384616 0.8871373461538461 0.6765185552884615 0.8728317908653846 0.6729492187499999 0.8607445985576923 0.6811083990384615 0.83576003125 0.6938574206730769 0.8333410504807692 0.6979394543269231 0.8403935192307692 0.7012548822115385 0.8500655865384614 0.7022753918269231 0.873838735576923 0.7507275384615385 0.8933834879807693 0.7418017572115385 0.8984220673076924 0.73185546875 0.8986226850961538 0.7211474615384615 0.8960030865384615 0.7038037115384616
0 0.7827469134615386 0.40966796875 0.77888503125 0.4179589831730769 0.7822415120192308 0.42560546875 0.7859375 0.427734375 0.7973533942307692 0.42900878846153845 0.80709490625 0.42794433653846153 0.8089390432692307 0.4177441418269231 0.8040702163461538 0.3967089831730769 0.7906404326923078 0.39734375 0.7849305552884616 0.4015917956730769 0.7827469134615386 0.40966796875
0 0.6351080240384616 0.6941601562499999 0.6242785504807693 0.7170019519230769 0.6120061730769231 0.7252246105769231 0.6134490745192308 0.746240233173077 0.6278896610576923 0.7553808581730769 0.6459374999999999 0.7480712884615385 0.6683179014423076 0.742587889423077 0.6798688269230768 0.742587889423077 0.6849228389423078 0.7352783197115385 0.6870910504807692 0.7160888677884615 0.6820370360576924 0.7023828125 0.6596527788461538 0.6941601562499999 0.6473804014423077 0.6822802740384616 0.6351080240384616 0.6941601562499999
0 0.3638078701923077 0.3798583990384615 0.3678202163461538 0.36716796874999996 0.3683179014423077 0.3658984375 0.37784722115384617 0.3443212884615384 0.38235725240384616 0.3329003894230769 0.38285879567307696 0.32020996153846154 0.3703240745192308 0.3132275384615385 0.3487654326923077 0.3043457019230769 0.3342283942307693 0.301171875 0.31918595673076927 0.30561523317307693 0.3136689807692308 0.31132812499999996 0.3141705240384616 0.33734375 0.3317206778846154 0.36208984375000003 0.3407445985576923 0.37668456971153846 0.35679012259615384 0.39508788942307693 0.3638078701923077 0.3798583990384615
0 0.6452700625 0 0.6395910504807693 0.005986326923076922 0.6299266971153846 0.03826171875 0.62303240625 0.07564453125000001 0.6379668221153847 0.08229492067307692 0.6578240745192308 0.07813964903846153 0.67521990625 0.08187988221153845 0.6857214495192309 0.07626953125 0.6965547836538462 0.07502441346153846 0.7085339495192307 0.02912109375 0.7087962956730769 0.019877930288461538 0.7042824062499999 0.0011865240384615384 0.6733487644230769 0 0.6452700625 0
0 0.12283564903846153 0.27206543028846153 0.10677083413461538 0.2696777331730769 0.09236111057692308 0.2636962884615385 0.0859799375 0.27355956971153844 0.09684027884615384 0.30107910096153845 0.1098379639423077 0.32230956971153846 0.12590663461538462 0.33666015625 0.14553240625 0.3587988269230769 0.1604166658653846 0.37585449278846156 0.16891589423076925 0.3818359375 0.16702932211538463 0.35940429567307697 0.16986882692307692 0.34054199278846153 0.1764814807692308 0.33306640625 0.18793595673076924 0.32882812499999997 0.17837191346153844 0.30706543028846156 0.15473765384615384 0.2936035144230769 0.1339467596153846 0.28014648317307694 0.12283564903846153 0.27206543028846153
0 0.4463811730769231 0.7652734375 0.4227044759615385 0.7745263677884615 0.4167862644230769 0.7820166009615386 0.41782793269230767 0.7956787115384615 0.4268827163461539 0.8062499999999999 0.44255015384615387 0.8150634759615384 0.4561304014423077 0.8221142572115384 0.49164351923076927 0.8326904302884616 0.5048726850961539 0.8278466802884614 0.5107908942307693 0.812421875 0.5111381177884615 0.7917089831730769 0.49895447596153847 0.76923828125 0.48607253125 0.75822265625 0.47283950721153845 0.7595410168269231 0.4463811730769231 0.7652734375
0 0.7481057091346154 0.698818360576923 0.7430902788461539 0.6993505865384615 0.7410030865384616 0.704638670673077 0.7384953701923076 0.7109814447115385 0.7376620360576923 0.7157421875 0.7393325625 0.7252587884615385 0.7393325625 0.7353076177884615 0.7485223774038462 0.7405957019230769 0.7577160504807693 0.7405957019230769 0.7706674375 0.7257910144230769 0.7681597211538461 0.704638670673077 0.7598032403846153 0.6977636706730769 0.7535378076923076 0.698818360576923 0.7481057091346154 0.698818360576923
0 0.2288966057692308 0.031757812499999996 0.2126504639423077 0.035498048076923076 0.2060879639423077 0.05190918028846154 0.22151234615384616 0.07475585817307692 0.23661265384615385 0.10030273557692307 0.24415894951923076 0.10694824278846153 0.25532021634615387 0.10860839903846155 0.2689390432692308 0.11338378846153846 0.2743557091346154 0.10030273557692307 0.28436728365384617 0.07163574278846153 0.2871566346153846 0.06083984375 0.27517746875 0.041108399038461536 0.26106481490384614 0.03217773557692308 0.24629243750000002 0.03487793028846154 0.2288966057692308 0.031757812499999996
0 0.36202160576923076 0.6244482427884616 0.36789737740384615 0.6125488269230769 0.3732716057692308 0.6087255865384615 0.3820023149038461 0.61169921875 0.39173996875 0.61552734375 0.4118904326923077 0.6248730456730769 0.4244830240384615 0.6129736322115384 0.4243171298076923 0.5970361322115385 0.42095679086538457 0.5889599615384615 0.4108834879807692 0.5757861322115384 0.4008101850961538 0.56728515625 0.3840200625 0.5626123052884615 0.37965277884615384 0.5640966802884615 0.3606790120192308 0.5694091802884615 0.3454012355769231 0.5791845697115384 0.32642746875 0.590234375 0.3223958341346154 0.6002246081730769 0.3302893509615385 0.6202001947115385 0.3365007716346154 0.6265771490384615 0.34690972115384616 0.6308251947115384 0.3526195985576923 0.6287011730769231 0.36202160576923076 0.6244482427884616
0 0.3523996923076923 0.2403027331730769 0.36146990625 0.22882324278846153 0.36835262259615387 0.21862304567307692 0.37087191346153847 0.20417480528846152 0.37154320913461536 0.19015136778846153 0.3646566346153846 0.1674121105769231 0.3616358028846154 0.16294921874999999 0.3572723774038461 0.15465820192307692 0.35559027884615385 0.1540234375 0.3500501538461539 0.15976074278846156 0.3426620360576923 0.17952148317307692 0.33057484615384614 0.18802246153846153 0.3265432091346154 0.19163574278846152 0.33107638942307693 0.18972168028846154 0.33225308653846153 0.20821289182692307 0.3369521610576923 0.23073730528846154 0.3411496923076923 0.24157714903846153 0.3523996923076923 0.2403027331730769
0 0.7257407403846153 0.4975830072115385 0.7339467596153846 0.5003515625 0.7427006177884615 0.5043359375 0.7476234567307691 0.4906591802884615 0.7437924375 0.48148925721153846 0.7342206778846154 0.4698925793269231 0.7247839495192309 0.4572558581730769 0.7143904326923077 0.4501611322115385 0.7001697524038462 0.45188964903846157 0.6889544759615384 0.45465820192307693 0.6782870360576924 0.45535156250000003 0.6670756177884616 0.46296875 0.6710416658653846 0.4790625 0.6743209879807692 0.4906591802884615 0.6688503076923078 0.5038134759615385 0.6730902788461539 0.5157568365384615 0.6869020072115385 0.52666015625 0.6967515432692307 0.5268359375 0.7060493822115385 0.5231982427884615 0.7130246923076923 0.516279295673077 0.7187692908653845 0.51177734375 0.72423996875 0.5058935552884616 0.7257407403846153 0.4975830072115385
0 0.8230594134615384 0.8107128894230768 0.8140354927884614 0.8202294927884615 0.8110262355769231 0.8399023437500001 0.81955246875 0.8570312499999999 0.83509259375 0.8709912115384615 0.85013503125 0.8767041009615385 0.8621682091346153 0.8703613269230769 0.8681828701923078 0.865283201923077 0.8912461418269231 0.8449755865384615 0.8977623461538461 0.8303808581730769 0.8922492283653847 0.8170556634615385 0.8581558653846154 0.8164208990384616 0.8230594134615384 0.8107128894230768
0 0.28178240625 0.6730175769230768 0.2898070985576923 0.6692089855769231 0.28579475240384616 0.6577880865384615 0.28328703605769234 0.64255859375 0.2837885793269231 0.6349414062500001 0.28178240625 0.6266943365384615 0.27225694471153844 0.6247900384615386 0.2592206778846154 0.6235205072115384 0.24297839423076925 0.6221044927884616 0.2321489206730769 0.6222509759615384 0.2246296298076923 0.6241552740384615 0.23064429086538463 0.6406542956730769 0.23365355048076925 0.6565185552884615 0.2321489206730769 0.66349609375 0.23716049278846155 0.66857421875 0.23716049278846155 0.6755517572115385 0.26273148076923075 0.6730175769230768 0.27225694471153844 0.6730175769230768 0.28178240625 0.6730175769230768
0 0.43670524759615387 0.8594384759615384 0.44704475240384617 0.8496240240384616 0.4522145072115385 0.8463525384615385 0.4302430552884615 0.8259033197115385 0.4224845673076923 0.8038183605769231 0.41279320913461537 0.7874560552884616 0.4043904326923077 0.7768261730769231 0.39405092548076925 0.7637353509615384 0.385 0.75228515625 0.37336805528846156 0.748193358173077 0.35268904326923073 0.7531054687500001 0.3294212956730769 0.7555566418269231 0.31132330288461535 0.7571923822115385 0.2919367283653846 0.7596484375 0.2660841057692308 0.76619140625 0.25962191346153846 0.7768261730769231 0.25962191346153846 0.7989111322115385 0.2609143509615385 0.8152685552884615 0.2660841057692308 0.8275390625000001 0.2712538581730769 0.8316259759615385 0.2796566346153846 0.8357177740384615 0.2958140432692308 0.840625 0.3255439807692308 0.84716796875 0.3358834879807692 0.850439454326923 0.3481635793269231 0.8659814447115385 0.3623804014423077 0.8856103509615385 0.38435570913461536 0.880703125 0.40115740625 0.8757958990384616 0.4198996923076923 0.8659814447115385 0.43670524759615387 0.8594384759615384
0 0.809375 0.7196289062500001 0.7918479927884616 0.7395214855769231 0.7797569447115384 0.7586474615384616 0.7674691346153846 0.7714013677884615 0.7640432091346153 0.7833837884615384 0.7662577163461539 0.8007275384615385 0.7763348774038461 0.81322265625 0.7989004639423077 0.8236767572115385 0.8232793221153846 0.81423828125 0.8369791658653847 0.80505859375 0.8714351850961539 0.7589013677884615 0.8701929014423077 0.7483642572115384 0.8488695985576923 0.700546875 0.8317438269230769 0.7002539062500001 0.8289197524038462 0.7002539062500001 0.809375 0.7196289062500001
0 0.17658564903846155 0.16747558653846153 0.16503472115384615 0.17204589903846154 0.14698302403846156 0.18483886778846154 0.1202700625 0.18757812499999998 0.09283564903846155 0.19488769471153844 0.09139274759615384 0.2113378894230769 0.09861111057692308 0.22413086057692308 0.11810570913461538 0.24148925721153847 0.13471064903846156 0.2451464831730769 0.16142361057692306 0.26159179567307694 0.1809182091346154 0.24971679807692307 0.18741512259615384 0.22138671875 0.18957947596153846 0.18757812499999998 0.19102237740384617 0.17021972596153848 0.18597222115384618 0.16564941346153847 0.17658564903846155 0.16747558653846153
0 0.29124228365384613 0.055810545673076924 0.2778549375 0.07792968750000001 0.27081790144230766 0.11451171875 0.27081790144230766 0.13302734375 0.29032407451923076 0.15000488221153846 0.30617669711538464 0.15617675721153848 0.31592978365384616 0.18549804567307693 0.3354398149038461 0.18241210817307693 0.35373070913461535 0.14383300721153847 0.37080246875 0.17006836057692307 0.3878703701923077 0.1901269519230769 0.41225694471153845 0.21790527403846155 0.42201388942307694 0.23179687499999999 0.4366435192307693 0.23179687499999999 0.4464004639423077 0.22253418028846153 0.45859182211538463 0.22562011778846153 0.47078703605769234 0.18858398557692307 0.48054012259615386 0.14383300721153847 0.47810185096153845 0.10371093749999999 0.46103009375000004 0.09444824278846155 0.46103009375000004 0.07747558653846154 0.45981095673076927 0.055869141826923076 0.45981095673076927 0.03117675721153846 0.42932870432692305 0.03734863221153846 0.41713348798076927 0.03734863221153846 0.40250385817307693 0.03734863221153846 0.3781172836538461 0.03426269471153846 0.35373070913461535 0.03734863221153846 0.34885416586538465 0.049697266826923076 0.3293441346153846 0.06666992067307692 0.29124228365384613 0.055810545673076924
0 0.1500154326923077 0.48505859375000004 0.14305169711538462 0.4877050769230769 0.14548996875 0.5035644519230769 0.14514274759615384 0.5110595697115385 0.14618441346153846 0.52515625 0.15837191346153848 0.5427832019230769 0.1594174375 0.5555615240384616 0.15767746875000002 0.5696630865384615 0.16707561778846153 0.5815625 0.17577932211538463 0.59169921875 0.18796682211538462 0.6022753894230769 0.19841049278846154 0.6066796875 0.2098996923076923 0.6159326177884614 0.2193016971153846 0.6181347668269231 0.24297839423076925 0.6221044927884616 0.24959490625 0.6124072259615384 0.24680941346153845 0.596103514423077 0.24332561778846154 0.578037108173077 0.2384529326923077 0.5529199230769231 0.23183642067307692 0.5445458990384615 0.22313271634615386 0.531767576923077 0.2158217596153846 0.5308886706730769 0.20050154326923078 0.5198681634615384 0.18274305528846155 0.5150244134615385 0.17229938221153845 0.50048828125 0.16463734615384615 0.49475097596153844 0.15907021634615384 0.4899072259615384 0.1500154326923077 0.48505859375000004
0 0.6568171298076924 0.4242919927884615 0.6533912043269231 0.41766113221153844 0.6503703701923077 0.4105175793269231 0.6459374999999999 0.40644043028846155 0.6398919759615385 0.4059277355769231 0.6372723774038461 0.4102636730769231 0.6330401225961538 0.4143457043269231 0.63021990625 0.4196972668269231 0.6280054014423077 0.4219921875 0.6280054014423077 0.43576660096153846 0.6423109567307693 0.4401025384615384 0.6541975312499999 0.43806152403846155 0.6590316346153846 0.43219726442307693 0.6568171298076924 0.4242919927884615
0 0.922411264423077 0.14903808653846154 0.9163194447115385 0.14720214903846154 0.8980401225961538 0.16262206971153845 0.8980401225961538 0.16445800721153844 0.9128472211538461 0.18427734375 0.9302469134615384 0.1864941418269231 0.9406905865384616 0.17584472596153844 0.934598764423077 0.15601562500000002 0.9293750000000001 0.15344238221153847 0.922411264423077 0.14903808653846154
0 0.8199961418269232 0.3841308605769231 0.8187345673076922 0.377578125 0.8139776225961538 0.3759863293269231 0.8099189807692307 0.37350586057692303 0.8057214495192307 0.37208984375000004 0.8018055552884615 0.3689013677884615 0.7974652788461539 0.3713818365384615 0.7924305552884616 0.3756347644230769 0.7924305552884616 0.37970703125 0.7925694447115385 0.3857275384615385 0.806701389423077 0.39528808653846154 0.8139776225961538 0.3968847644230769 0.8169174375 0.3899755865384616 0.8199961418269232 0.3841308605769231