0 0.7591859567307692 0.14396484375000002 0.7752777788461539 0.11228515625 0.7803433653846154 0.07909668028846153 0.7675308653846155 0.05119140625 0.7427970673076923 0.03686035096153846 0.7216396610576923 0.02064453125 0.6975038581730769 0.02064453125 0.6823070985576922 0.0330859375 0.6781365745192307 0.06212890625 0.6805208341346154 0.08513183653846154 0.6805208341346154 0.11530273317307692 0.6814120360576923 0.13001464903846155 0.6894598774038462 0.14245605528846153 0.6882677475961538 0.16508789182692307 0.6867785504807693 0.1816796875 0.6906520072115385 0.20430664182692307 0.7264081778846154 0.20845703125 0.7365393509615384 0.20619628846153845 0.7430941346153846 0.180546875 0.7591859567307692 0.14396484375000002
0 0.7483873461538462 0.30386230528846153 0.751836420673077 0.29876953125 0.7597376538461538 0.28767578125 0.7631867283653846 0.27676269471153847 0.7659182091346154 0.26294433653846155 0.7617515432692308 0.25384765625 0.7571527788461538 0.24402831971153846 0.7515470673076923 0.23838867307692307 0.7502546298076923 0.23129394471153847 0.743931326923077 0.22365722596153845 0.7380401225961539 0.22311035096153847 0.732148920673077 0.2229296875 0.7269753076923077 0.2196582043269231 0.7207947524038462 0.217109375 0.7113117283653847 0.21347168028846156 0.6967978389423077 0.2138378918269231 0.6917669759615385 0.21838378846153847 0.6756712956730768 0.22547363221153846 0.6647492283653846 0.23166015625 0.6542592596153847 0.23529785096153846 0.6436265432692309 0.23766113221153845 0.6442013894230769 0.2467578125 0.6469328701923077 0.25894043028846153 0.653973764423077 0.26021484375 0.6631712956730769 0.263671875 0.680127314903846 0.2678515625 0.6844367283653846 0.2714892572115385 0.6881751538461539 0.284765625 0.6960763894230768 0.29240722596153845 0.7084374999999999 0.30113769471153845 0.7225192908653846 0.29968261778846156 0.7325810192307693 0.3018652355769231 0.7419212956730769 0.30350097596153847 0.7483873461538462 0.30386230528846153
0 0.955578704326923 0.19166015625000002 0.9472839495192308 0.1836816418269231 0.9418094134615385 0.17444336057692308 0.93915509375 0.17192382932692307 0.9331983028846154 0.17219726442307692 0.9311921298076923 0.1733105480769231 0.9166280865384615 0.16043945192307693 0.9108719134615384 0.15447753846153847 0.9063078701923076 0.15254882932692307 0.8995910504807691 0.15225097596153844 0.8933526225961538 0.15498046875 0.8896720673076923 0.17826660096153846 0.88728009375 0.19447265625000001 0.8908641971153847 0.2138964831730769 0.9082677475961538 0.22424316346153847 0.9238117283653846 0.23780761778846154 0.9309606490384615 0.24553222596153848 0.9399344134615385 0.25326171875000003 0.9536535504807693 0.25573730528846156 0.969776235576923 0.2593896490384615 0.9809567908653847 0.26652831971153845 0.9891358028846154 0.2738134759615385 0.9981095673076923 0.2789160168269231 1 0.2850488269230769 0.9997029326923077 0.22420410096153848 0.9915740745192309 0.21286621153846155 0.9801273149038461 0.2038378894230769 0.9681867283653846 0.1987988269230769 0.955578704326923 0.19166015625000002
0 0.40358410576923076 0.1278125 0.3979398149038461 0.12591796875 0.3918325625 0.11673339903846153 0.3881134254807692 0.10649413942307692 0.385 0.09220703125 0.3814313269230769 0.08885253846153847 0.37129243749999996 0.09293945432692308 0.3602353389423077 0.09789550721153846 0.34871527884615383 0.10051757932692308 0.34030478365384614 0.10343261778846154 0.33475308653846153 0.1180859375 0.33159336538461537 0.13256347596153845 0.3260995360576923 0.141953125 0.32246142067307687 0.15555663942307693 0.3192554014423077 0.1642480456730769 0.30731095673076925 0.1804003894230769 0.30166666586538465 0.19929687499999998 0.2915509254807692 0.20812011778846154 0.28608024759615386 0.2152636730769231 0.2826466057692308 0.23057128846153846 0.2760108028846154 0.24352050721153845 0.26660879567307694 0.25349121153846155 0.2554128076923077 0.2842871105769231 0.24697916586538463 0.3002050793269231 0.2359220673076923 0.3226025384615384 0.23163580288461538 0.33537109375 0.23080632692307693 0.35146972596153847 0.23606095673076924 0.3616162115384615 0.24338734615384613 0.36371581971153844 0.25472222115384613 0.36616699278846154 0.2587307091346154 0.36826660096153846 0.26826774759615385 0.360390625 0.2749035504807692 0.3595166009615385 0.2837538581730769 0.3551416009615384 0.29342978365384614 0.35216796875 0.3069753076923077 0.35251953124999996 0.32854166586538464 0.3516455072115384 0.3394637355769231 0.35111816346153846 0.34775848798076925 0.3425488293269231 0.3587924375 0.33913574278846154 0.3657638894230769 0.34375488221153844 0.3783680552884615 0.3462792980769231 0.3856712956730769 0.3462792980769231 0.3928009254807692 0.35005371153846154 0.40690200721153846 0.3461035144230769 0.4140432091346154 0.34362793028846156 0.4283294759615384 0.3458105480769231 0.44457175961538464 0.35033203125 0.45747299278846154 0.3538330072115385 0.46519290144230774 0.34216796875 0.46323302403846156 0.3227783197115385 0.45973379567307693 0.30205566346153845 0.4637654326923077 0.28558105528846156 0.4687847211538462 0.27371581971153847 0.4626929014423077 0.25390625 0.4562075625 0.23784668028846154 0.44819058653846156 0.2053027331730769 0.43574845673076923 0.16051757692307692 0.4327276225961538 0.14209960817307693 0.4250115745192308 0.13189453125 0.41717592548076926 0.12489746153846154 0.41026620432692307 0.12256347596153847 0.40358410576923076 0.1278125
0 0.9108333341346154 0.48984863221153846 0.9189891971153846 0.48442382932692307 0.9245177475961538 0.47602538942307693 0.931431326923077 0.4650048822115384 0.9368209879807693 0.45380859375000004 0.9387577163461539 0.4485595697115385 0.9417978389423076 0.44541015625 0.9456674374999999 0.4445361322115385 0.9513348774038461 0.44121093749999996 0.9575578701923076 0.43840820432692307 0.9583873461538462 0.43298828125 0.964193673076923 0.4231884759615384 0.962808641826923 0.4156640625 0.9579706778846154 0.4062158197115385 0.9547916658653846 0.3888964831730769 0.9516126538461538 0.3757763677884615 0.9477430552884616 0.3682519543269231 0.9459452163461539 0.36335449278846155 0.9438695985576923 0.3558300793269231 0.9373726850961539 0.3430566418269231 0.9274189807692307 0.3260839831730769 0.9231365745192307 0.3176855456730769 0.9238271610576922 0.312265625 0.925625 0.30386718749999997 0.9258989206730769 0.29826660096153845 0.9218904326923076 0.28899414182692307 0.9117978389423077 0.2807714855769231 0.8954861105769231 0.2687011706730769 0.8793132716346155 0.25662597596153847 0.8675617283653847 0.25103027403846156 0.8595447524038462 0.24665527403846152 0.8473804014423076 0.23545898557692307 0.8417129639423078 0.2303808581730769 0.8327276225961538 0.22303222596153846 0.8216666658653846 0.21726074278846155 0.8104706778846154 0.21411132692307694 0.8035570985576924 0.2186621081730769 0.8006558653846153 0.22181152403846155 0.7974768509615384 0.2265332043269231 0.7915316346153846 0.23545898557692307 0.7860030865384615 0.23982910096153848 0.7829591057692308 0.24140625 0.7807484567307692 0.2470019543269231 0.7759104927884616 0.2568017572115385 0.7705169759615385 0.26379882932692306 0.7652662043269232 0.27044921875 0.7620871923076924 0.28549316346153847 0.7586304014423076 0.29476562500000003 0.7522723774038462 0.3008935552884615 0.7513040120192307 0.303515625 0.7499189807692308 0.30631347596153846 0.7493672836538461 0.30631347596153846 0.7470177475961539 0.3052636706730769 0.7468788581730769 0.3075390625 0.7450810192307693 0.3141894519230769 0.7441165120192307 0.3227636730769231 0.7446682091346154 0.3287109375 0.7432870360576923 0.3337841802884615 0.7436998461538462 0.33693359375000004 0.7450810192307693 0.3434082019230769 0.7432870360576923 0.3556542980769231 0.7378935192307693 0.3640527355769231 0.7283564807692307 0.37734863221153847 0.7273881177884616 0.3818994134615385 0.726419752403846 0.3937939447115385 0.7229629639423076 0.3988671875 0.7160532403846154 0.4102392572115384 0.7134259254807692 0.4142675769230769 0.713703704326923 0.41514160096153846 0.7159143509615385 0.4272119134615385 0.7211651225961538 0.4371875 0.7213040120192308 0.4440087884615384 0.7231018509615385 0.4522314447115384 0.7278009254807691 0.46342773557692307 0.7269714495192308 0.46885253846153846 0.7268364206730769 0.47287597596153846 0.7289081778846154 0.47532714903846157 0.7300154326923077 0.4795263677884615 0.7319483028846154 0.48792480528846155 0.7327777788461538 0.4966699230769231 0.7392746923076923 0.4982470697115385 0.7529629639423077 0.5080419927884615 0.7662345673076923 0.5173193365384615 0.7793672836538461 0.522392576923077 0.7996875 0.5251904302884616 0.82678240625 0.525712891826923 0.8429552475961538 0.5272900384615384 0.8589930552884616 0.5251904302884616 0.8679783942307692 0.518017579326923 0.8736458341346154 0.5106689447115385 0.8791743822115384 0.50751953125 0.8859490745192308 0.5106689447115385 0.8986651225961538 0.4971972644230769 0.9046103389423077 0.4919482427884615 0.9108333341346154 0.48984863221153846
0 0.3668865745192308 1 0.38238040144230767 0.9915771490384616 0.3960879639423077 0.9825292980769231 0.42052469230769235 0.9689501947115384 0.43810570913461533 0.9606542956730769 0.44406635817307694 0.9580126947115384 0.46552083413461537 0.94556640625 0.47684413461538466 0.9402880865384616 0.4980015432692308 0.9135107427884616 0.5078317908653847 0.9104931634615384 0.5161766971153846 0.9086083990384615 0.5283950625 0.9063476562499999 0.5397183653846154 0.9044580072115385 0.5471682091346154 0.9025732427884615 0.5558101850961539 0.9014453125 0.56236496875 0.8999365240384616 0.5671334879807692 0.8939013677884616 0.5701118822115384 0.8871142572115385 0.5742824062499999 0.88220703125 0.57696759375 0.8761767572115384 0.5799459879807692 0.8678759759615384 0.5820331778846154 0.8580712884615385 0.5844174375 0.847890625 0.5885879639423077 0.8411035168269231 0.5942476850961539 0.8361962884615385 0.5972299375 0.8312939447115385 0.6037847211538462 0.8207373052884616 0.6097453701923077 0.8135693365384615 0.6180864206730768 0.8075341802884615 0.6282214495192308 0.8030126947115386 0.6344791658653846 0.8007470697115384 0.6425231490384615 0.7818896490384616 0.6455015432692307 0.77359375 0.6478858028846154 0.7637890625 0.6458024687499999 0.7585058581730769 0.6452044759615384 0.7498339855769232 0.6493749999999999 0.743798826923077 0.6517592596153846 0.7336181634615385 0.6568248461538461 0.7275830072115385 0.6639776225961539 0.723056639423077 0.6708333341346153 0.7147607427884615 0.6720216057692308 0.7113671874999999 0.6747067908653845 0.7041992187499999 0.6741087956730769 0.6985449206730769 0.6732137355769231 0.6936425793269231 0.6738117283653846 0.6879833990384616 0.6764930552884615 0.682705079326923 0.6744058653846154 0.674404298076923 0.6717245360576923 0.6604541009615384 0.67053240625 0.653662110576923 0.6672569447115385 0.6415966802884616 0.6642746923076923 0.6340527355769231 0.6672569447115385 0.6283935552884615 0.6651697524038462 0.6174609375 0.6609992283653846 0.6110498052884615 0.6553356490384614 0.5989794927884615 0.6529513894230768 0.5861572259615385 0.6484837956730769 0.56767578125 0.6452044759615384 0.5552294927884616 0.6416280865384615 0.535244141826923 0.6368595673076923 0.525439451923077 0.63209490625 0.5111083990384615 0.6317939807692308 0.4990380865384615 0.6276234567307692 0.4854589855769231 0.6225578701923078 0.47603027403846154 0.6168942908653846 0.46735839903846155 0.6121296298076924 0.4586816418269231 0.6070640432692308 0.4515185552884615 0.6028896610576923 0.44473144471153847 0.5960378076923077 0.44322265625 0.5924614206730769 0.44133789182692307 0.5870987644230768 0.43605468750000004 0.5835223774038462 0.42889160096153844 0.5784567908653846 0.4220996081730769 0.57607253125 0.4171972644230769 0.5671334879807692 0.41154296875 0.5620679014423077 0.41041015625 0.5584915120192308 0.40890136778846153 0.5510416658653846 0.40173828125 0.5391203701923077 0.40060546874999997 0.517368826923077 0.404375 0.4950192908653846 0.4156884759615384 0.4851851850961539 0.42097168028846155 0.46969135817307694 0.43341796875 0.44734182211538465 0.4598144543269231 0.43482638942307694 0.4775390625 0.39459876442307695 0.49564453125 0.3889390432692308 0.49828125 0.37910493749999996 0.50431640625 0.3674807091346154 0.5111083990384615 0.36390817788461544 0.5182714855769232 0.3606288581730769 0.5224218749999999 0.34334490624999997 0.5326025384615385 0.33768518509615386 0.5367529302884615 0.33142746875 0.53712890625 0.3171219134615385 0.5416552740384616 0.3096720673076923 0.5461816394230768 0.3057986105769231 0.5473095697115384 0.30103009375 0.5510839831730769 0.2923919759615385 0.5623974615384616 0.28315200721153844 0.5661669927884615 0.27778935096153845 0.56767578125 0.2715316346153846 0.5714501947115385 0.2700424375 0.5752197259615385 0.26944444471153844 0.57748046875 0.2673611105769231 0.5789892572115385 0.26497685096153845 0.57748046875 0.26259259375 0.575595701923077 0.2614004639423077 0.5759716802884616 0.25871913461538465 0.57861328125 0.25543981490384615 0.580498045673077 0.25424768509615386 0.5808740240384616 0.2524614206730769 0.585400391826923 0.2494791658653846 0.58955078125 0.24650077163461537 0.5925683581730768 0.24322144951923075 0.5948291009615384 0.24143518509615386 0.5967138677884616 0.23845679086538463 0.5970947259615385 0.22623842548076922 0.594453125 0.21938271634615386 0.6035058581730769 0.21550925961538464 0.6174609375 0.2119328701923077 0.616328125 0.20001543269230768 0.6129345697115385 0.1875 0.61029296875 0.18064429086538464 0.616328125 0.15650848798076922 0.6476318365384616 0.13982253125 0.6849658197115385 0.09810570913461537 0.6910009759615385 0.07664737740384615 0.6970361322115385 0.04744598798076923 0.6989208990384616 0.03612268509615384 0.7219238269230769 0.032847221153846154 0.7543603509615384 0.03940200721153846 0.8041406249999999 0.03254629567307692 0.8135693365384615 0.01943672836538462 0.8294091802884616 0.00900848798076923 0.8373291009615385 0.009602622596153847 0.8505273437499999 0.0021527788461538464 0.8603369134615384 0.0021527788461538464 0.8678759759615384 0.007218365384615385 0.8754199230769231 0.00334490625 0.8859814447115385 0 0.8905078125 0.0036419759615384613 0.9055908197115384 0.03195216105769231 0.9240722644230769 0.05042824038461539 0.9301074230769231 0.06979552403846154 0.935009766826923 0.10823688221153846 0.9632958990384615 0.14727237740384616 1 0.3668865745192308 1
0 0.5444907403846154 0.3134765625 0.5474768509615384 0.30742675721153845 0.5510609567307692 0.3066699206730769 0.5554398149038462 0.3079296875 0.5588233028846153 0.3089404302884615 0.5608140432692308 0.3056640625 0.5721604927884616 0.3056640625 0.5793287043269231 0.30591796875 0.5848996923076923 0.29760253846153845 0.5918672836538461 0.2877783197115385 0.6008256177884616 0.2739208990384615 0.6077932091346153 0.2726611322115385 0.6169521610576923 0.2726611322115385 0.6255092596153846 0.27341796874999996 0.6298881177884615 0.27114746153846153 0.63446759375 0.2666113293269231 0.6370563269230769 0.26283203125 0.6390470673076922 0.25250488221153844 0.6402391971153846 0.24570312500000002 0.6420331778846153 0.21849121153846152 0.6426311730769231 0.20010253846153844 0.6416358028846154 0.19229003846153844 0.63446759375 0.18271484375000002 0.6273032403846154 0.17415038942307692 0.6235185192307693 0.16684570192307693 0.6165509254807693 0.16205566346153846 0.6083912043269231 0.16029296875000001 0.5986381177884615 0.15903320192307693 0.5912692908653846 0.15626464903846154 0.5827121923076923 0.15349121153846154 0.57853009375 0.15021484375 0.5715625 0.14744628846153846 0.5669830240384616 0.14744628846153846 0.5622067908653846 0.14441894471153846 0.5478742283653847 0.13610839903846153 0.5413040120192307 0.13106933653846153 0.5303587956730769 0.12678711057692307 0.5247839495192308 0.12703613221153848 0.5190084879807693 0.12729003846153847 0.5164236105769231 0.12275390624999999 0.5078626538461538 0.11998535096153845 0.4913387355769231 0.11897460817307692 0.48676311778846154 0.11847168028846154 0.4788001538461539 0.11973144471153846 0.4676504639423077 0.12174804807692308 0.46327160576923077 0.12073730528846155 0.45232253125 0.11418945432692308 0.4431674375 0.11166992067307692 0.43819058653846155 0.11116699278846154 0.4350038581730769 0.11091308653846153 0.4330131177884615 0.11191894471153846 0.43042438221153845 0.11721191346153846 0.43042438221153845 0.12401367067307692 0.4363966057692308 0.14719238221153846 0.4415740745192308 0.17137695192307692 0.4497337956730769 0.20564453124999998 0.46028549278846154 0.24343261778846154 0.4710339495192307 0.27215820192307694 0.48118827163461536 0.30314453125 0.49153935096153845 0.3167480480769231 0.5317515432692308 0.3318652331730769 0.5363271610576923 0.32833984374999997 0.5411072524038462 0.3202783197115385 0.5444907403846154 0.3134765625
0 0.9074421298076923 0.8596972668269232 0.9083024687500001 0.8477246081730769 0.9120293221153847 0.8346630865384616 0.9131751538461538 0.8190625 0.9114544759615384 0.8096289062500001 0.9108834879807692 0.802734375 0.9131751538461538 0.7958447259615385 0.9120293221153847 0.7914892572115384 0.9091628076923077 0.7729882812500001 0.9028549375 0.754482423076923 0.895976079326923 0.7261865240384615 0.8888117283653846 0.7120361322115384 0.8856558653846154 0.6971630865384615 0.8787770072115385 0.6851904302884615 0.8707523149038461 0.681201170673077 0.8612924375000001 0.683740233173077 0.8466705240384615 0.6848291009615385 0.8383603389423077 0.6877294927884615 0.8291859567307692 0.69099609375 0.8145679014423077 0.6891796875 0.8065393509615385 0.6993408197115384 0.7962191346153846 0.7007910168269231 0.7735763894230769 0.70115234375 0.7474884254807692 0.7073193365384616 0.7345910504807692 0.7087744134615386 0.7159567908653847 0.7098583990384615 0.7073572524038462 0.7116748052884615 0.7024845673076924 0.7232861322115384 0.6999035504807692 0.7348925769230769 0.6944598774038462 0.7454150384615384 0.6933101850961538 0.7700830072115384 0.6941705240384616 0.7838720697115384 0.6996180552884615 0.7954785144230769 0.7010532403846154 0.8081787115384615 0.7001929014423076 0.8255908197115385 0.6958912043269231 0.8560693365384615 0.6993325625 0.8633251947115385 0.7099382716346153 0.8713037115384614 0.71767746875 0.8651367187500001 0.7277121923076924 0.8694921875 0.7469174375 0.8847265624999999 0.7675540120192307 0.8952490240384615 0.7778742283653847 0.8937988269230769 0.79392746875 0.8894433605769231 0.8068287043269231 0.8767480480769231 0.8105555552884615 0.8705810552884615 0.8220216057692308 0.8633251947115385 0.8440933653846153 0.86767578125 0.8578510793269231 0.8767480480769231 0.8776311730769231 0.8945263677884616 0.8971219134615385 0.8879931634615384 0.9008487644230769 0.8818261730769231 0.9051504639423077 0.8727587884615384 0.9074421298076923 0.8596972668269232
0 0.42545524759615383 0.3486181634615385 0.39509644951923073 0.35074218749999997 0.37199845673076926 0.3479394543269231 0.3541165120192308 0.34413574278846154 0.3422453701923077 0.35001953125 0.3387770072115384 0.3548144519230769 0.3279089495192308 0.35458984375 0.29443672836538465 0.3538671875 0.28335262259615385 0.35839355528846156 0.2651157403846154 0.3667626947115385 0.25403163461538464 0.37273925721153844 0.2408371923076923 0.38400878846153846 0.2296450625 0.40161132692307694 0.22570987740384615 0.42243163942307693 0.2321450625 0.45727538942307694 0.24537808653846155 0.4885058581730769 0.25996527884615384 0.5100927740384615 0.2792746923076923 0.519140625 0.2989429014423077 0.5322656250000001 0.30788194471153846 0.5417724615384615 0.32161265384615384 0.53896484375 0.3404243822115385 0.53154296875 0.3612692908653846 0.5190966802884616 0.3688503076923077 0.50841796875 0.38887345673076923 0.49642578125000003 0.41815972115384614 0.48266601442307694 0.4322145072115384 0.47655761778846156 0.4547067908653846 0.44687011778846153 0.4712615745192308 0.42880859375 0.4827044759615384 0.4203027331730769 0.5105941346153846 0.3804785168269231 0.4923611105769231 0.3628271490384615 0.46303626442307694 0.3573974615384615 0.42545524759615383 0.3486181634615385
0 0.7413966057692308 0.7069287115384615 0.7571643509615384 0.70451171875 0.7693248461538461 0.7010644519230769 0.7790702163461538 0.700546875 0.8044367283653846 0.6987353509615384 0.8078780865384616 0.69580078125 0.8141859567307693 0.6882128894230769 0.8256249999999999 0.6897265625 0.8341087956730769 0.6877001947115384 0.8457870360576922 0.6841650384615385 0.8597878076923077 0.682529295673077 0.8737847211538461 0.68162109375 0.8795640432692308 0.6747314447115385 0.8858719134615385 0.6618798822115385 0.8902662043269232 0.6495166009615385 0.8910570985576923 0.6331005865384616 0.8949266971153846 0.6266894519230769 0.9082793221153846 0.6247558605769231 0.9155401225961538 0.6259326177884615 0.9251929014423077 0.6275341802884615 0.93728009375 0.6288037115384615 0.954861110576923 0.6288037115384615 0.9615007716346154 0.62732421875 0.9594212956730769 0.6220654302884616 0.9505825625 0.6136572259615385 0.9360609567307693 0.602470701923077 0.9244984567307692 0.5921630865384615 0.9203665120192308 0.5822753894230769 0.9102391971153847 0.5575146490384616 0.9002777788461539 0.5499560552884616 0.8924884254807692 0.5461767572115385 0.8785609567307693 0.537138670673077 0.8591396610576923 0.5287353509615385 0.8192476850961538 0.5266162115384615 0.7910609567307693 0.5426416009615385 0.7583333341346153 0.554130858173077 0.7435223774038462 0.5701513677884615 0.7437615745192308 0.581943358173077 0.7370756177884614 0.6215478509615384 0.73134259375 0.6445263677884616 0.7227430552884615 0.6792968749999999 0.717723764423077 0.7058984375 0.7169830240384615 0.7092578125 0.71834490625 0.7091650384615384 0.7413966057692308 0.7069287115384615
0 0.6745601850961538 0.13302734375 0.68111496875 0.0987109375 0.6724729927884615 0.07495117307692307 0.6790277788461538 0.02705566346153846 0.6897569447115385 0.0002783197115384615 0.5663888894230769 0 0.5546797836538462 0.0010693365384615385 0.5390354927884615 0.02935546875 0.5134375 0.05764160096153846 0.48986882692307687 0.07336425721153847 0.4699922836538461 0.09852050721153846 0.45086033894230765 0.10761230528846154 0.47893132692307694 0.11609863221153846 0.5099807091346154 0.11673828124999999 0.5330748461538461 0.12239257692307692 0.5618595673076923 0.14030761778846154 0.5938966057692308 0.15162109375000002 0.6169868822115384 0.16041015625000002 0.6341242283653846 0.17142089903846153 0.6418402788461539 0.18556640625 0.6566820985576923 0.22392089903846155 0.6727700624999999 0.22392089903846155 0.6826041658653845 0.19525878846153846 0.6793287043269232 0.15716796875 0.6745601850961538 0.13302734375
0 0.3181057091346154 0.13319335817307693 0.31681712980769233 0.11816894471153847 0.30704475240384616 0.10326171875 0.2957445985576923 0.08207031249999999 0.2884606490384615 0.07052246153846155 0.27054398076923075 0.06568359375 0.2592708341346154 0.058124999999999996 0.2531288581730769 0.052866211538461536 0.24763503125 0.03629882932692308 0.23686342548076922 0.02747070192307692 0.21247299278846155 0.03986328125 0.18096450721153845 0.04993164182692308 0.16221450721153846 0.06063476682692308 0.14496527884615384 0.05875976682692308 0.12853009375 0.06126953125 0.113125 0.07154785096153846 0.11212191346153846 0.0751171875 0.09680941346153847 0.08512206971153846 0.08073302403846154 0.09120117067307693 0.06264660576923077 0.10903808653846155 0.04688271634615385 0.12690429567307693 0.04621527884615385 0.14262695432692307 0.056844134615384616 0.15816894471153847 0.0621450625 0.16049316346153847 0.08073302403846154 0.16049316346153847 0.0981442908653846 0.16385253846153847 0.11207175961538461 0.15586914182692307 0.13015432211538464 0.15629394471153846 0.15055555528846154 0.15795410096153845 0.16548611057692308 0.15837890625 0.18184799278846153 0.16040527403846155 0.19692129567307692 0.17025878846153847 0.21717978365384616 0.18277831971153846 0.23234953605769232 0.20693359374999998 0.25957947596153846 0.21095214903846154 0.28196373557692306 0.21080078124999999 0.2903935192307692 0.2063574230769231 0.3011458341346154 0.19849609375000002 0.3092669759615384 0.17340331971153844 0.31906249999999997 0.15919433653846154 0.3181057091346154 0.13319335817307693
0 0 0.7849951177884615 0.019128086538461538 0.79515625 0.03461033894230769 0.786083985576923 0.030594134615384613 0.75669921875 0.03518132692307692 0.7193310552884615 0.04570216105769231 0.6987597644230769 0.048483795673076924 0.6957470697115385 0.07195987740384616 0.6952392572115385 0.09208333413461538 0.68994140625 0.12590663461538462 0.68591796875 0.14043981490384616 0.6818896490384615 0.15855709855769232 0.6365380865384616 0.16773148076923078 0.6224267572115385 0.1752700625 0.5896679687499999 0.19639660576923076 0.56876953125 0.2103279326923077 0.5508837884615384 0.22305555528846155 0.5052783197115385 0.22365740625000002 0.4631933581730769 0.2202739206730769 0.43475097596153844 0.20634259375000003 0.4163574230769231 0.18025848798076924 0.4085205072115385 0.15895833413461538 0.40652831971153847 0.14184799278846152 0.4085205072115385 0.11874228365384616 0.40423828125 0.10042438221153846 0.4019921875 0.08729552403846154 0.4010839831730769 0.0766049375 0.4086669927884615 0.06450617307692308 0.41232910096153846 0.046076389423076916 0.4134912115384616 0.03314814903846154 0.4185693365384615 0.01829861057692308 0.42165527403846154 0.0018171298076923076 0.4257177740384615 0 0.42792968750000004 0 0.7401904302884615 0 0.7849951177884615
0 1 0.65525390625 0.9868479927884616 0.6484423822115384 0.9781597211538462 0.6350830072115384 0.9634645072115385 0.6301074206730769 0.9363580240384616 0.6306347668269231 0.91048996875 0.6316796875 0.896211420673077 0.6306347668269231 0.8891782403846153 0.6583935552884616 0.880486110576923 0.6798681634615384 0.8891782403846153 0.7023925769230769 0.8980748461538461 0.7270117187499999 0.9053163581730769 0.74875 0.9148379639423077 0.78515625 0.9148379639423077 0.8108203125 0.9142168221153846 0.8495800793269231 0.9185609567307692 0.8608447259615384 0.9582908942307693 0.8679150384615385 1 0.8783935552884615 1 0.65525390625
0 0 0.3795361322115385 0.007013889423076924 0.3774169927884615 0.031141975961538462 0.37832519471153847 0.042368826923076926 0.3789306634615385 0.04642746875 0.37862793028846153 0.047145062499999994 0.37862793028846153 0.04618827163461539 0.3858837884615385 0.04451774759615385 0.3967675793269231 0.049054783653846155 0.395859375 0.07485339423076923 0.3934423822115385 0.09635416586538462 0.39767578124999997 0.13099151201923076 0.3710693365384615 0.14221836538461538 0.3547412115384615 0.14866898076923077 0.3311621105769231 0.16180555528846152 0.3323681634615384 0.2038503076923077 0.3381152331730769 0.2196141971153846 0.3287402331730769 0.23633873557692306 0.3160449206730769 0.24708719230769233 0.29155761778846156 0.2544907403846154 0.2670654302884615 0.2544907403846154 0.2486230480769231 0.24851851923076923 0.2416699230769231 0.24398148076923076 0.23743652403846155 0.24254629567307692 0.23018066346153845 0.23967978365384615 0.22111328125000002 0.2358603389423077 0.21959960817307692 0.23155864182692307 0.20871581971153846 0.22917052403846153 0.20267089903846153 0.22463348798076924 0.19813476442307693 0.22081018509615385 0.1911816418269231 0.21866126442307693 0.18725097596153845 0.21579475240384616 0.18422851682692307 0.2105362644230769 0.17908691346153846 0.2038503076923077 0.17576171875 0.1966820985576923 0.17213378846153848 0.1904706778846154 0.1694140625 0.1868904326923077 0.16669433653846152 0.18258873557692307 0.16185546874999998 0.16729938221153845 0.1603417956730769 0.15272762259615386 0.16004394471153846 0.1469945985576923 0.15974121153846152 0.13911265384615384 0.15762206971153844 0.1321875 0.15731933653846156 0.11641975240384615 0.15701660096153847 0.11164351923076922 0.15701660096153847 0.10089120432692307 0.16367187500000002 0.09874228365384616 0.16548339903846154 0.09491898076923078 0.16367187500000002 0.08918595673076922 0.16185546874999998 0.06959876442307691 0.16246093749999999 0.057179783653846156 0.1603417956730769 0.04260802403846154 0.15369140625 0.0328125 0.1476464855769231 0.023973764423076922 0.14673828125000002 0.01393904326923077 0.15792480528846153 0.010597992788461538 0.15641601682692308 0.005578704326923077 0.15490234375 0.0003240745192307692 0.15369140625 0 0.15490234375 0 0.3795361322115385