0 0.23264274759615383 0.20377441346153846 0.24195216105769232 0.20747558653846154 0.25315972115384616 0.21643066346153847 0.26350694471153846 0.22843261778846152 0.27419367307692305 0.24764160096153848 0.2781674375 0.25615234375 0.2786766971153846 0.26880859375 0.2831674375 0.27470703125 0.29195987740384616 0.2906347668269231 0.2988541658653846 0.2971875 0.3047222211538462 0.3087451177884616 0.31074845673076923 0.3220605480769231 0.31606867307692305 0.33373046875 0.3220679014423077 0.34185058653846156 0.32910107932692306 0.3434277355769231 0.3386226850961539 0.34760742067307693 0.3446219134615385 0.3489208990384615 0.3535223774038462 0.3523339855769231 0.3632407403846154 0.3557324230769231 0.36800154326923074 0.35677734375000003 0.38047839423076923 0.3643847644230769 0.38622299278846156 0.367109375 0.3923341057692307 0.37029296875 0.39880015384615386 0.37529296874999996 0.4031095673076923 0.37620605528846157 0.41233024759615383 0.3787792980769231 0.4175115745192307 0.3794775384615384 0.42118441346153845 0.3769384759615385 0.42510416586538463 0.37833984375 0.42839892067307694 0.38376953124999996 0.43189043269230765 0.38818847596153844 0.43518518509615384 0.39399902403846154 0.4387770072115385 0.3961474615384616 0.44336805528846157 0.39564453125 0.44955632692307695 0.39652831971153846 0.4530478389423077 0.39425293028846153 0.45663966105769227 0.39425293028846153 0.4611304014423077 0.3955175793269231 0.46711805528846156 0.3991796875 0.47360339423076925 0.4001904302884615 0.4773958341346154 0.3977880865384616 0.4785956778846154 0.3899609375 0.4765972211538462 0.3789697259615385 0.47170910576923075 0.3668457019230769 0.4617206778846154 0.33788574278846156 0.4493634254807692 0.3184228509615385 0.4409336418269231 0.3039355480769231 0.43302855048076927 0.2833837884615385 0.42756944471153846 0.2711962884615385 0.4174498461538461 0.2446582019230769 0.4096682091346154 0.22672363221153846 0.40138503124999997 0.21586425721153846 0.38831018509615384 0.20207031250000002 0.3831597211538461 0.1933300793269231 0.3741782403846154 0.18490722596153847 0.37059799278846156 0.1790234375 0.3619135793269231 0.16933593749999998 0.35846064903846153 0.15605956971153848 0.34884259375 0.1444140625 0.34165509375 0.13823730528846154 0.3330362644230769 0.12895507932692307 0.3220254639423077 0.11845703125000001 0.314961420673077 0.11224609375 0.30373456730769227 0.09677246153846154 0.29899305528846154 0.09003906249999999 0.2957523149038461 0.08519043028846154 0.28901620432692304 0.08098632932692308 0.27911651201923077 0.07845703125 0.2689467596153846 0.07705566346153846 0.264375 0.07631347596153847 0.2579706778846154 0.07494628846153846 0.24701003125 0.07605956971153846 0.24261959855769233 0.07454589903846154 0.23283950721153845 0.07151367307692308 0.22485725240384616 0.068984375 0.21727237740384617 0.06469238221153846 0.20978780769230768 0.065703125 0.20509644951923076 0.06747070432692308 0.1985108028846154 0.07012206971153846 0.19302083413461538 0.07365722596153847 0.1890316346153846 0.07644043028846154 0.18703317788461538 0.08338378846153846 0.18683642067307693 0.09221191346153847 0.18783179086538462 0.10529785096153846 0.1854282403846154 0.12012695432692308 0.18761188221153846 0.13229003846153847 0.18917052403846152 0.14931640625 0.19571759375 0.16109863221153847 0.20436728365384615 0.1833300769230769 0.20736111057692305 0.20025390625 0.20995756250000003 0.21035644471153844 0.21677469230769233 0.21053222596153848 0.2234992283653846 0.20660644471153844 0.23264274759615383 0.20377441346153846
0 0.78138503125 0.39155273317307693 0.774826389423077 0.38589843749999997 0.7691666658653846 0.3768457019230769 0.7638040120192309 0.36967773557692307 0.756651235576923 0.36138183653846156 0.7506905865384615 0.35459472596153846 0.7399652788461538 0.3395068365384616 0.7348996923076924 0.33121093749999997 0.7301311730769231 0.32140625 0.7250655865384614 0.3221582019230769 0.7146334879807692 0.32329101682692307 0.7027160504807692 0.3244238269230769 0.6949691346153847 0.32630859375 0.6690432091346155 0.33724609375000003 0.6601041658653847 0.3421484375 0.6511651225961538 0.34705078125 0.6416280865384615 0.3496923822115384 0.6314969134615385 0.35912109375 0.6189814807692307 0.3719433605769231 0.6160030865384616 0.3972119134615385 0.61540509375 0.4164453125 0.6091473774038462 0.42436523557692307 0.6049768509615384 0.43190918028846154 0.6019984567307692 0.43605468750000004 0.6106365745192307 0.45076171875 0.6148109567307692 0.456796875 0.6225578701923078 0.46283203125 0.63209490625 0.46584960817307697 0.6404359567307693 0.4620800793269231 0.647588735576923 0.47263671874999996 0.6481828701923077 0.4809326177884615 0.6332870360576923 0.49413574278846156 0.6249421298076924 0.501298829326923 0.6177893509615384 0.5069580072115385 0.6234529326923077 0.51525390625 0.6303047836538462 0.5239306634615384 0.6353703701923077 0.5314697259615385 0.6428202163461538 0.5397705072115385 0.6487808653846153 0.5427832019230769 0.6562307091346155 0.5420312500000001 0.6669560192307693 0.535244141826923 0.6726195985576923 0.529208983173077 0.6785802475961538 0.5156298822115384 0.6848379639423077 0.5050732427884616 0.6904976850961538 0.4922509759615385 0.701523920673077 0.4718847644230769 0.7092708341346154 0.46169921875000003 0.7185108028846153 0.45453613221153844 0.7322145072115384 0.4526513677884615 0.7444328701923077 0.44774902403846156 0.7635030865384616 0.4405810552884616 0.771253858173077 0.4390722668269231 0.7810841057692308 0.4183300793269231 0.7906211418269231 0.4055078125 0.7900270072115384 0.3987207043269231 0.78138503125 0.39155273317307693
0 0 0.12220214903846155 0.018811728365384615 0.12861328125 0.05486496875000001 0.12182617307692307 0.08347222115384614 0.09881836057692307 0.1037345673076923 0.08071777403846155 0.10820601923076922 0.049414062499999994 0.1001620360576923 0.024521485576923078 0.09092206730769231 0.015849610576923075 0.0769174375 0.013208007211538463 0.05844135817307693 0.013208007211538463 0.04234953605769231 0.01622558653846154 0.023576389423076924 0.02226074278846154 0.009868826923076925 0.02301269471153846 0 0.02490234375 0 0.12220214903846155
0 0.5260995360576923 0 0.5332021610576922 0.00845703125 0.53459490625 0.012622069711538461 0.5305131177884616 0.033447264423076925 0.5229243822115385 0.04570800721153846 0.5158410504807692 0.046342774038461536 0.5060570985576923 0.07353515625 0.502546295673077 0.08735351682692308 0.49677083413461537 0.11158203125 0.4903626538461538 0.12989746153846154 0.4868711418269231 0.13706054567307693 0.48265817788461535 0.15143066346153847 0.48087577163461537 0.16558105528846154 0.4849575625 0.17921875 0.48843749999999997 0.19751953125000002 0.4877314807692308 0.20813964903846155 0.4941280865384616 0.2184863269230769 0.4980208341346154 0.22606933653846153 0.4980208341346154 0.23198242307692307 0.5032253076923077 0.23638183653846154 0.5091165120192308 0.24244140625000002 0.5266203701923077 0.25493652403846156 0.5400115745192308 0.26735839903846154 0.5553896610576923 0.2790332043269231 0.5795601850961538 0.30309570192307694 0.59142746875 0.31231933653846156 0.6014158942307692 0.31509765624999997 0.6064043221153846 0.316484375 0.6102816346153846 0.31490234375 0.6239351850961538 0.3008935552884615 0.6330478389423077 0.27974121153846154 0.6391242283653846 0.2719384759615385 0.6448302475961539 0.25822753846153845 0.6509220673076922 0.24542480528846153 0.6586959879807692 0.22603515625 0.666875 0.19411621153846154 0.6690162043269231 0.18551269471153847 0.6717901225961539 0.16166992307692307 0.6750655865384616 0.12767578124999998 0.6762307091346155 0.11516601682692308 0.6745756177884614 0.09979492307692307 0.6731520072115385 0.08484375000000001 0.6746643509615384 0.07578613221153846 0.6768171298076923 0.06903808653846154 0.67634259375 0.04270507932692307 0.6733256177884616 0.03197265625 0.6727507716346154 0.026152343749999998 0.6760570985576924 0.01651367307692308 0.681431326923077 0.00634765625 0.6822916658653846 0 0.537368826923077 0 0.5260995360576923 0
0 0.7725694447115384 0.6215966802884616 0.78084490625 0.6155712884615384 0.7833294759615386 0.6103369134615385 0.7862268509615385 0.5906933605769231 0.7862268509615385 0.56423828125 0.7887075625000001 0.5443359375 0.7963657403846154 0.5367431634615385 0.8065046298076923 0.5411914062500001 0.8129205240384615 0.5396240240384615 0.8232677475961538 0.527314454326923 0.8228549375 0.5199804687499999 0.8131288581730769 0.5079296875 0.7984336418269231 0.47964843749999997 0.7901581778846154 0.4586962884615385 0.7837422836538461 0.44690918028846155 0.772361110576923 0.43957519471153844 0.7591165120192307 0.4437646490384616 0.7413233028846153 0.45240722596153843 0.7191782403846154 0.45791015625 0.7082137355769231 0.4660253894230769 0.6951736105769231 0.4856689447115385 0.6889660504807692 0.5011230456730769 0.6748958341346154 0.5283593750000001 0.6666165120192308 0.5626708990384615 0.6641358028846154 0.57576171875 0.66103009375 0.5975 0.6726195985576923 0.6030029302884615 0.6862770072115385 0.6058837884615385 0.6991087956730768 0.601953125 0.709868826923077 0.6016943365384615 0.7197993822115384 0.6048339855769231 0.7289043221153846 0.6095507812500001 0.7388387355769231 0.6126904302884616 0.7479436730769231 0.6153125 0.7551851850961538 0.6208105456730769 0.7624305552884615 0.6234277331730769 0.7725694447115384 0.6215966802884616
0 0.6462924375000001 0.46966796875 0.6022608028846154 0.44501953125000004 0.5895563269230769 0.42037109375 0.5539930552884615 0.39572265624999997 0.5489120360576923 0.3946484375 0.5175848774038462 0.38286132932692307 0.4955671298076923 0.3667871105769231 0.47947916586538464 0.37214355528846155 0.4837152788461539 0.3807177740384615 0.5150424375 0.43215820192307697 0.5353665120192308 0.4803857427884616 0.618348764423077 0.49860351442307693 0.642056326923077 0.48681640625 0.6471373461538461 0.4803857427884616 0.6462924375000001 0.46966796875
0 0.88321759375 0.5626171875 0.8854938269230769 0.5432373052884615 0.8964583341346154 0.49714355528846155 0.90142746875 0.4798535168269231 0.9173611105769232 0.43700683653846156 0.9228858028846154 0.4304638677884615 0.9289081778846153 0.4232568365384616 0.9340817908653847 0.41802246153846156 0.9375347211538462 0.40819824278846156 0.9420254639423077 0.4040332019230769 0.9473649687500001 0.4025146490384615 0.95357253125 0.39313964903846155 0.9458757716346154 0.3788916009615385 0.9365625000000001 0.3660058605769231 0.9294868822115384 0.35859375000000004 0.9193055552884615 0.3513916009615385 0.9113811730769231 0.34570800721153844 0.9005362644230769 0.3389013677884615 0.8870871923076924 0.33717285096153843 0.8738001538461538 0.33869140625 0.8651929014423078 0.3461035144230769 0.8531057091346154 0.35702636778846153 0.84553240625 0.3666357427884615 0.8248418221153847 0.3814599615384615 0.8082870360576924 0.3969628894230769 0.7865779326923078 0.4158984375 0.7826466057692307 0.42192382932692307 0.7843016971153846 0.43842285096153844 0.7896836418269231 0.45439941346153845 0.8047878076923076 0.4894921875 0.8256867283653846 0.5196142572115384 0.8503125 0.5379443365384615 0.8697646610576922 0.5455419927884615 0.8755594134615384 0.5571191394230769 0.8811458341346154 0.5620947259615384 0.88321759375 0.5626171875
0 0.6649035504807692 1 0.6684992283653847 0.9995703125000001 0.6817168221153846 0.9793847644230769 0.6912037043269231 0.9661035168269231 0.7143402788461538 0.9340966802884616 0.7258371923076923 0.91208984375 0.7446604927884616 0.8920800793269231 0.7590316346153846 0.8617089831730769 0.7646373461538462 0.83751953125 0.7738348774038462 0.8204248052884615 0.7765625 0.8093310552884615 0.7719637355769231 0.7982324206730769 0.7577391971153846 0.7920507812500001 0.7397762355769231 0.78041015625 0.7317283942307693 0.7745898437500001 0.7325887355769231 0.76294921875 0.7304359567307692 0.7524023437499999 0.723391204326923 0.7418505865384616 0.7180748461538461 0.7400341802884616 0.7118981490384615 0.7378515625000001 0.7081597211538462 0.7362158197115385 0.7067245360576924 0.7358496081730769 0.6963773149038462 0.7616796874999999 0.6952276225961539 0.7758642572115384 0.6845910504807692 0.793505858173077 0.6771219134615385 0.8029638677884615 0.6690740745192307 0.8236962884615384 0.6657677475961539 0.8311523437499999 0.6574344134615384 0.8353369134615385 0.64794753125 0.8415185552884614 0.6394714495192309 0.84861328125 0.6243788581730769 0.8677099615384616 0.6229436730769231 0.8853515624999999 0.6202121923076922 0.8984472644230769 0.6159027788461539 0.9084521490384615 0.6123109567307693 0.9146337884615385 0.6148958341346155 0.9315478509615385 0.6151851850961538 0.9395507812499999 0.61576003125 0.9501025384615385 0.6150385793269231 0.9571923822115385 0.6133140432692308 0.9657421875 0.6084297836538461 0.9693798822115384 0.6033989206730769 0.9766552740384615 0.601246141826923 0.9848388677884615 0.6039737644230769 0.985927735576923 0.6069907403846154 0.98501953125 0.611878858173077 0.98501953125 0.6215084879807692 0.985927735576923 0.6253858028846154 0.9875683605769231 0.6299845673076923 0.9899316418269231 0.6364506177884616 0.9964794927884615 0.6410493822115384 1 0.6649035504807692 1
0 0.46975308653846154 0.05545410096153846 0.46213734615384616 0.05018066346153846 0.4563888894230769 0.048544923076923076 0.44978009375 0.050361326923076925 0.44187499999999996 0.05854492307692308 0.43756558653846156 0.062182617788461535 0.43411651201923074 0.06873046875000001 0.4302353389423077 0.07928222596153846 0.42520833413461534 0.08746581971153847 0.4203202163461538 0.09474121153846153 0.41500385817307694 0.10347168028846153 0.4058063269230769 0.11347168028846154 0.404371141826923 0.11911132692307692 0.4065239206730769 0.12856933653846153 0.41313657451923075 0.13529785096153846 0.42865740625000004 0.14330078124999998 0.4346913581730769 0.14275390625 0.43871527884615386 0.13784179807692307 0.4430246923076923 0.13693359375 0.45236496875000004 0.14766601682692307 0.45696373557692305 0.15384765625 0.46875 0.16439941346153847 0.4721990745192307 0.17076171874999999 0.4765084879807692 0.17221679567307693 0.47981481490384614 0.1683984375 0.48096450721153844 0.15966796875 0.48096450721153844 0.14748535096153848 0.4844135793269231 0.139296875 0.48872299278846154 0.13002441346153845 0.4937538581730769 0.11765625 0.4966280865384615 0.10274414182692307 0.5032368822115385 0.08237304567307692 0.5075501538461539 0.06327636778846155 0.49978780769230774 0.06945800721153847 0.4894405865384615 0.07127929567307692 0.47780092548076925 0.06272949278846154 0.46975308653846154 0.05545410096153846
0 1 0.24158691346153846 0.9801041658653846 0.22348632692307693 0.969375 0.2130761706730769 0.9636535504807693 0.20447753846153846 0.97009259375 0.19859374999999999 0.9650848774038461 0.19044921875 0.9522145072115384 0.1836621081730769 0.9253935192307693 0.17144043028846154 0.9038695985576923 0.15664062499999998 0.8857368822115385 0.15098632932692307 0.8708256177884616 0.14311035096153846 0.8569174374999999 0.14062011778846153 0.8427584879807692 0.13682128846153846 0.8305979927884616 0.12835449278846153 0.8166898149038461 0.11609375000000001 0.7998109567307693 0.11043456971153846 0.7930902788461538 0.10979980528846153 0.7831828701923077 0.14754394471153848 0.7792129639423078 0.16040038942307694 0.7919444447115385 0.20062988221153846 0.7879398149038461 0.21163086057692307 0.7752816346153846 0.23457519471153845 0.7703125 0.25466796875 0.76634259375 0.27132324278846154 0.7680941346153846 0.2936328125 0.7745293221153846 0.3096533197115384 0.7897260793269231 0.3300634759615385 0.78915509375 0.35798828125 0.7861535504807692 0.3745996105769231 0.7813966057692308 0.3870410144230769 0.7959837956730769 0.40365234375000003 0.8180825625 0.3854589831730769 0.8449035504807691 0.36346191346153844 0.8659992283653846 0.34115234375000003 0.8801581778846154 0.33644531250000004 0.9017206778846153 0.3370800793269231 0.9162037043269231 0.34513671875 0.9382677475961538 0.36351074278846157 0.9492091057692308 0.378671875 0.9529282403846153 0.38654296875 0.9585416658653846 0.3917480456730769 0.963263889423077 0.38953125 0.9728819447115384 0.38210937500000003 0.9823919759615385 0.3771777331730769 1 0.36699218749999996 1 0.24158691346153846
0 0.8127121923076923 0.7803076177884616 0.8216126538461539 0.766953125 0.8280285504807693 0.74337890625 0.8365123461538461 0.725048829326923 0.8497530865384615 0.7143115240384615 0.8698263894230769 0.6891650384615384 0.8832793221153845 0.66533203125 0.8959027788461539 0.6456933605769231 0.88865740625 0.6195019519230769 0.8830709879807692 0.5935742187499999 0.8770717596153846 0.5815283197115385 0.8687924375 0.578642576923077 0.8621720673076924 0.5841455072115385 0.8468595673076924 0.5796923822115384 0.839409721153846 0.5773339855769231 0.8286458341346153 0.573408201923077 0.8207831778846154 0.570263673076923 0.8125077163461539 0.5736669927884616 0.8075385793269232 0.578642576923077 0.8000925937500001 0.592265625 0.7781558653846155 0.6187158197115384 0.7690509254807693 0.6310253894230768 0.7599459879807693 0.6404541009615384 0.7500115745192308 0.6564306634615384 0.7435995360576922 0.6663818365384616 0.7380092596153845 0.667431641826923 0.7280787043269231 0.6692626947115384 0.72290509375 0.6784277331730769 0.7237307091346155 0.6896923822115385 0.7278703701923077 0.6988574230769231 0.7295254639423077 0.7072363269230769 0.7280787043269231 0.7156201177884616 0.72290509375 0.7284521490384616 0.7216628076923077 0.7339501947115384 0.7255941346153846 0.7412841802884615 0.7295254639423077 0.7467871081730769 0.7328356490384615 0.7554296875000001 0.7342862644230769 0.764072264423077 0.7332523149038461 0.7693066418269231 0.73490740625 0.7745458990384615 0.7415277788461538 0.7808300769230769 0.7464930552884615 0.7831884759615384 0.7533217596153846 0.7863330072115384 0.7632561730769231 0.7907861322115385 0.7754668221153846 0.78869140625 0.7856057091346155 0.7829296875 0.8000925937500001 0.7787353509615385 0.8127121923076923 0.7803076177884616
0 0.5758680552884615 0.6110400384615384 0.5511728389423077 0.6074658197115385 0.5215354927884616 0.6012158197115385 0.5109529326923077 0.5913916009615384 0.49260416586538464 0.5887109375 0.4855478389423077 0.5887109375 0.4735532403846153 0.5913916009615384 0.4636728389423077 0.595859375 0.4530902788461538 0.6012158197115385 0.44744598798076923 0.613720704326923 0.4495601850961538 0.6226513677884615 0.45167824038461535 0.6306884759615384 0.47002314903846154 0.6414013677884616 0.4784915120192308 0.6414013677884616 0.486253858173077 0.6485498052884615 0.49684027884615384 0.6628369134615385 0.5257677475961539 0.6735546875 0.5942168221153846 0.6896289062500001 0.6083294759615385 0.68337890625 0.5984490745192308 0.6565869134615384 0.5949189807692308 0.6342578125 0.5758680552884615 0.6110400384615384
0 0.7078279326923076 0.24880859375 0.7178780865384616 0.2500341802884615 0.7295910504807692 0.25538574278846154 0.7367978389423077 0.26047363221153846 0.7425501538461539 0.2672265625 0.7466358028846154 0.27020996153846155 0.7493402788461538 0.2706494134615384 0.7507253076923077 0.23942382932692308 0.7511419759615384 0.22337402403846152 0.7532908942307692 0.17574706971153847 0.7532908942307692 0.1213671875 0.7526658942307692 0.09698242067307693 0.7496875000000001 0.07268554807692308 0.7474691346153846 0.06479003846153847 0.7398456778846154 0.06014160096153846 0.7313233028846154 0.06163574278846154 0.7254320985576924 0.06268554807692307 0.7196797836538462 0.06172363221153846 0.7154513894230768 0.06505371153846154 0.7071373461538462 0.06803711057692308 0.7011072524038462 0.06733398557692308 0.6946604927884615 0.06707519471153846 0.682048610576923 0.06759765625 0.6784452163461538 0.06891601442307692 0.6748418221153846 0.08110839903846154 0.6759490745192308 0.09461425721153846 0.6778202163461539 0.11697753846153845 0.6765046298076923 0.1304003918269231 0.6742862644230769 0.15337890625 0.676296295673077 0.18092285096153848 0.6758101850961539 0.19846191346153846 0.6746334879807693 0.21696777403846154 0.6731095673076923 0.23363281249999998 0.6729706778846154 0.24021484375 0.6762268509615385 0.23626464903846156 0.6823263894230769 0.24170410096153847 0.6889776225961538 0.24495117067307692 0.7078279326923076 0.24880859375
0 0.5811535504807692 1 0.5954668221153846 0.9825830072115385 0.6139197524038461 0.9603222644230769 0.6144367283653847 0.9483203125 0.6127121923076924 0.9230029302884616 0.6083989206730769 0.9149267572115385 0.6120216057692308 0.8992138677884616 0.612538579326923 0.8865527355769232 0.6142631177884615 0.8723681634615384 0.6196103389423077 0.8494482427884615 0.6180594134615384 0.8308984375 0.6134027788461538 0.81322265625 0.6077121923076922 0.7979443365384615 0.6087461418269231 0.7874658197115385 0.6121952163461539 0.7700048822115384 0.6096064807692307 0.7556005865384615 0.6070216057692307 0.7422900384615385 0.60736496875 0.7169726562500001 0.6063310192307692 0.7030029302884616 0.6056404326923077 0.7001660168269231 0.5854668221153847 0.6912207019230769 0.5727044759615384 0.684453125 0.5571836418269231 0.6805224615384616 0.5337307091346154 0.6750683605769231 0.5168325625 0.6715771490384616 0.4921720673076923 0.6528076177884615 0.4814814807692308 0.6394921875 0.4651003076923077 0.6386181634615385 0.4500964495192308 0.6384033197115385 0.44492283894230766 0.6377490240384615 0.4407831778846154 0.6360009759615385 0.43474922836538465 0.6370947259615385 0.43336805528846156 0.6327294927884615 0.4307831778846154 0.6268359375 0.4249189807692308 0.6181054687499999 0.4162962956730769 0.6146142572115385 0.39129243750000003 0.6119921875000001 0.3788773149038462 0.6095947259615385 0.3654243822115385 0.61068359375 0.3524922836538461 0.6135205072115385 0.3481828701923077 0.6150488269230769 0.3388695985576923 0.620068360576923 0.3142091057692307 0.6314160144230769 0.3038618822115385 0.6394921875 0.29455246875 0.6427685552884616 0.2873070985576923 0.6493164062500001 0.28127314903846157 0.656298826923077 0.27627314903846156 0.6735400384615384 0.27385802403846154 0.697109375 0.2726504639423077 0.706494141826923 0.2731674375 0.7171923822115385 0.27868441346153844 0.7440332019230769 0.27782407451923075 0.7597509759615384 0.2821334879807692 0.7754638677884615 0.2824807091346154 0.78201171875 0.2854128076923077 0.78943359375 0.2916203701923077 0.8023095697115384 0.29282793269230767 0.8265332019230769 0.2940316346153846 0.8457421875000001 0.3002430552884615 0.8658203124999999 0.3035185192307692 0.8843701177884615 0.30834490625 0.9083789062500001 0.31145061778846156 0.9181982427884615 0.3150733028846154 0.9260546875 0.32024691346153844 0.9426416009615385 0.3393865745192307 0.9679589855769231 0.34300925961538464 0.9762548822115384 0.34835262259615385 0.9897851562500001 0.35300925961538465 1 0.45682098798076926 1 0.5746026225961539 1 0.5811535504807692 1
0 0.5684992283653846 0.6007763677884616 0.56142746875 0.5721875 0.5552199062500001 0.5407568365384615 0.5529783942307692 0.5265722668269232 0.5422878076923077 0.523515625 0.5226273149038462 0.5208984375 0.4983140432692308 0.5193701177884615 0.47727237740384615 0.5187158197115385 0.4712384254807693 0.5189306634615385 0.47054783894230773 0.51609375 0.4658912043269231 0.51609375 0.46468750000000003 0.5167480456730769 0.44451003125 0.51587890625 0.4286458341346154 0.5130419927884615 0.4170910504807692 0.509765625 0.4139853389423077 0.5093310552884616 0.40398533894230765 0.496015625 0.3953626538461539 0.4896875 0.38743055528846154 0.4842285168269231 0.3712191346153846 0.47812011778846153 0.3632870360576923 0.47353515625 0.3550115745192307 0.4750634759615385 0.3482870360576923 0.47746581971153845 0.34776620432692307 0.48073730528846154 0.33914737740384615 0.4829199230769231 0.3336265432692308 0.49165038942307693 0.3369020072115385 0.5121679687499999 0.3381095673076923 0.5191503918269231 0.3419058653846154 0.5394482427884616 0.3456983028846154 0.5481787115384615 0.3479398149038462 0.5553808605769232 0.35707947596153844 0.5582177740384615 0.36639274759615387 0.5625830072115384 0.3798418221153846 0.5638916009615385 0.3903626538461538 0.5721875 0.4051929014423077 0.58091796875 0.41174382692307687 0.5900830072115385 0.42761188221153845 0.60099609375 0.43812885817307695 0.6084130865384615 0.44123456730769234 0.6108154302884615 0.4434760793269231 0.61103515625 0.4448533942307692 0.6077587884615384 0.4493364206730769 0.60361328125 0.4539930552884615 0.6023046875 0.45934027884615386 0.5988134759615384 0.46692901201923076 0.5942285144230769 0.4693402788461538 0.58986328125 0.47417052403846155 0.5889892572115385 0.4776195985576923 0.58986328125 0.4836535504807692 0.5857177740384615 0.4929668221153846 0.5883349615384615 0.5000385793269231 0.5892089855769231 0.504691358173077 0.5857177740384615 0.5110725312500001 0.5863720697115384 0.5121064807692307 0.5907373052884616 0.5164197524038461 0.5959765625 0.5203858028846153 0.6007763677884616 0.5281442908653846 0.6055761730769231 0.5417669759615384 0.606015625 0.5514274687499999 0.6055761730769231 0.5609104927884615 0.6097265625 0.5684992283653846 0.6007763677884616
0 0 0.23780273557692308 0.007183641826923077 0.24162109375000002 0.010057870192307692 0.23961913942307692 0.015952932692307693 0.23216308653846152 0.023568673076923077 0.22307128846153848 0.033051697115384616 0.21833984374999998 0.04684799278846154 0.22252441346153845 0.05863040144230769 0.23270996153846155 0.07170910576923077 0.23762206971153846 0.07745756250000001 0.24034668028846154 0.08650848798076922 0.24107421874999999 0.09355324038461539 0.23307617307692308 0.10202932211538461 0.22779785096153848 0.10592592548076923 0.21259277403846152 0.10692901201923077 0.20084472596153846 0.10592592548076923 0.18834960817307692 0.10253472115384615 0.1759667956730769 0.09314814903846155 0.16890625 0.08707175961538462 0.16447265625000002 0.08317515384615384 0.1575390625 0.07718364182692308 0.15501464903846152 0.07020061778846154 0.15248535096153845 0.06680941346153846 0.15273925721153844 0.06162037019230769 0.1473925793269231 0.05647762259615385 0.14806640625 0.05098765384615385 0.1479199206730769 0.045567129807692314 0.14615722596153846 0.03690200721153846 0.14366211057692307 0.03287808653846154 0.14717285096153845 0.02615355048076923 0.14717285096153845 0.022619598557692307 0.14637206971153846 0.017777778846153846 0.14681152403846154 0.012789350961538461 0.14664550721153846 0.008005401442307693 0.1459375 0.00294753125 0.14681152403846154 0 0.14541015625 0 0.23780273557692308
0 0.19747685096153844 0 0.2019328701923077 0.01371581971153846 0.2039467596153846 0.021352538461538464 0.20466435096153848 0.03153808653846154 0.2056712956730769 0.03954101682692308 0.21543981490384614 0.05299804567307693 0.22463734615384615 0.06227538942307693 0.23225308653846152 0.06573242067307693 0.2388657403846154 0.06300293028846154 0.24748842548076924 0.054453125 0.2549614206730769 0.048271485576923075 0.26803626442307693 0.0269921875 0.2730671298076923 0.01189453125 0.27522376442307694 0.0006201177884615385 0.27522376442307694 0 0.19747685096153844 0
0 0.15561342548076923 1 0.16455632692307692 0.9859228509615385 0.17826388942307692 0.9719677740384616 0.19167052403846155 0.95763671875 0.20537808653846154 0.9583886706730769 0.22146990625 0.9591455072115385 0.23249614182692308 0.935009766826923 0.23696373557692307 0.9029541009615384 0.2363695985576923 0.8791943365384616 0.23934799278846153 0.855810548076923 0.23696373557692307 0.8229980480769231 0.23189814903846154 0.7943359375000001 0.23040894951923077 0.7781201177884616 0.2241512355769231 0.7702001947115384 0.21253086538461538 0.7664257812499999 0.20001543269230768 0.769443358173077 0.19315972115384616 0.7713330072115384 0.18034722115384616 0.7713330072115384 0.17677083413461536 0.7505859374999999 0.16842978365384614 0.7339941418269231 0.1636612644230769 0.7306005865384615 0.15621142067307695 0.7283349615384616 0.14756944471153846 0.7283349615384616 0.14250385817307692 0.7294677740384615 0.13505401201923076 0.7279589855769231 0.1258179014423077 0.72607421875 0.11896219230769231 0.7245654302884615 0.10883101923076924 0.7256982427884615 0.10167824038461538 0.7287158197115384 0.09482638942307692 0.7313525384615385 0.0903549375 0.7362548822115385 0.08707947596153846 0.7385205072115385 0.0781404326923077 0.7339941418269231 0.07456404326923077 0.7324853509615384 0.07217978365384616 0.7309765625 0.06621913461538462 0.7136279302884615 0.06264274759615385 0.7068408197115384 0.05906635817307693 0.6962792980769231 0.05340663461538461 0.686474610576923 0.05012731490384615 0.6819482427884616 0.04655092548076923 0.6713916009615384 0.043572531250000004 0.6593212884615384 0.03641975240384616 0.6547949206730769 0.03254629567307692 0.65404296875 0.026589507211538462 0.6544189447115384 0.022415122596153844 0.6578124999999999 0.017947531250000003 0.6596972644230769 0.012283949519230768 0.6563037115384615 0.007515432692307692 0.6551708990384615 0.0018557091346153845 0.6532861322115384 0 0.6547949206730769 0 1 0.15561342548076923 1
0 1 1 0.9997608028846153 0.8465966802884615 0.9924537043269231 0.8388671875 0.9820370360576922 0.8311376947115385 0.9731751538461538 0.82568359375 0.96455246875 0.825078125 0.9556905865384615 0.8203759759615384 0.9450308653846153 0.8156787115384615 0.9354513894230769 0.8131005865384615 0.9304243822115384 0.8146191394230768 0.9176080240384615 0.81052734375 0.9096952163461538 0.8133740240384615 0.8970370360576924 0.8111474615384615 0.8786766971153847 0.8096337884615384 0.8681983028846154 0.8095117187499999 0.8591203701923077 0.8063574206730769 0.84482253125 0.8023730480769231 0.8356250000000001 0.7990966802884615 0.8290162043269231 0.8089208990384615 0.8268595673076924 0.8154687500000001 0.8287268509615384 0.8331103509615385 0.8255671298076923 0.853115235576923 0.8242746923076923 0.8778515625 0.8199614206730769 0.9013134759615385 0.8178549374999999 0.93921875 0.8145254639423077 0.9606933605769231 0.8133989206730768 0.9868115240384616 0.8183950624999999 0.9948876947115385 0.82321759375 1 0.9347453701923077 1 1 1
0 0 0.6143798822115385 0.0011844134615384616 0.61173828125 0.006971449519230769 0.6114892572115385 0.011041665865384616 0.615166014423077 0.013946759615384616 0.6180566394230769 0.01963348798076923 0.6207275384615384 0.022241512019230768 0.6202246105769231 0.025918209134615382 0.621982420673077 0.031801697115384615 0.6246240240384615 0.03470679086538461 0.6269189447115384 0.046678240384615384 0.6256591802884616 0.05762731490384616 0.6244042956730769 0.06701388942307693 0.6257861322115384 0.07575617307692308 0.6274511706730769 0.08241126442307692 0.6292431634615384 0.10644675961538462 0.6308154302884615 0.12199074038461538 0.6294628894230769 0.13006172836538463 0.6300927740384614 0.14111496874999999 0.6303124999999999 0.15084876442307693 0.6288378918269231 0.15717978365384616 0.6271386730769231 0.17011574038461538 0.6183691394230769 0.17312114182692306 0.6132177740384616 0.1736921298076923 0.6068994134615384 0.17081404326923078 0.5984765625 0.16748456730769232 0.5848339855769231 0.16577160576923078 0.570849608173077 0.16706404326923077 0.5537548822115385 0.17195601923076922 0.543916016826923 0.17898148076923076 0.5328222668269231 0.18732638942307694 0.5275732427884615 0.19624228365384616 0.5235498052884615 0.20386574038461538 0.5224511706730769 0.21233024759615388 0.5206591802884616 0.22295910576923078 0.5204736322115384 0.23832947596153845 0.5233642572115385 0.2472453701923077 0.5250292956730769 0.25414737740384613 0.5280761730769231 0.2678819447115385 0.50560546875 0.2760262355769231 0.49014160096153847 0.2830054014423077 0.46845703125000004 0.2847916658653846 0.45132812499999997 0.2896103389423077 0.4350488269230769 0.3001890432692308 0.4190234375 0.31061728365384617 0.3924951177884616 0.31032021634615387 0.38306640625 0.3119097211538462 0.3641503894230769 0.3147878076923077 0.34667480528846156 0.3150617283653846 0.3377783197115385 0.3120331778846154 0.32784668028846153 0.3066203701923077 0.3183251947115385 0.30378857932692305 0.30798828125 0.29817515384615384 0.3014160144230769 0.2938811730769231 0.29591796875000004 0.29055169711538464 0.2927734375 0.2868287043269231 0.28350586057692306 0.28240740625 0.27570800721153843 0.2768441346153846 0.2726611322115385 0.27604938221153846 0.2663134759615385 0.2775424375 0.25883300721153846 0.2741396610576923 0.25242187499999996 0.2689004639423077 0.2457910144230769 0.2650501538461538 0.23384765625 0.2564583341346154 0.22303710817307693 0.24978009375 0.2174707019230769 0.24309799278846153 0.21470703124999999 0.2371875 0.20939453125000002 0.23219907451923077 0.2054980480769231 0.22636188221153847 0.20854980528846154 0.22201774759615384 0.21103027403846156 0.21811728365384614 0.2129785168269231 0.2106674375 0.2123828125 0.20361496875 0.21122070192307693 0.19929398076923077 0.21024413942307693 0.19621527884615386 0.21150390624999998 0.18710262259615387 0.21630859375 0.17627700721153847 0.22533203124999998 0.17185570913461537 0.22866211057692307 0.15529320913461536 0.2403515625 0.13979552403846154 0.24918456971153846 0.1275308653846154 0.25839355528846153 0.11804398076923077 0.2710253894230769 0.11216049278846155 0.29381347596153845 0.10868441346153847 0.30257812500000003 0.1070679014423077 0.3080810552884615 0.10175540144230769 0.31072265625 0.09304012259615384 0.3103417980769231 0.09015817788461539 0.30983886778846154 0.07545910576923077 0.32146972596153844 0.06981867307692308 0.3258691418269231 0.06167438221153846 0.3296728509615384 0.048140432692307694 0.34680175721153844 0.04183642067307692 0.35688964903846154 0.03475694471153846 0.36700683653846156 0.026265432692307692 0.38026855528846154 0.018989197115384614 0.38684081971153844 0.010497685096153845 0.3950439447115385 0.002527007211538461 0.40173828125 0 0.4078027355769231 0 0.6143798822115385