0 0.8276581778846155 0.6262158197115385 0.8522916658653846 0.62849609375 0.8721219134615384 0.6307763677884615 0.8853395072115385 0.6231738293269231 0.8961535504807692 0.6140478509615385 0.8967554014423077 0.5942724615384616 0.8949537043269231 0.5836279302884615 0.8913464495192307 0.56841796875 0.8793287043269231 0.5554931634615385 0.8643094134615384 0.5547314447115385 0.8450810192307692 0.5638574206730769 0.8366705240384615 0.5653759759615384 0.8264544759615385 0.56841796875 0.8240509254807692 0.5805859375 0.8156404326923077 0.5851513677884616 0.8084297836538461 0.6102441394230769 0.8108333341346154 0.6201318365384616 0.8276581778846155 0.6262158197115385
0 0.30794753125 0.28060546875000003 0.3142129639423077 0.27161621153846155 0.30961805528846154 0.26526855528846155 0.3004243822115385 0.2568066418269231 0.2899807091346154 0.252578125 0.2795370360576923 0.25310546875 0.2653317908653846 0.25892578125 0.25488425961538463 0.26474121153846153 0.25154320913461536 0.27319824278846155 0.24903549278846154 0.2837744134615385 0.2578086418269231 0.29223632692307694 0.2661651225961539 0.2991113293269231 0.26825617307692307 0.30017089903846156 0.27911651201923077 0.2980517572115385 0.29374228365384614 0.28747558653846156 0.30794753125 0.28060546875000003
0 0.550941358173077 0.17463378846153846 0.5555401225961538 0.16353027403846154 0.5555401225961538 0.1513671875 0.5530324062499999 0.14502441346153847 0.5388271610576922 0.14185058653846155 0.5267091057692308 0.14237793028846155 0.5154282403846154 0.14555175721153846 0.5133410504807693 0.14713867067307693 0.5179359567307692 0.15876953124999998 0.5258757716346154 0.16881835817307692 0.5317245360576923 0.1756933581730769 0.5442592596153847 0.17674804567307692 0.550941358173077 0.17463378846153846
0 0.5628858028846154 0.6960449230769231 0.5500424375 0.7277832019230769 0.5524691346153846 0.7521484375 0.5634529326923077 0.7910546875000001 0.5878395072115384 0.8095703125 0.6219830240384615 0.80494140625 0.670756173076923 0.7910546875000001 0.6853858028846154 0.7694482427884615 0.690266204326923 0.7324121105769231 0.693923610576923 0.6907470697115384 0.674413579326923 0.6490771490384616 0.6414930552884616 0.6351904302884616 0.604911264423077 0.6259326177884615 0.5634529326923077 0.6259326177884615 0.5561381177884616 0.6444482427884615 0.5683333341346154 0.6722265625 0.5628858028846154 0.6960449230769231
0 0.9212770072115385 0.0563671875 0.9288001538461538 0.045581055288461535 0.9252893509615384 0.03098632932692308 0.9117515432692307 0.027177733173076923 0.9057368822115385 0.029082031249999998 0.9017245360576923 0.03098632932692308 0.8992168221153847 0.04177246153846154 0.8997183653846155 0.05509765625 0.9062384254807692 0.06588378846153846 0.9212770072115385 0.0563671875
0 0.26579089423076924 0.5226904302884615 0.30038580288461536 0.5131738269230769 0.3199382716346154 0.4973095697115385 0.3344791658653846 0.4814453125 0.3294637355769231 0.46177734375 0.3074035504807692 0.4560644543269231 0.28584490625 0.4547949206730769 0.27581790144230767 0.4503564447115384 0.26880015384615386 0.4535253894230769 0.26328317788461536 0.4744677740384615 0.2642862644230769 0.4916015625 0.25740355048076924 0.5071044927884615 0.2552623461538462 0.515712891826923 0.26579089423076924 0.5226904302884615
0 0.6444753076923077 0.39532714903846156 0.6340046298076923 0.39816894471153846 0.6197916658653846 0.40574218749999996 0.610443673076923 0.40574218749999996 0.6067013894230769 0.41284179807692306 0.6018402788461539 0.4270410168269231 0.5947337956730769 0.43745605528846154 0.5969791658653846 0.44408203125 0.6040817908653846 0.45733886778846156 0.6108140432692308 0.4677490240384615 0.6257754639423077 0.4729589831730769 0.63625 0.4814794927884615 0.6500848774038462 0.48810546875 0.6672916658653846 0.4862109375 0.6792592596153846 0.47626953125000004 0.6740239206730769 0.45212890624999996 0.6613078701923077 0.418046875 0.657191358173077 0.4062158197115385 0.6549498461538461 0.401953125 0.6444753076923077 0.39532714903846156
0 0.6847029326923076 0.2858984375 0.681423610576923 0.27136230528846156 0.67173996875 0.2588964855769231 0.6628780865384616 0.25495117067307693 0.6588734567307692 0.23984375000000002 0.6576273149038462 0.22753418028846153 0.65040509375 0.22171875 0.6320601850961538 0.22534179807692306 0.6180169759615384 0.2283203125 0.6015354927884615 0.22932128846153846 0.5938541658653846 0.2348046875 0.5865702163461538 0.23106445432692307 0.5808564807692307 0.24078613221153844 0.5767245360576922 0.25549316346153844 0.5716010793269231 0.2679541009615385 0.5824344134615385 0.29013671875 0.5861766971153846 0.30010742307692306 0.5962191346153847 0.3133154302884616 0.6040972211538461 0.3173046875 0.6178819447115385 0.31530761778846156 0.6413155865384615 0.3270214855769231 0.6538541658653846 0.3276464855769231 0.673711420673077 0.32328613221153846 0.6871682091346153 0.3193359375 0.6929089495192307 0.30168456971153845 0.6847029326923076 0.2858984375
0 0.5865046298076924 0.40763671875 0.5842631177884615 0.4005322259615385 0.5823919759615385 0.3929589831730769 0.5779012355769231 0.3806542980769231 0.5756597211538461 0.3640869134615385 0.5741628076923078 0.3550927740384615 0.5685532403846154 0.34941406249999996 0.5618209879807693 0.34609863221153847 0.53040509375 0.34751953125 0.5150694447115385 0.34894043028846156 0.4855246923076923 0.3645605456730769 0.47991126442307697 0.37639160096153845 0.4750501538461539 0.4095263677884615 0.4750501538461539 0.4194677740384615 0.47953703605769227 0.43461425721153846 0.4851504639423077 0.4431347668269231 0.49076003125 0.4535498052884615 0.5019791658653846 0.4540234375 0.51357253125 0.4540234375 0.5203047836538461 0.4540234375 0.5247955240384615 0.4549707019230769 0.5446180552884615 0.4535498052884615 0.5666820985576924 0.4436083990384615 0.5756597211538461 0.42940918028846153 0.5831404326923078 0.418046875 0.5865046298076924 0.40763671875
0 0.46798996875000004 0.22174316346153844 0.4540625 0.22798828125 0.44680941346153846 0.24194336057692306 0.4494212956730769 0.25736328125 0.45348379567307695 0.265078125 0.4781442908653846 0.26654296875 0.48365740625 0.257734375 0.4793055552884615 0.23973632692307692 0.4735030865384615 0.22211425721153846 0.46798996875000004 0.22174316346153844
0 0.5452507716346153 0.01893066346153846 0.5372299375 0.019560545673076926 0.5282060192307692 0.0201953125 0.5186805552884615 0.025908201923076926 0.5121604927884615 0.03542480528846154 0.5146682091346154 0.04431152403846154 0.5231905865384616 0.05065429567307692 0.5387345673076923 0.05827148557692308 0.5487615745192308 0.05827148557692308 0.5582870360576924 0.04177246153846154 0.5527739206730768 0.029716795673076925 0.5452507716346153 0.01893066346153846
0 0.6951427475961538 0.3929052740384616 0.6988001538461539 0.40988281249999997 0.7045910504807692 0.42607421874999996 0.7133873461538461 0.4256347668269231 0.7536689807692307 0.4530908197115385 0.7743981490384615 0.4530908197115385 0.784151235576923 0.4469189447115385 0.7926890432692308 0.4376611322115384 0.8121952163461538 0.42068359375000003 0.8146373461538462 0.39753418028846155 0.8048804014423077 0.3851904302884615 0.787808641826923 0.37438964903846156 0.7670833341346154 0.3574121081730769 0.7536689807692307 0.3620410144230769 0.7292824062500001 0.3620410144230769 0.7158719134615384 0.3604980456730769 0.7000192908653846 0.3543261706730769 0.6853858028846154 0.3712988269230769 0.6853858028846154 0.38056152403846155 0.6951427475961538 0.3929052740384616
0 0.934027778846154 0.02061035096153846 0.9283603389423077 0.004213867788461539 0.9240393509615384 0.004213867788461539 0.9162152788461538 0.004897461538461539 0.90919753125 0.002163086538461538 0.8983989206730769 0 0.8905748461538461 0.0014794927884615385 0.8849074062500001 0.0093359375 0.8962422836538462 0.02573242307692308 0.9094675937500001 0.0267578125 0.9253896610576924 0.022998048076923076 0.934027778846154 0.02061035096153846
0 0.4519868822115385 0.8156738269230769 0.46051697596153846 0.8106884759615384 0.47151234615384613 0.8113134759615386 0.48103009375 0.8038330072115384 0.4967862644230769 0.79884765625 0.5089313269230769 0.7953173822115385 0.5036805552884616 0.7782861322115384 0.4928472211538461 0.7627099615384616 0.48201774759615384 0.7541943365384616 0.4698726850961539 0.7427734374999999 0.46577160576923077 0.7433935552884615 0.4582214495192308 0.7427734374999999 0.4455864206730769 0.7512890624999999 0.4280246923076923 0.75751953125 0.41801311778846156 0.7656201177884616 0.41817901201923074 0.7770410168269231 0.4093171298076923 0.7897119134615385 0.39963348798076925 0.8015478509615386 0.39864969230769226 0.8138037115384615 0.40685570913461533 0.8246044927884615 0.4234297836538462 0.8302099615384615 0.4442708341346154 0.8370654302884616 0.4432870360576923 0.8252246081730769 0.44771990625 0.822109375 0.4519868822115385 0.8156738269230769
0 0.6122878076923077 0.5913183605769231 0.6064853389423077 0.58458984375 0.6014081778846154 0.5646972644230769 0.5999575625 0.5616357427884615 0.5924614206730769 0.5604150384615385 0.5823070985576924 0.5625537115384616 0.5707021610576923 0.5686767572115385 0.5598186730769231 0.5735693365384615 0.543618826923077 0.5793847644230768 0.53830246875 0.584892576923077 0.5404783942307693 0.5934619134615384 0.5445871923076923 0.6038671875 0.5448302475961538 0.6154931634615385 0.5595794759615385 0.6164111322115384 0.5794058653846154 0.6161083990384615 0.5936689807692308 0.609375 0.6081790120192307 0.60203125 0.6103549375 0.5965234375 0.6122878076923077 0.5913183605769231
0 0 0.2410546875 0.005003858173076923 0.28889160096153843 0.012318673076923078 0.27963378846153847 0.03182870432692308 0.256484375 0.059872685096153844 0.24876953124999998 0.08304012259615384 0.23642578125000002 0.10011188221153847 0.21944824278846153 0.10986496874999999 0.1947558605769231 0.09889274759615385 0.15771972596153847 0.07694444471153847 0.13302734375 0.047681326923076923 0.13302734375 0.012318673076923078 0.15000488221153846 0 0.16080566346153846 0 0.2410546875
0 0.20253472115384616 0.8095703125 0.20863040144230768 0.845068360576923 0.21472607932692306 0.8666699230769231 0.23911265384615385 0.8697558605769231 0.2586226850961538 0.855869139423077 0.2793518509615385 0.8358056634615385 0.3049575625 0.8234619134615385 0.31592978365384616 0.8095703125 0.30983410576923076 0.78642578125 0.30861496875 0.7601904302884616 0.2891049375 0.7262402331730768 0.26228009375 0.7169824230769231 0.24155092548076923 0.730869139423077 0.21838348798076923 0.7385839831730769 0.20497299278846154 0.7679052740384615 0.1976581778846154 0.7972265625 0.20253472115384616 0.8095703125
0 0.35393132692307694 0.45712890625 0.35312114182692306 0.4427832019230769 0.3493402788461539 0.43287597596153843 0.34205246875 0.4260449230769231 0.33719521634615385 0.42194824278846155 0.32396990625 0.4209228509615385 0.31506558653846156 0.4233154302884615 0.30669753125 0.4260449230769231 0.30048996875 0.43014648557692303 0.2961728389423077 0.4332177740384615 0.2856442908653846 0.4472265625 0.30615740625 0.45166503846153844 0.32613040144230765 0.45439941346153845 0.3398958341346154 0.46088867067307693 0.35393132692307694 0.45712890625
0 0.0782793221153846 0.49667480528846153 0.07075617307692307 0.509365235576923 0.06524305528846154 0.5271337884615385 0.08028549278846153 0.5455371081730769 0.08981095673076923 0.5569580072115385 0.10234567788461539 0.5582275384615385 0.11838734615384615 0.5341162115384616 0.11437885817307693 0.5233251947115385 0.10585262259615386 0.5131738269230769 0.09432870432692307 0.49033203125 0.08329089423076923 0.4935058605769231 0.0782793221153846 0.49667480528846153
0 0.7682870360576923 0.26412109375 0.7549421298076923 0.26815918028846153 0.7488503076923076 0.27146484374999996 0.7494290120192308 0.28945800721153847 0.7505902788461539 0.30268066346153844 0.7381134254807692 0.32030761778846156 0.7340509254807692 0.32728027403846155 0.7349228389423076 0.3349951177884615 0.7471064807692307 0.34270507932692307 0.7653858028846153 0.3463769543269231 0.7822145072115384 0.35739257932692303 0.7816358028846154 0.35004882692307693 0.80165509375 0.31920410096153845 0.8019444447115384 0.299375 0.7967206778846154 0.27697265625 0.7862770072115384 0.2703662115384616 0.778441358173077 0.26779296875 0.7682870360576923 0.26412109375
0 0.8481134254807692 0.28938964903846154 0.8396797836538461 0.27871581971153847 0.8224344134615384 0.26685546875 0.8171875 0.2706494134615384 0.8145640432692307 0.28867675721153846 0.8098765432692308 0.3003027355769231 0.802191358173077 0.30694336057692306 0.8042554014423077 0.3216503918269231 0.8093171298076923 0.33303710817307697 0.8248726850961539 0.33730956971153847 0.8385532403846153 0.33398925721153844 0.8453009254807693 0.3074169927884615 0.8565470673076923 0.3000634759615385 0.8556095673076923 0.29674316346153845 0.8481134254807692 0.28938964903846154
0 0.5201851850961539 0.502578125 0.5121604927884615 0.48734863221153846 0.5031365745192308 0.47338867307692306 0.4865933653846154 0.4695800793269231 0.4770679014423077 0.47021484375 0.47305555528846155 0.4791015625 0.4670408942307693 0.4943261730769231 0.4595177475961538 0.5127294927884616 0.4625270072115385 0.529228514423077 0.4740586418269231 0.5463623052884615 0.4931095673076923 0.5501660168269231 0.5106597211538462 0.5463623052884615 0.5171759254807692 0.5311328125 0.5216898149038461 0.5209814447115385 0.5226890432692307 0.5133642572115384 0.5201851850961539 0.502578125
0 0.8019444447115384 0.16681152403846153 0.7833757716346154 0.1671777331730769 0.7755401225961538 0.17231933653846154 0.7648070985576924 0.17966308653846155 0.7613233028846154 0.19618652403846154 0.7650964495192307 0.21197753846153844 0.7691589495192308 0.22446288942307693 0.7746720673076923 0.23474609375 0.7839544759615384 0.23474609375 0.8025231490384616 0.21638183653846152 0.8164506177884616 0.2002246081730769 0.8184837956730769 0.1950878918269231 0.8089081778846154 0.17672363221153847 0.8019444447115384 0.16681152403846153
0 0.5068672836538461 0.19640625 0.4981635793269231 0.19420410096153845 0.4827854927884615 0.19640625 0.47727623557692306 0.19787597596153847 0.4735030865384615 0.20081543028846155 0.4813271610576923 0.21733398557692307 0.4862692908653846 0.2290917980769231 0.4961342596153846 0.22357910096153846 0.5077391971153846 0.21550293028846154 0.510351079326923 0.2048535168269231 0.5068672836538461 0.19640625
0 0.6060532403846154 0.14994140625 0.5901736105769231 0.14888183653846154 0.5859953701923077 0.15258300721153845 0.5784760793269231 0.16791992067307693 0.5734645072115385 0.18325195432692307 0.5801466057692308 0.19436035096153845 0.6060532403846154 0.21127929567307693 0.6252700625000001 0.2155078125 0.6419830240384615 0.19330078125 0.65201003125 0.17320800721153845 0.6348804014423077 0.15893066346153845 0.6290316346153847 0.15628418028846153 0.6060532403846154 0.14994140625
0 0.13303240625 0.6120410144230769 0.14644675961538461 0.6074121081730769 0.16229552403846154 0.6104980456730769 0.18546296394230768 0.6120410144230769 0.20253472115384616 0.6120410144230769 0.2110686730769231 0.5873486322115384 0.22204475240384614 0.5672900384615385 0.23545524759615383 0.544140625 0.2427700625 0.5256201177884615 0.25740355048076924 0.5071044927884615 0.25740355048076924 0.4854980456730769 0.2659375 0.46543456971153846 0.2525270072115385 0.4530908197115385 0.22692129567307692 0.4530908197115385 0.20741126442307692 0.4530908197115385 0.1879012355769231 0.4685253918269231 0.17327160576923079 0.4731542980769231 0.14888503125 0.4947558581730769 0.13425154326923078 0.5117333990384615 0.11474151201923077 0.53796875 0.10864583413461538 0.5672900384615385 0.09889274759615385 0.5904345697115384 0.09889274759615385 0.6120410144230769 0.10864583413461538 0.6135839831730769 0.13303240625 0.6120410144230769
0 0.08381172836538461 0.8821142572115386 0.07875771634615385 0.8930810552884616 0.07226080288461538 0.9104394543269231 0.06070987740384615 0.9332861322115384 0.04843364182692308 0.9634375000000001 0.05132330288461539 0.9835400384615384 0.09897376442307691 0.9689208990384616 0.11557870432692309 0.944248045673077 0.12135416586538463 0.9232324206730769 0.1227970673076923 0.88302734375 0.10908179086538462 0.88302734375 0.08381172836538461 0.8821142572115386
0 0.14001929086538462 0.25042480528846156 0.1443942908653846 0.2531933581730769 0.15109567788461536 0.25267578125 0.15642746875 0.25509765625 0.1613503076923077 0.25042480528846156 0.16832561778846153 0.26115722596153845 0.17530092548076923 0.26513671875 0.18118055528846153 0.25647949278846155 0.18145447596153846 0.2511181634615384 0.1794058653846154 0.24471191346153848 0.1794058653846154 0.23121093750000002 0.18336805528846153 0.21892089903846154 0.1774884254807692 0.21546386778846155 0.16600308653846152 0.20801757932692308 0.15328317788461537 0.20022949278846153 0.1443942908653846 0.20957519471153846 0.13468364182692308 0.22411621153846153 0.1247029326923077 0.22740234374999999 0.12087191346153846 0.23380859375000002 0.12716435096153847 0.24142578125 0.13454861057692308 0.24661621153846153 0.14001929086538462 0.25042480528846156
0 0.1160378076923077 0.6220458990384615 0.09878857932692307 0.6349072259615384 0.0801195985576923 0.6447753894230769 0.07137731490384615 0.6591357427884615 0.06310570913461538 0.6684033197115385 0.05577932211538462 0.6848535168269231 0.06665123557692308 0.6902392572115384 0.08697144951923078 0.6929296875000001 0.10233410576923077 0.7007080072115385 0.10824074038461538 0.7132666009615385 0.12241898076923077 0.71775390625 0.13021605048076923 0.7078857427884616 0.13730709855769233 0.6962207043269231 0.1415625 0.6854541009615385 0.14439814903846154 0.68037109375 0.15030478365384614 0.6809667956730769 0.1557407403846154 0.6800683581730769 0.1609375 0.6537499999999999 0.14864969230769232 0.6349072259615384 0.13376157451923076 0.6196533197115385 0.1160378076923077 0.6220458990384615
0 0.38908950721153845 0.07191894471153847 0.38177469230769234 0.09815429807692308 0.38665123557692305 0.11049804807692308 0.40250385817307693 0.10895507692307692 0.41835648076923077 0.12284668028846155 0.43176697596153846 0.13056152403846155 0.4573726850961538 0.12284668028846155 0.4622492283653846 0.10278320192307693 0.45127700721153846 0.08426269471153845 0.44761959855769234 0.06266113221153846 0.4342052475961538 0.03796875 0.41713348798076927 0.02407714903846154 0.40250385817307693 0.01481933653846154 0.3878703701923077 0.031796874999999995 0.3878703701923077 0.050312499999999996 0.38908950721153845 0.07191894471153847
0 0.0874228389423077 0.8464794927884616 0.10258101923076923 0.8537890625 0.15600694471153845 0.8318603509615384 0.1762229927884615 0.8108447259615384 0.20497299278846154 0.7679052740384615 0.2087114206730769 0.7386572259615385 0.20005015384615385 0.7130712884615384 0.17694444471153847 0.68931640625 0.16611496874999998 0.6874902355769231 0.14590277884615385 0.6938867187500001 0.11341049278846153 0.7340917956730769 0.09969521634615384 0.7752099615384616 0.0874228389423077 0.8263769519230769 0.0874228389423077 0.8464794927884616
0 0.6598958341346154 0.524580076923077 0.6383757716346155 0.5138671875 0.6340239206730769 0.5105029302884615 0.6277391971153846 0.50927734375 0.62 0.5101953125 0.615891204326923 0.5169287115384615 0.61298996875 0.5258056634615385 0.612503858173077 0.5349853509615385 0.6173418221153846 0.5404931634615384 0.6231442908653846 0.5432470697115385 0.6303973774038462 0.5469189447115385 0.6359567908653846 0.55181640625 0.6494984567307692 0.5570166009615385 0.6594135793269231 0.5469189447115385 0.6678742283653847 0.5365136706730769 0.6647299375 0.5273339831730769 0.6598958341346154 0.524580076923077
0 0.5623572524038462 0.23717285096153845 0.5667129639423076 0.23809081971153848 0.5720293221153846 0.23625488221153848 0.5700964495192308 0.21881347596153844 0.5652584879807692 0.20596191346153844 0.5604243822115385 0.19770019471153846 0.5551041658653847 0.19249511778846154 0.5471257716346154 0.19065918028846152 0.5326195985576923 0.19341308653846154 0.5268171298076922 0.19678222596153847 0.5202893509615385 0.20198242067307692 0.5176273149038462 0.218203125 0.5224652788461538 0.22799316346153847 0.5299614206730769 0.23870605528846156 0.5524459879807693 0.23441894471153846 0.5623572524038462 0.23717285096153845
0 0.3162731490384615 0.3611035168269231 0.31134259375 0.3581640625 0.3046682091346154 0.35045410096153845 0.29944444471153847 0.3445800793269231 0.2901620360576923 0.3401708990384616 0.28029706730769227 0.3423730480769231 0.2744945985576923 0.3486181634615385 0.2744945985576923 0.36 0.27971450721153845 0.36403808653846154 0.28783950721153845 0.3691796875 0.30176697596153845 0.37211914182692307 0.3064081778846154 0.37615722596153844 0.30814814903846155 0.3717529302884615 0.3162731490384615 0.3611035168269231
0 0.9170254639423077 0.579052735576923 0.9291396610576924 0.5779931634615385 0.9349922836538462 0.5711181634615385 0.9441820985576924 0.5605419927884616 0.9521219134615385 0.5515527331730768 0.9583873461538462 0.5367480456730769 0.9571334879807692 0.519296875 0.9521219134615385 0.515068358173077 0.9445987644230769 0.512421875 0.9274691346153846 0.508720701923077 0.9195331778846154 0.5034326177884615 0.9115933653846154 0.4960302740384615 0.9053279326923077 0.49708984375000004 0.9007291658653845 0.5044921875 0.8998958341346154 0.5140087884615384 0.9040740745192307 0.521943360576923 0.9141010793269231 0.543623045673077 0.9161882716346154 0.5568408197115384 0.9170254639423077 0.579052735576923
0 0.3269791658653846 0.32052734374999997 0.32871913461538466 0.3128125 0.32668981490384613 0.3102441418269231 0.322048610576923 0.2973925769230769 0.31508487740384616 0.29078125 0.30463734615384613 0.28931152403846155 0.2956442908653846 0.2973925769230769 0.2988348774038462 0.30767089903846156 0.30289737740384615 0.31318359375000004 0.30928240625000003 0.31171386778846155 0.31856481490384614 0.31501953125 0.3269791658653846 0.32052734374999997
0 0.49479166586538464 0.5880419927884616 0.4718094134615385 0.5959716802884615 0.46303626442307694 0.5991455072115385 0.44757716105769235 0.6192382812499999 0.44799382692307693 0.644091795673077 0.4517554014423077 0.6504345697115385 0.46888503125000003 0.6499072259615384 0.4814197524038461 0.6451464855769231 0.4960416658653846 0.6419775384615385 0.509413579326923 0.6372167956730769 0.5131751538461539 0.6255859374999999 0.5131751538461539 0.612890625 0.5027276225961539 0.5954443365384615 0.49479166586538464 0.5880419927884616
0 0.9627314807692307 0.43749511778846156 0.9735956778846154 0.43062011778846154 0.9740123461538462 0.4137011706730769 0.9681635793269231 0.40629394471153846 0.9618981490384615 0.40206543028846153 0.9547955240384615 0.39625 0.9422608028846154 0.40841308653846153 0.9155208341346154 0.42533203125 0.8971373461538461 0.43854980528846155 0.8866936730769232 0.453359375 0.8846026225961539 0.4634033197115385 0.8887808653846154 0.47715331971153846 0.9247145072115385 0.47292480528846154 0.9389197524038462 0.4739794927884615 0.9510339495192308 0.46181640625 0.9627314807692307 0.43749511778846156
0 0.9179050937500001 0.13720214903846153 0.9217746923076924 0.11791992307692307 0.925401235576923 0.11088378846153847 0.9140354927884615 0.10415039182692308 0.9002546298076923 0.09436035096153847 0.88478009375 0.08120117307692308 0.8726929014423077 0.07171386778846153 0.8668904326923077 0.0695703125 0.8589081778846155 0.07569336057692308 0.8526234567307692 0.09038085817307692 0.85044753125 0.10445800721153847 0.8535918221153846 0.12373535096153845 0.8543171298076923 0.12894043028846153 0.857943673076923 0.13689453125 0.8622955240384615 0.14332031250000002 0.8784953701923077 0.15372558653846152 0.9009799375 0.15923339903846154 0.9104089495192308 0.15097168028846156 0.9179050937500001 0.13720214903846153
0 0.9107561730769231 0.5420361322115385 0.8994753076923078 0.52564453125 0.8932098774038462 0.5134814447115384 0.886523920673077 0.5076660168269231 0.8806751538461538 0.5029052740384615 0.8723186730769231 0.5044921875 0.8627083341346153 0.5129541009615385 0.8626929014423077 0.53408203125 0.8618827163461538 0.5431152331730769 0.8597839495192308 0.5478515625 0.8881983028846154 0.5732324206730769 0.8949537043269231 0.5836279302884615 0.9086689807692309 0.58328125 0.9141010793269231 0.5631884759615384 0.9107561730769231 0.5420361322115385
0 0.2643595673076923 0.6154931634615385 0.25714892067307693 0.6132080072115385 0.24573302403846153 0.6094091802884616 0.23311728365384615 0.6124511706730769 0.22350308653846154 0.6200537115384616 0.21088348798076922 0.6306982427884615 0.2096836418269231 0.6474316418269231 0.2162924375 0.6626416009615385 0.22290123557692307 0.6801318365384615 0.23672839423076922 0.698388670673077 0.2613541658653846 0.7075048822115384 0.2703665120192308 0.6907763677884616 0.2697685192307692 0.6710058605769231 0.2751736105769231 0.633740235576923 0.2739737644230769 0.6200537115384616 0.2643595673076923 0.6154931634615385
0 0.3497183653846154 0.04494628846153846 0.34169753125 0.03352050721153846 0.33317515384615387 0.03098632932692308 0.3186342596153846 0.032255858173076926 0.30258873557692306 0.03542480528846154 0.27752314903846154 0.039233399038461535 0.2720061730769231 0.05255859375 0.2720061730769231 0.05827148557692308 0.27601851923076925 0.07223144471153846 0.28253472115384615 0.07793945192307693 0.3081057091346154 0.0823828125 0.3211419759615385 0.08111328125 0.3396913581730769 0.07413574278846154 0.35021990625000005 0.06081054567307693 0.3497183653846154 0.04494628846153846
0 0.7016242283653846 0.05379394471153846 0.6971257716346154 0.051801757211538464 0.6892554014423078 0.05237304807692308 0.6876813269230768 0.05351074278846154 0.6872299374999999 0.06005859375 0.6881288581730769 0.06603515624999999 0.6908294759615384 0.07229980528846154 0.7063464495192308 0.07827636778846155 0.7106211418269232 0.07571288942307693 0.7126466057692308 0.07229980528846154 0.7187191346153846 0.06461425721153846 0.7189429014423077 0.05749511778846154 0.7139969134615385 0.056640625 0.7016242283653846 0.05379394471153846
0 0.4988310192307692 0.868212889423077 0.5075231490384615 0.887353514423077 0.5244367283653847 0.9021630865384616 0.5425154326923077 0.9140625 0.5756481490384615 0.9376611322115385 0.5988155865384616 0.9500048822115384 0.6305169759615384 0.9268554687499999 0.6634375 0.91296875 0.6853858028846154 0.9067968750000001 0.693923610576923 0.8697558605769231 0.6828317908653846 0.8244628894230769 0.6573418221153846 0.8126611322115385 0.6305169759615384 0.8126611322115385 0.5866203701923077 0.806484375 0.5610146610576924 0.806484375 0.5244367283653847 0.8095703125 0.5158989206730769 0.8311767572115384 0.5171219134615385 0.8466113293269231 0.4988310192307692 0.868212889423077
0 0.4921566346153846 0.9454394543269231 0.4849382716346154 0.9463525384615384 0.4813271610576923 0.9463525384615384 0.47338734615384614 0.9527490240384615 0.4582253076923077 0.9600585937499999 0.4481172836538461 0.9746777331730769 0.44667438221153843 0.98564453125 0.45100694471153846 0.9938671875 0.49143518509615386 1 0.5167052475961539 0.992041016826923 0.5333101850961538 0.9774169927884616 0.5347530865384615 0.9637109375 0.515983795673077 0.9509228509615385 0.5044328701923078 0.9481787115384616 0.4921566346153846 0.9454394543269231
0 0.2542592596153846 0.11292480528846155 0.24297839423076925 0.11451171875 0.22751929086538464 0.12456054567307692 0.22710262259615385 0.13513671875 0.22793595673076925 0.14570800721153845 0.24882716105769231 0.15046874999999998 0.2642862644230769 0.14412597596153848 0.27222607932692305 0.12826171875 0.2680478389423077 0.1219140625 0.2542592596153846 0.11292480528846155
0 0.6830478389423077 0.98537109375 0.7068711418269231 0.972578125 0.7292515432692308 0.9533886730769231 0.7263657403846153 0.93419921875 0.7083140432692308 0.9186669927884614 0.657056326923077 0.9104394543269231 0.6305169759615384 0.9268554687499999 0.6057947524038462 0.9497314447115385 0.6166242283653846 0.9616113293269231 0.6339506177884615 0.98537109375 0.6548881177884615 0.9899365240384616 0.6830478389423077 0.98537109375
0 0.20370370432692309 0.3027587884615385 0.19618441346153848 0.29059570192307693 0.18197916586538462 0.2932421875 0.16150462980769228 0.3064599615384615 0.1506442908653846 0.33501464903846156 0.14646605048076922 0.34241699278846155 0.1401967596153846 0.3535253918269231 0.1401967596153846 0.36621581971153844 0.14562885817307694 0.3767919927884616 0.16902777884615386 0.37150390625 0.1869907403846154 0.3556396490384615 0.2041203701923077 0.34241699278846155 0.21414737740384615 0.3281396490384615 0.20370370432692309 0.3027587884615385
0 0.3284259254807692 0.9231347668269231 0.30899305528846155 0.9296923822115384 0.29733024759615384 0.93625 0.2976543221153846 0.9489550769230769 0.2976543221153846 0.9645361322115384 0.30089506250000003 0.9809326177884615 0.32518518509615385 0.9919970697115384 0.3559529326923077 0.9862597668269231 0.38153935096153846 0.9883105456730769 0.4 0.9899462884615384 0.4038888894230769 0.9833886730769231 0.3951427475961538 0.966171875 0.37150077163461537 0.93419921875 0.3497993822115385 0.9206738293269231 0.34396990624999996 0.9214941418269231 0.3284259254807692 0.9231347668269231
0 0.3803009254807692 0.03352050721153846 0.3702739206730769 0.03162109375 0.35673996875 0.03732910096153846 0.3457098774038462 0.05446288942307693 0.33467978365384615 0.08428710817307693 0.32464892067307694 0.11030273557692308 0.3206404326923077 0.12934081971153846 0.32464892067307694 0.14012695432692307 0.34721064903846155 0.12235839903846155 0.37929783894230773 0.09570800721153847 0.39082947596153844 0.06334472596153846 0.38983024759615387 0.039233399038461535 0.3803009254807692 0.03352050721153846
0 0.4710995360576923 0.33766113221153843 0.4715162043269231 0.34981933653846153 0.48447144951923077 0.3683300793269231 0.5082831778846153 0.35616699278846153 0.5304282403846154 0.34136230528846156 0.5438001538461539 0.3392480456730769 0.5400385793269231 0.3297265625 0.5304282403846154 0.31544921875000004 0.5199845673076923 0.30487304567307694 0.5091203701923077 0.28795410096153845 0.5003472211538461 0.27526367067307694 0.4907368822115385 0.27367675721153845 0.4790393509615385 0.27367675721153845 0.47527777884615385 0.2768505865384615 0.46859182211538464 0.28425293028846155 0.4639969134615385 0.2895410144230769 0.46859182211538464 0.3106933581730769 0.4710995360576923 0.3186230480769231 0.4710995360576923 0.33766113221153843
0 0.40593364182692304 0.7511962884615385 0.4135648149038461 0.7455126947115385 0.42029706730769234 0.7284716802884615 0.42388503125 0.7097265625 0.42568287019230766 0.7012109375000001 0.4319637355769231 0.68189453125 0.43510802403846155 0.6693994134615384 0.43600308653846154 0.6586083990384615 0.4342091057692308 0.64724609375 0.4270293221153846 0.6432714831730769 0.4207445985576923 0.6444042956730769 0.4135648149038461 0.64724609375 0.4045871923076923 0.651220704326923 0.4009953701923077 0.6563330072115385 0.39571759375 0.6611328125 0.38439043269230766 0.6659912115384615 0.3641936730769231 0.6784863293269231 0.35621142067307693 0.685986329326923 0.34949845673076924 0.690966795673077 0.34310185096153845 0.7029150384615386 0.34444830288461536 0.7131347644230769 0.3606057091346154 0.73017578125 0.3852893509615385 0.7449462884615384 0.3942669759615385 0.7500585937500001 0.40593364182692304 0.7511962884615385
0 0.40972607932692306 0.186796875 0.4009490745192308 0.18203613221153844 0.39217592548076924 0.1788671875 0.38214892067307693 0.17622070192307693 0.3679436730769231 0.17674804567307692 0.3579166658653846 0.18309570192307692 0.35332175961538465 0.19208496153846152 0.35332175961538465 0.19419921874999999 0.37086805528846156 0.21323730528846155 0.3808950625 0.2127050793269231 0.39259259375 0.20688964903846155 0.4051273149038461 0.20001464903846153 0.40972607932692306 0.186796875
0 0.897183641826923 0.18285644471153845 0.8986342596153847 0.1696972668269231 0.8887229927884616 0.16633300721153846 0.8751813269230768 0.1614355480769231 0.8555979927884615 0.16051757692307692 0.8468942908653846 0.15807128846153845 0.8418171298076923 0.16296875 0.8362538581730768 0.1724511730769231 0.8323842596153846 0.17887695432692308 0.8323842596153846 0.18377441346153847 0.8449575625 0.19295410096153848 0.8575308653846154 0.18775390625000002 0.8667206778846155 0.1831640625 0.8853356490384615 0.18163574278846153 0.897183641826923 0.18285644471153845
0 0.1374382716346154 0.4179931634615385 0.1113695985576923 0.42877929567307693 0.09783179086538461 0.44020019471153843 0.09081404326923076 0.45416015625 0.10836033894230769 0.4611425769230769 0.13242669711538463 0.45923828125 0.15348379567307693 0.46685546875 0.17604552403846155 0.46304687499999997 0.16802469230769232 0.44273925721153845 0.15699459855769232 0.4249707043269231 0.1374382716346154 0.4179931634615385
0 0.06853009374999999 0.8815966802884615 0.0885378076923077 0.8707421875 0.10201388942307693 0.8547216802884615 0.08567901201923077 0.8433544927884615 0.09221450721153847 0.8040771490384616 0.09956404326923077 0.77771484375 0.09057870432692307 0.7678955072115384 0.057094906249999994 0.7487744134615385 0.038310185096153845 0.7213818365384616 0.019525463942307694 0.6764208990384616 0.01013503125 0.6578173822115385 0 0.6443798822115384 0.00033564903846153846 0.8557568365384616 0.023202161057692308 0.8728125 0.03136959855769231 0.8908984375 0.04729552403846154 0.8929687500000001 0.06853009374999999 0.8815966802884615
0 0.4560956778846154 0.2735205072115385 0.45232253125 0.2632421875 0.44564814903846156 0.25736328125 0.43781635817307696 0.25405761778846153 0.42069830288461535 0.25185546875 0.4006751538461539 0.2544287115384615 0.3882021610576923 0.272421875 0.3841396610576923 0.29078125 0.3861689807692308 0.30620605528846156 0.3940046298076923 0.3142822259615385 0.4018364206730769 0.3175878894230769 0.4058989206730769 0.31391601442307693 0.41083333413461537 0.32125976682692303 0.4224382716346154 0.30657226682692307 0.44129629567307693 0.2933496081730769 0.4560956778846154 0.2735205072115385
0 0.5439930552884615 0.7228076177884616 0.5499151225961538 0.7062402355769231 0.5548996923076923 0.6892822259615384 0.5589544759615385 0.6798144543269231 0.5617592596153846 0.66916015625 0.5548996923076923 0.6557519543269231 0.5455516971153846 0.6482568365384616 0.5421219134615385 0.647861326923077 0.5340200625 0.6482568365384616 0.5218634254807692 0.6624560552884616 0.516566358173077 0.6746826177884616 0.5118904326923077 0.6813916009615385 0.5069020072115384 0.68888671875 0.4981751538461538 0.6880957043269231 0.4900733028846154 0.6924365240384615 0.48321759375 0.6987451177884616 0.47760802403846153 0.7030859374999999 0.47386574038461543 0.7086083990384615 0.4704398149038462 0.7287255865384614 0.4704398149038462 0.7409521490384615 0.4741782403846154 0.7488427740384616 0.47916666586538464 0.7539697259615384 0.48820216105769226 0.7567333990384615 0.4981751538461538 0.7693554687499999 0.5034760793269231 0.78947265625 0.5150077163461538 0.7934179687499999 0.5259143509615385 0.7871044927884616 0.5396296298076924 0.75318359375 0.5439930552884615 0.7228076177884616
0 0.631211420673077 0.581494141826923 0.6443634254807692 0.5653027355769231 0.6460339495192307 0.5573681634615385 0.6326658942307692 0.5473242187499999 0.6197145072115385 0.5393896490384615 0.608433641826923 0.526171875 0.59923996875 0.521943360576923 0.5896334879807692 0.5251123052884615 0.5821103389423077 0.53357421875 0.5879591057692308 0.5499658197115385 0.5984066346153847 0.5557861322115385 0.6082561730769231 0.5724121081730769 0.6156635793269231 0.583203125 0.631211420673077 0.581494141826923
0 0.9266358028846154 0.20449218749999998 0.9321952163461538 0.19806640625 0.9488773149038461 0.18980468749999999 0.9638695985576924 0.18521484375 0.9636265432692308 0.17480956971153847 0.9590316346153845 0.16501464903846155 0.9491203701923077 0.1515527355769231 0.9384799374999999 0.14145507692307693 0.9251813269230769 0.14420898317307693 0.9179282403846154 0.14481933653846155 0.9121141971153846 0.14653320432692307 0.9077739206730769 0.1616503894230769 0.8990702163461539 0.17756347596153846 0.89834490625 0.19470214903846153 0.8968942908653846 0.21734375 0.9094675937500001 0.22468749999999998 0.9143016971153847 0.2228515625 0.9162384254807693 0.2161230480769231 0.9266358028846154 0.20449218749999998
0 0.8294328701923077 1 0.8533294759615385 0.993212889423077 0.8730671298076923 0.97677734375 0.88267746875 0.9646142572115385 0.8938464495192308 0.9580419927884616 0.9172222211538461 0.9544238293269232 0.9322878076923077 0.9540966802884616 0.9390393509615385 0.9540966802884616 0.9413773149038461 0.9517919927884615 0.9421566346153847 0.9442333990384615 0.9330671298076924 0.9307568365384615 0.9151427475961539 0.91662109375 0.8847569447115385 0.9008447259615384 0.8522762355769231 0.8896484375 0.8481481490384616 0.884716798076923 0.8390432091346154 0.8824365240384615 0.8283950625000001 0.876513670673077 0.819058641826923 0.87421875 0.7998263894230769 0.8689550769230769 0.7899537043269231 0.8666552740384615 0.7795679014423077 0.8653417980769231 0.7741126538461539 0.8646826177884616 0.7642438269230769 0.8636962884615385 0.74580246875 0.8627099615384615 0.7354128076923078 0.8669873052884616 0.7286612644230769 0.8706005865384616 0.7229436730769231 0.8745458990384616 0.7161921298076923 0.8791455072115385 0.7135956778846153 0.8821044927884615 0.7089197524038462 0.8890087884615384 0.7052854927884616 0.8922949206730769 0.7045061730769231 0.8985400384615385 0.7177507716346153 0.9182666009615384 0.7351543221153847 0.9442333990384615 0.7647608028846153 0.9849951177884615 0.782681326923077 1 0.8294328701923077 1
0 0.34758101923076923 0.3829541009615385 0.33974537019230766 0.3847900384615385 0.3298804014423077 0.396171875 0.3269791658653846 0.4115966802884615 0.33713348798076925 0.4185693365384615 0.3449691346153846 0.421875 0.35657407451923073 0.42334472596153844 0.3670216057692308 0.42150878846153844 0.3835570985576923 0.4266503894230769 0.3876195985576923 0.4317919927884616 0.3937114206730769 0.43326171874999997 0.39139274759615383 0.4075537115384616 0.3890702163461538 0.40020996153846156 0.37659336538461535 0.3902978509615384 0.35802469230769235 0.3873583990384616 0.34758101923076923 0.3829541009615385
0 0.7468518509615384 0.60205078125 0.7263811730769232 0.59359375 0.7167708341346154 0.5983496105769232 0.7025655865384616 0.6052246105769231 0.6929552475961539 0.6131591802884615 0.6866898149038462 0.6284912115384615 0.6883603389423077 0.6358935552884616 0.7188580240384616 0.6358935552884616 0.7331172836538461 0.6352099615384615 0.7460185192307692 0.6210888677884616 0.7539544759615384 0.6046972668269232 0.7468518509615384 0.60205078125
0 0.1805555552884615 0.8108447259615384 0.16178626442307692 0.8272900384615384 0.15023148076923076 0.84556640625 0.16395061778846154 0.8875976562500001 0.16611496874999998 0.9095263677884616 0.17405864182692307 0.9241455072115384 0.21954089423076925 0.9232324206730769 0.22170910576923075 0.881201173076923 0.20726851923076922 0.8327734375 0.19932484615384613 0.8126708990384616 0.1805555552884615 0.8108447259615384
0 0.9049459879807693 0.30084472596153844 0.8927584879807693 0.29680175721153845 0.871871141826923 0.29533691346153845 0.8559104927884615 0.3015771490384615 0.84517746875 0.30708496153846154 0.8416936730769231 0.32360839903846156 0.8512692908653846 0.3375634759615384 0.8593942908653845 0.3507861322115385 0.8646141971153847 0.3544580072115385 0.8739004639423077 0.36216796875 0.8916010793269231 0.37281738221153843 0.9104591057692308 0.36033203124999996 0.9255439807692307 0.3467431634615385 0.9264158942307692 0.3331591802884616 0.9049459879807693 0.30084472596153844
0 0.2950038581730769 0.5964794927884616 0.3058179014423077 0.587353516826923 0.3172337956730769 0.5721435552884615 0.3220408942307692 0.55845703125 0.32864969230769236 0.5440087884615384 0.32864969230769236 0.5280371105769232 0.32143904326923073 0.5249951177884615 0.310763889423077 0.5178222644230769 0.29922839423076925 0.5173828125 0.2841820985576923 0.52119140625 0.26796682211538464 0.530322264423077 0.2541435192307692 0.5432470697115385 0.23071373557692307 0.564541016826923 0.22049768509615383 0.5759472668269231 0.2110686730769231 0.5873486322115384 0.21869598798076922 0.6002832043269231 0.2277083341346154 0.599521483173077 0.2499382716346154 0.5980029302884615 0.26796682211538464 0.60560546875 0.27998070913461537 0.6078857427884615 0.28418981490384615 0.6040869134615384 0.2950038581730769 0.5964794927884616
0 0.37303240625 0.50486328125 0.38566743750000004 0.5010546875 0.39135802403846154 0.49287109375000004 0.38549382692307693 0.47407226442307693 0.3839506177884615 0.44951171874999996 0.37187499999999996 0.4207519543269231 0.3587962956730769 0.42607421874999996 0.35618827163461536 0.44318359375 0.3537808653846154 0.46374511778846156 0.3435532403846154 0.48658691346153843 0.33693287019230767 0.49953125000000004 0.35137345673076925 0.50333984375 0.37303240625 0.50486328125
0 0.36817901201923076 0.21844238221153847 0.35947530769230773 0.22688476442307692 0.35483410576923075 0.2323925793269231 0.35338348798076924 0.24598144471153846 0.3603472211538462 0.2558984375 0.3670216057692308 0.26397461057692306 0.3739814807692308 0.26875 0.38152777884615385 0.2562646490384615 0.3829783942307692 0.23643554807692307 0.3835570985576923 0.22798828125 0.3803665120192308 0.22101074278846153 0.36817901201923076 0.21844238221153847
0 0.24483024759615385 0.8803662115384616 0.2331712956730769 0.8968896490384615 0.22430941346153846 0.9140087884615385 0.22944058653846153 0.9399804687500001 0.24763117307692306 0.9376220697115384 0.2821412043269231 0.9364404302884615 0.2984645072115385 0.91873046875 0.2980015432692308 0.8785937500000001 0.2854089495192308 0.8585253918269231 0.2630208341346154 0.8597021490384615 0.24483024759615385 0.8803662115384616
0 0.8528202163461539 0.41953125 0.844286264423077 0.41793945432692303 0.8384066346153846 0.4205957043269231 0.8372878076923077 0.42909668028846154 0.8400887355769231 0.44060546875 0.8463850312500001 0.46345214903846155 0.8507214495192308 0.46699218750000004 0.8586959879807693 0.47142089903846157 0.8640123461538463 0.4707128918269231 0.8708719134615385 0.4648681634615385 0.8743672836538461 0.4572558581730769 0.875486110576923 0.4448583990384615 0.8715702163461538 0.4333447259615385 0.8626157403846153 0.42785644471153844 0.8528202163461539 0.41953125
0 0.8181211418269231 0.19203613221153845 0.8171527788461539 0.20213378846153846 0.8144945985576922 0.21499023557692307 0.8190856490384615 0.21958007692307693 0.8299691346153846 0.22355468750000002 0.8367361105769231 0.22049804567307693 0.8444753076923077 0.21651855528846153 0.8512461418269232 0.21101074278846152 0.8464081778846153 0.20335937499999998 0.8398804014423077 0.18958984375000001 0.8343209879807693 0.18652831971153847 0.8251311730769231 0.18224609375 0.8181211418269231 0.19203613221153845
0 0.9689583341346153 0.11271484375 0.9529128076923077 0.10256347596153846 0.9428858028846154 0.10256347596153846 0.9388773149038462 0.10446288942307692 0.9217746923076924 0.11791992307692307 0.917318673076923 0.1323828125 0.92634259375 0.13936523557692307 0.9418827163461538 0.1425390625 0.9484027788461538 0.14317382932692307 0.9564236105769232 0.14126953125 0.9704629639423078 0.12984863221153847 0.9769791658653847 0.12413574278846154 0.9689583341346153 0.11271484375
0 0.2295871923076923 0.05928222596153846 0.2416010793269231 0.05853027403846153 0.2555825625 0.06326660096153845 0.2654282403846154 0.06127441346153846 0.27094135817307696 0.04532226442307692 0.26917052403846153 0.032861326923076924 0.2608989206730769 0.023388670673076924 0.2571566346153846 0.024384766826923074 0.24081404326923075 0.033110350961538464 0.22880015384615385 0.044326173076923076 0.21974151201923078 0.051801757211538464 0.2295871923076923 0.05928222596153846
0 0.12056712980769231 0.2603662115384615 0.1061921298076923 0.26435058653846155 0.08532021634615385 0.27008300721153844 0.07507716105769231 0.27058105528846155 0.07488040144230769 0.27855956971153845 0.06247299278846154 0.28404296875 0.04947916586538462 0.28828125 0.039826389423076924 0.29650390625 0.03608796394230769 0.3064746081730769 0.0412075625 0.31744140625 0.05341435096153846 0.3264111322115385 0.058537807692307695 0.33414062499999997 0.06346064903846153 0.33837402403846156 0.06759644951923077 0.33638183653846154 0.07803240624999999 0.34037109375 0.08511959855769231 0.3436083990384615 0.09319444471153847 0.34734863221153844 0.10048225240384616 0.33912109375 0.10363425961538461 0.32865722596153846 0.11229552403846153 0.3224267572115384 0.1185995360576923 0.3281591802884615 0.12253857932692308 0.3264111322115385 0.1319907403846154 0.3164404302884615 0.13356481490384617 0.29824706971153847 0.12765817788461536 0.27556640625 0.12056712980769231 0.2603662115384615
0 0.7226195985576923 0.6395947259615385 0.7050733028846154 0.6395947259615385 0.6917013894230769 0.643828125 0.6921180552884615 0.6538720697115384 0.6992206778846154 0.6644482427884615 0.7067438269230769 0.6771386706730769 0.7167708341346154 0.698818360576923 0.7339004639423077 0.7035791009615384 0.7451813269230769 0.68666015625 0.7485223774038462 0.6739697259615384 0.7410030865384616 0.654931639423077 0.7318132716346154 0.643828125 0.7226195985576923 0.6395947259615385
0 1 0.4815966802884616 0.9978279326923077 0.4815966802884616 0.9932330240384615 0.4837109375 0.9744328701923077 0.48053710817307693 0.9723418221153846 0.4858251947115385 0.9673302475961538 0.49005371153846156 0.9685841057692308 0.5075048822115384 0.9744328701923077 0.5291845697115385 0.9802816346153846 0.55509765625 1 0.5751904302884616 1 0.4837109375 1 0.4815966802884616
0 1 0.8848779302884615 0.9989120360576924 0.85728515625 0.9667283942307693 0.8402001947115385 0.907546295673077 0.8454589855769231 0.8857407403846154 0.8585986322115384 0.8660146610576922 0.8769970697115385 0.8743209879807693 0.8888232427884616 0.9023533942307692 0.9098486322115384 0.9151427475961539 0.91662109375 0.9407716057692308 0.9295605456730769 0.9501157403846154 0.9584667980769231 0.9625733028846154 0.96109375 0.9906057091346153 0.9518994134615385 1 0.9308740240384614 1 0.8848779302884615
0 0.9023919759615384 0.8419042980769231 0.9023919759615384 0.8397753918269231 0.9001543221153846 0.8164013677884616 0.8939969134615384 0.7930273437500001 0.8811265432692307 0.7710693365384615 0.8525810192307692 0.7597363293269231 0.8385918221153846 0.7597363293269231 0.8223611105769231 0.7731933605769231 0.8139660504807692 0.797275389423077 0.8128472211538462 0.8298583990384615 0.8111689807692308 0.86740234375 0.8285185192307692 0.8773193365384616 0.8676929014423076 0.876611326923077 0.8788888894230769 0.8603173822115384 0.8973572524038461 0.8496923822115385 0.9023919759615384 0.8419042980769231
0 0.34584105048076924 0.3249316394230769 0.3498996923076923 0.33668456971153843 0.35947530769230773 0.33814941346153843 0.37340277884615386 0.3282373052884615 0.3855902788461538 0.32089355528846153 0.3899421298076923 0.31244628846153844 0.3850077163461538 0.30143066346153846 0.38239583413461536 0.28784179807692306 0.3780439807692308 0.2834375 0.3722415120192308 0.2834375 0.3600578701923077 0.2889453125 0.34554783894230773 0.29775878846153847 0.3298804014423077 0.3084082019230769 0.33133101923076924 0.31318359375000004 0.33423225240384613 0.32419921874999996 0.34061728365384614 0.323828125 0.34584105048076924 0.3249316394230769
0 0.39076388942307694 0.11287597596153846 0.3872029326923077 0.11430175721153847 0.3842013894230769 0.12022949278846154 0.38008101923076926 0.12520996153846153 0.37707947596153846 0.13493652403846154 0.3768942908653846 0.14181640625 0.3772685192307692 0.14869628846153846 0.38495370432692305 0.15818359375 0.39544753125 0.16126953125000001 0.4057561730769231 0.15723632932692308 0.41250385817307694 0.15510253846153846 0.41887731490384617 0.15462890625 0.4263734567307692 0.1522558581730769 0.4338734567307692 0.14822265625 0.42675154326923076 0.13849609375 0.40838348798076923 0.11643554807692308 0.39751157451923075 0.10979492307692308 0.39657407451923077 0.11002929807692308 0.39076388942307694 0.11287597596153846
0 0.7368402788461539 0.27683593749999996 0.7452777788461538 0.2695214831730769 0.7496489206730769 0.25667480528846154 0.7546489206730769 0.24679199278846153 0.755273920673077 0.23868652403846152 0.7540239206730769 0.23275390625 0.7513695985576923 0.23018554807692307 0.7451195985576924 0.23018554807692307 0.7379359567307693 0.23255859375000001 0.7316859567307692 0.23789550721153846 0.7260648149038461 0.23947753846153846 0.7196604927884616 0.24046386778846152 0.7155979927884615 0.24303222596153845 0.7107561730769232 0.24600097596153844 0.70669753125 0.24975586057692306 0.7087268509615385 0.2594433605769231 0.7152893509615385 0.2709082043269231 0.713881173076923 0.2839550769230769 0.7285648149038462 0.286328125 0.7368402788461539 0.27683593749999996
0 0.27731481490384613 0.653466795673077 0.30285493750000003 0.6666015624999999 0.32554012259615384 0.6833496105769231 0.34153549278846157 0.6845703125 0.38299382692307693 0.6645117187499999 0.4085995360576923 0.6459912115384616 0.4342052475961538 0.6305615240384616 0.45127700721153846 0.599697266826923 0.4464004639423077 0.5626611322115385 0.4305478389423077 0.5256201177884615 0.40308642067307693 0.50498046875 0.3695833341346154 0.5024755865384616 0.33422067788461535 0.5024755865384616 0.33178240625 0.53333984375 0.35007330288461536 0.54876953125 0.3564043221153846 0.5511230480769231 0.3378780865384616 0.5688330072115385 0.31592978365384616 0.5765478509615385 0.2891049375 0.605869139423077 0.2720370360576923 0.6398193365384616 0.2720370360576923 0.6567968750000001 0.27731481490384613 0.653466795673077
0 1 0.5944580072115385 0.9884606490384615 0.5950927740384615 0.9714158942307692 0.6046142572115385 0.9633950625000001 0.6077832043269231 0.9598842596153846 0.6115917980769231 0.956875 0.614765625 0.9613888894230769 0.63310546875 0.9674035504807693 0.6470654302884615 0.9744251538461538 0.6490283197115385 0.9849537043269231 0.65404296875 1 0.6433203125 1 0.6077832043269231 1 0.5944580072115385
0 0.6207098774038461 0.34916015625 0.6294135793269231 0.3513623052884615 0.6388155865384615 0.34916015625 0.6391628076923077 0.33594238221153844 0.6391628076923077 0.32492675721153846 0.6353317908653846 0.3205175769230769 0.6290663581730769 0.31611328125000004 0.6165316346153846 0.3169921875 0.5959876538461539 0.3156689447115385 0.5688310192307692 0.3134667956730769 0.5573418221153846 0.3134667956730769 0.5535108028846154 0.3191943365384615 0.5535108028846154 0.32933105528846157 0.5569945985576923 0.33902343749999997 0.56326003125 0.34828125 0.5792785504807691 0.34563476682692307 0.5956404326923077 0.34431152403846155 0.6207098774038461 0.34916015625
0 0.4021257716346154 0.21109375 0.3928433653846154 0.21109375 0.3850077163461538 0.21733886778846154 0.3858796298076923 0.23753418028846152 0.3916820985576923 0.24708496153846154 0.3922608028846154 0.2529589831730769 0.3934220673076923 0.2562646490384615 0.4235956778846154 0.24745117067307693 0.42446759375 0.24047363221153845 0.4177932091346154 0.22431640625 0.4160532403846154 0.21550293028846154 0.4021257716346154 0.21109375
0 0.8658487644230769 0.73025390625 0.8926736105769231 0.7379687500000001 0.92803240625 0.731796875 0.9621759254807691 0.7271630865384615 0.9755864206730769 0.7086474615384616 0.9841203701923077 0.6901269543269231 0.9829012355769231 0.6577197259615384 0.9597222211538461 0.6540527355769231 0.91705246875 0.649755860576923 0.8914544759615384 0.6484619134615385 0.8589891971153846 0.643115233173077 0.8378047836538461 0.6453759759615385 0.8223379639423077 0.658544923076923 0.8316358028846154 0.688330079326923 0.8463387355769231 0.7194482427884614 0.8658487644230769 0.73025390625
0 0.3348148149038461 0.23533203125 0.32871913461538466 0.24854980528846154 0.33075231490384616 0.26728027403846155 0.33220293269230766 0.27462402403846153 0.3411959879807692 0.2819677740384615 0.3536728389423077 0.28931152403846155 0.3603472211538462 0.28490722596153845 0.36527777884615387 0.27756347596153846 0.3626697524038462 0.26030273557692307 0.35628472115384613 0.25038574278846154 0.34670910576923075 0.23937011778846154 0.3414891971153846 0.23716796874999999 0.3348148149038461 0.23533203125
0 0.7776003076923076 0.06697265625 0.7602816346153846 0.05758300721153846 0.7492631177884616 0.05274413942307692 0.7436381177884616 0.05644043028846154 0.73509259375 0.07152831971153846 0.7269945985576923 0.09003418028846154 0.7222723774038461 0.11508300721153845 0.7287962956730769 0.12418945432692308 0.7485879639423078 0.13700195192307693 0.7841242283653845 0.14013183653846153 0.8079668221153846 0.09999511778846154 0.8048186730769231 0.08832519471153846 0.7897492283653846 0.07779296875 0.7776003076923076 0.06697265625
0 0.42475694471153846 0.3249316394230769 0.42969135817307696 0.33814941346153843 0.43984567788461537 0.34402831971153847 0.44854938221153845 0.3451269519230769 0.4560956778846154 0.3458642572115384 0.46508873557692304 0.34255859375000003 0.46770061778846156 0.3341113269230769 0.46827932211538464 0.3293408197115385 0.4587037043269231 0.33190918028846156 0.44478009375 0.3227294927884615 0.43143132692307695 0.31354980528846155 0.42679012259615384 0.31208007692307693 0.42475694471153846 0.3249316394230769
0 0.5725 0.48175293028846156 0.5662345673076923 0.4791113293269231 0.5562075625 0.48333984375 0.5507754639423077 0.4933886706730769 0.5465972211538461 0.5092529302884615 0.5461805552884615 0.5171826177884615 0.5612191346153846 0.51876953125 0.5688155865384615 0.5209814447115385 0.5833641971153847 0.52669921875 0.5875424375 0.5214111322115385 0.5913040120192308 0.5103076177884616 0.5858719134615384 0.49920410096153844 0.5725 0.48175293028846156
0 1 0.4015380865384615 0.9944868822115385 0.3914892572115385 0.9861304014423078 0.38302734374999997 0.9777739206730769 0.37615722596153844 0.9710879639423078 0.3666357427884615 0.956882716346154 0.3618798822115385 0.9485262355769231 0.35976074278846154 0.9489467596153845 0.37245605528846154 0.9489467596153845 0.38567382932692307 0.9589891971153846 0.39150390625 0.9719251538461537 0.4158154302884615 0.9907253076923077 0.42163086057692306 1 0.4142285168269231 1 0.4015380865384615
0 0.23274305528846154 0.27267089903846153 0.22314814903846153 0.26860351682692307 0.21520061778846153 0.26416015625 0.20683642067307695 0.2620947259615385 0.19597607932692307 0.27214355528846157 0.19618441346153848 0.29059570192307693 0.1976466057692308 0.29699706971153844 0.21101466105769232 0.30810058653846156 0.21561342548076923 0.31074218750000004 0.23106867307692308 0.29646484375 0.23190586538461538 0.28430664182692306 0.23274305528846154 0.27267089903846153
0 0.7708719134615385 0.8662792956730769 0.80884259375 0.8704052740384616 0.8096682091346155 0.853359375 0.80884259375 0.8321484375 0.8100077163461539 0.810400391826923 0.812276235576923 0.7999902355769231 0.8139776225961538 0.781328125 0.8193634254807692 0.7719970697115385 0.8326929014423077 0.7605126947115385 0.8278742283653846 0.7587158197115385 0.8159606490384615 0.7558447259615384 0.8060378076923077 0.74974609375 0.7904398149038462 0.7501025384615385 0.7785300937499999 0.7465136730769231 0.7575462956730769 0.7375439447115385 0.7379783942307692 0.7271337884615385 0.7314583341346155 0.7303613269230769 0.7320254639423076 0.7436425793269231 0.7274845673076923 0.75548828125 0.7226658942307692 0.7666113269230769 0.7178433653846154 0.782763670673077 0.7121720673076923 0.7999902355769231 0.7076350312499999 0.81470703125 0.6974266971153846 0.8340869134615385 0.6971450625 0.8480810552884616 0.7107561730769232 0.8588525384615384 0.7239120360576923 0.85798828125 0.752496141826923 0.8559423822115384 0.7708719134615385 0.8662792956730769
0 0.25321373557692306 0.19018066346153845 0.23859182211538463 0.19070800721153847 0.22981867307692308 0.18859375 0.20850694471153847 0.19124023317307692 0.1897067908653846 0.2065722644230769 0.1863657403846154 0.21662109375 0.1800964495192308 0.24306152403846154 0.19388503124999998 0.24041503846153847 0.20767361057692307 0.24252929567307693 0.21686342548076926 0.24517578125 0.22229552403846153 0.24041503846153847 0.2419328701923077 0.23724121153846156 0.24527392067307693 0.22666503846153846 0.24652777884615384 0.21239257692307692 0.2494521610576923 0.19916992067307693 0.25321373557692306 0.19018066346153845
0 0.3325038581730769 0.20690429567307692 0.3317283942307692 0.20148925721153846 0.3251195985576923 0.19755371153846155 0.31540509375 0.19214355528846155 0.30646605048076925 0.19214355528846155 0.30219135817307696 0.19312988221153848 0.2963580240384615 0.19854003846153848 0.3033564807692308 0.21723144471153846 0.31035107932692313 0.22756347596153845 0.3255092596153846 0.22166015625 0.3325038581730769 0.20690429567307692
0 1 0.74953125 0.9926851850961539 0.7416455072115385 0.9708796298076923 0.74427734375 0.9418094134615385 0.7521582019230769 0.9210416658653846 0.7639843749999999 0.9137770072115384 0.7797558605769231 0.9189660504807692 0.8020947259615384 0.9231211418269231 0.831005860576923 0.9324652788461538 0.8428320312500001 0.9480362644230769 0.8415185552884614 0.9667283942307693 0.8402001947115385 0.9854166658653847 0.8454589855769231 1 0.8546582019230768 1 0.8257470697115384 1 0.74953125
0 0.09929398076923078 0.10536621153846154 0.08300154326923076 0.1011328125 0.05793209855769231 0.09055664182692308 0.04288966105769231 0.07681152403846153 0.03495370432692308 0.07205078125 0.020748456730769232 0.06676269471153846 0.00946759375 0.05724609375 0.0019444447115384614 0.06358886778846154 0 0.11012206971153846 0.011138117788461539 0.13550293028846155 0.025343365384615384 0.13920410096153846 0.047681326923076923 0.13302734375 0.05667824038461538 0.1296875 0.08675925961538462 0.14026367307692308 0.10388888942307693 0.14026367307692308 0.10972222115384615 0.12333984375000001 0.1030478389423077 0.11381835817307692 0.09929398076923078 0.10536621153846154
0 0.5537770072115384 0.5184423822115385 0.5402391971153846 0.5203466802884615 0.5267013894230769 0.52732421875 0.5196836418269231 0.53494140625 0.5221913581730769 0.5469970697115385 0.535223764423077 0.5584179687499999 0.5412422836538462 0.5653955072115384 0.5487615745192308 0.5717431634615384 0.5582870360576924 0.5653955072115384 0.5728279326923077 0.5400146490384615 0.57884259375 0.5279589831730769 0.5688155865384615 0.5209814447115385 0.5537770072115384 0.5184423822115385
0 0.8530015432692307 0.14464355528846154 0.8548919759615384 0.13651367067307693 0.8521952163461539 0.1299511706730769 0.8454475312499999 0.12599121153846154 0.8346489206730769 0.12113769471153847 0.8290354927884616 0.11772460817307692 0.825663579326923 0.11659668028846154 0.8229629639423077 0.11601562500000001 0.8153240745192308 0.12342773317307693 0.8081172836538462 0.13166015625 0.8081983028846154 0.14361816346153847 0.8289814807692307 0.14703125 0.8392399687500001 0.14771484375000002 0.85084490625 0.14771484375000002 0.8530015432692307 0.14464355528846154
0 0.03361111057692308 0.4276171875 0.025783177884615385 0.42830078125 0.018225307692307693 0.4279589831730769 0.010131173076923076 0.43479003846153846 0.011211420673076924 0.4440136730769231 0.020115740384615385 0.4573339831730769 0.0495370360576923 0.45289550721153843 0.04413580288461538 0.43171875 0.04035879567307692 0.4279589831730769 0.03361111057692308 0.4276171875
0 0.6782677475961538 0.18211425721153846 0.6663927475961539 0.18450683653846156 0.6615354927884615 0.18689453125 0.6582986105769231 0.1889453125 0.6561381177884615 0.1916796875 0.6528973774038461 0.19714355528846153 0.6512808653846154 0.2091015625 0.6596450625 0.2091015625 0.6685532403846154 0.20841796875000002 0.6817785504807692 0.2091015625 0.688796295673077 0.21148925721153844 0.701211420673077 0.18962890625 0.6906867283653846 0.18211425721153846 0.6871759254807692 0.18211425721153846 0.6782677475961538 0.18211425721153846
0 0.7670833341346154 0.599697266826923 0.7549189807692307 0.6076123052884616 0.7424614206730769 0.620751951923077 0.7331172836538461 0.6352099615384615 0.7372685192307693 0.654921875 0.7507677475961538 0.6641162115384615 0.7538811730769232 0.6641162115384615 0.7746450625 0.6759423822115385 0.7881442908653846 0.6667480480769231 0.7891820985576923 0.6378369134615384 0.7798379639423078 0.61287109375 0.7670833341346154 0.599697266826923
0 0.43375385817307693 0.3991113293269231 0.44999999999999996 0.40351562500000004 0.46044753125000004 0.40131347596153844 0.46625 0.3803808605769231 0.46915123557692306 0.35687988221153844 0.4656674375 0.3458642572115384 0.4560956778846154 0.3458642572115384 0.43781635817307696 0.3487988293269231 0.4238888894230769 0.3550439447115385 0.41257330288461536 0.3671630865384615 0.3951620360576923 0.3844189447115385 0.39110339423076923 0.39580566346153845 0.3931327163461538 0.4160009759615385 0.4018364206730769 0.4273828125 0.4146026225961539 0.41122558653846153 0.4224382716346154 0.40388183653846155 0.43375385817307693 0.3991113293269231
0 0.43975308653846157 0.46503906250000004 0.45660107932692306 0.45970703125 0.45660107932692306 0.4338183581730769 0.45238811778846155 0.40869140625 0.4349421298076923 0.39727050721153845 0.42230709855769233 0.40716796875 0.3934297836538461 0.4368652355769231 0.39884259375000003 0.4383886706730769 0.4126813269230769 0.44371581971153845 0.43975308653846157 0.46503906250000004
0 0.8687731490384615 0.3757910144230769 0.8552006177884616 0.3658740240384616 0.851419752403846 0.3656982427884615 0.8385493822115385 0.3674707043269231 0.8300115745192307 0.3727832019230769 0.8283333341346153 0.37951171875 0.8294521610576923 0.39279296874999997 0.8337924375000001 0.39828125000000003 0.8449845673076923 0.4004052740384615 0.8504398149038461 0.40129394471153845 0.8764660504807692 0.3995214855769231 0.8801041658653846 0.39314453125 0.8759066346153846 0.3827001947115385 0.8687731490384615 0.3757910144230769
0 0.5026736105769231 0.15533203125 0.49646605048076925 0.15875 0.49295524759615383 0.16284668028846155 0.4910648149038461 0.16763183653846153 0.4878279326923077 0.1775390625 0.4891782403846153 0.1891503894230769 0.5015933653846154 0.19017578124999998 0.5121180552884615 0.19188476442307692 0.5245331778846154 0.1891503894230769 0.5242631177884616 0.16831543028846155 0.5110378076923077 0.15669921875 0.5094212956730769 0.15601562500000002 0.5026736105769231 0.15533203125
0 0.4235108028846154 0.4460009759615385 0.40125 0.4429541009615384 0.39042052403846156 0.44067382692307694 0.38620756250000005 0.45589843750000003 0.38861496875 0.47265136778846156 0.39222607932692305 0.4878808605769231 0.41207947596153843 0.4916894519230769 0.44095679086538464 0.47341308653846154 0.44938271634615384 0.46503906250000004 0.4235108028846154 0.4460009759615385
0 0.8907291658653846 0.18076660096153846 0.8808641971153846 0.17782714903846156 0.871288579326923 0.17929687500000002 0.8553240745192308 0.18774413942307694 0.8501080240384616 0.20610351682692307 0.853881173076923 0.21675293028846154 0.8617129639423078 0.22556640625 0.8834760793269231 0.22189453125 0.8924691346153846 0.21748535096153845 0.8965316346153845 0.20389648317307693 0.8965316346153845 0.18700683653846153 0.8907291658653846 0.18076660096153846
0 0.8924691346153846 0.22666503846153846 0.887538579326923 0.22446288942307693 0.8762229927884615 0.22373046875000002 0.8660648149038461 0.23364257692307694 0.8602623461538462 0.2571435552884615 0.8588117283653846 0.27991211057692306 0.8602623461538462 0.29203125 0.8901504639423077 0.29533691346153845 0.9011728389423077 0.28468750000000004 0.9049459879807693 0.27293456971153846 0.8979822524038461 0.23988769471153845 0.8924691346153846 0.22666503846153846
0 0.13242669711538463 0.45923828125 0.11287422836538462 0.4586035168269231 0.10234567788461539 0.4693896490384616 0.09933642067307692 0.47637206971153845 0.09432870432692307 0.49033203125 0.10334876442307692 0.5068310552884616 0.12690972115384616 0.5195214831730769 0.1484683653846154 0.4820800769230769 0.14746913461538463 0.4681201177884615 0.13242669711538463 0.45923828125
0 0.7149305552884615 0.5477050793269231 0.7134297836538461 0.5796337884615385 0.7207484567307693 0.5873486322115384 0.7425154326923077 0.5984375 0.7670833341346154 0.599697266826923 0.7865895072115384 0.6120410144230769 0.7987847211538461 0.605869139423077 0.8195138894230769 0.5719189447115385 0.8121952163461538 0.5533984375000001 0.8060995360576922 0.53333984375 0.8341435192307693 0.531796875 0.839023920673077 0.5117333990384615 0.8231712956730769 0.4962988269230769 0.8101080240384615 0.48798828125000004 0.7873070985576922 0.48217773557692306 0.76759259375 0.47734374999999996 0.7320216057692307 0.46591796875 0.7235339495192308 0.48701171875000004 0.7216049375 0.516015625 0.7149305552884615 0.5477050793269231
0 0.6444753076923077 0.39532714903846156 0.6534104927884615 0.3881933605769231 0.6510069447115385 0.37982910096153844 0.6401929014423077 0.36613769471153845 0.6221682091346155 0.3524511706730769 0.600536264423077 0.3418066418269231 0.5897222211538462 0.3418066418269231 0.5819097211538462 0.3532128918269231 0.5801080240384615 0.3676611322115385 0.5801080240384615 0.3843896490384615 0.5823919759615385 0.3929589831730769 0.5933256177884615 0.41708984375 0.6017361105769231 0.4178515625 0.6155555552884615 0.4018798822115385 0.6251697524038462 0.3980761706730769 0.6444753076923077 0.39532714903846156
0 0.6414390432692307 0.10176757932692307 0.6326658942307692 0.09806640625 0.6205632716346153 0.08852539182692308 0.6105208341346153 0.10388183653846153 0.6000771610576924 0.11708984375 0.6000771610576924 0.13455078125 0.6105208341346153 0.14195800721153845 0.6309953701923077 0.14988769471153846 0.6397685192307693 0.14830078125 0.6606597211538462 0.13561035096153845 0.6594058653846153 0.11763183653846153 0.6414390432692307 0.10176757932692307
0 0.2502469134615385 0.4560644543269231 0.26378472115384616 0.4560644543269231 0.2662924375 0.4395654302884615 0.2647878076923077 0.4300488293269231 0.2592708341346154 0.4198974615384615 0.24924382692307695 0.4122802740384615 0.23821373557692307 0.4065722644230769 0.2151504639423077 0.4014941394230769 0.20963734615384616 0.40466796875 0.20161651201923075 0.4129150384615385 0.19760416586538462 0.4313183605769231 0.19258873557692308 0.45416015625 0.2151504639423077 0.4522558605769231 0.22692129567307692 0.4530908197115385 0.2502469134615385 0.4560644543269231
0 0.9713387355769231 0.26480468749999997 0.9744984567307693 0.24208984374999998 0.9863310192307692 0.22227050721153846 0.9950347211538462 0.1971777331730769 0.9892361105769231 0.19838867307692307 0.9546566346153846 0.18769043028846152 0.9430516971153846 0.19258789182692307 0.9278202163461539 0.20084961057692308 0.9179050937500001 0.21584472596153845 0.9140354927884615 0.23604003846153845 0.9166975312500001 0.23940918028846153 0.9133101850961538 0.25288085817307693 0.9174228389423077 0.26296875 0.9244328701923077 0.2813330072115385 0.9507870360576922 0.2749072259615385 0.9713387355769231 0.26480468749999997
0 0.5643055552884616 0.30729980528846157 0.5674382716346154 0.29583984375 0.5799729927884616 0.2931982427884615 0.5817129639423076 0.28482421874999997 0.5751003076923077 0.27204589903846155 0.5597800937499999 0.26808105528846154 0.54759259375 0.26764160096153844 0.5399344134615385 0.27160644471153844 0.52705246875 0.2852636730769231 0.5260069447115385 0.3059765625 0.5256597211538462 0.3231640625 0.5507253076923078 0.3315332019230769 0.5535108028846154 0.32933105528846157 0.5562962956730769 0.31611328125000004 0.5643055552884616 0.30729980528846157