0 0.1830246923076923 0.3095703125 0.19201388942307693 0.29091796875 0.20721450721153845 0.2732421875 0.2317978389423077 0.25556152403846155 0.2561844134615385 0.24784668028846155 0.28057098798076924 0.22315429807692308 0.2888503076923077 0.20268554807692307 0.2720370360576923 0.16142578125 0.24643132692307693 0.14290527403846154 0.21960262259615385 0.14290527403846154 0.19277777884615382 0.156796875 0.16107638942307692 0.18611816346153848 0.13668981490384616 0.21234863221153846 0.11961805528846153 0.2308691394230769 0.11839892067307692 0.2524755865384615 0.11596064903846154 0.28333984375 0.11596064903846154 0.3111181634615384 0.1269367283653846 0.3481542980769231 0.1440046298076923 0.32963378846153846 0.15741898076923075 0.3095703125 0.1830246923076923 0.3095703125
0 0.15132330288461537 0.33154785096153844 0.14213348798076922 0.33001953125 0.13584876442307692 0.33521972596153843 0.13512345673076923 0.34531738221153846 0.1394753076923077 0.3548046875 0.14479552403846155 0.35816894471153843 0.1522878076923077 0.3584765625 0.1605092596153846 0.35388671875 0.1636535504807692 0.3416455072115384 0.15978394951923078 0.33644531250000004 0.15132330288461537 0.33154785096153844
0 0.14104552403846154 0.4640185552884616 0.1337924375 0.46830566346153846 0.13089120432692308 0.4826855480769231 0.13911265384615384 0.48605468749999997 0.15313657451923077 0.48880859375 0.16425925961538462 0.4790136730769231 0.16425925961538462 0.4692236322115385 0.15700617307692305 0.46279785096153847 0.14104552403846154 0.4640185552884616
0 0.9702006177884616 0.6678710937500001 0.971651235576923 0.6579589855769231 0.9646875 0.6388623052884616 0.9600424375000001 0.6219726562500001 0.9551118822115385 0.6028759759615384 0.946118826923077 0.602138673076923 0.9353819447115386 0.6061816394230769 0.9249382716346154 0.6175634759615385 0.9176813269230769 0.627109375 0.916523920673077 0.6359228509615384 0.920003858173077 0.6436376947115385 0.9269675937499999 0.6484082043269231 0.9292901225961538 0.6612646490384615 0.9464081778846154 0.67154296875 0.9533719134615384 0.67154296875 0.9641049375 0.67154296875 0.9702006177884616 0.6678710937500001
0 0.7062191346153845 0.8250683581730769 0.72571759375 0.8087646490384616 0.7490470673076923 0.8096435552884615 0.7497222211538461 0.7989111322115385 0.7420833341346154 0.7924609375 0.7215393509615384 0.781884764423077 0.7142283942307692 0.7832080072115384 0.6915972211538463 0.7920214831730769 0.6613078701923077 0.80435546875 0.639023920673077 0.81361328125 0.6223109567307692 0.82462890625 0.6223109567307692 0.8378466802884615 0.623703704326923 0.8731005865384615 0.6372839495192307 0.8907275384615385 0.6529513894230768 0.8841162115384615 0.6766242283653846 0.8700146490384615 0.6867245360576923 0.8563525384615385 0.6926427475961539 0.8435742187499999 0.7062191346153845 0.8250683581730769
0 0.8697916658653846 0.2466503894230769 0.8506481490384614 0.24562988221153845 0.8437962956730769 0.24817871153846155 0.8444020072115385 0.2563427740384615 0.8542746923076923 0.26220703125 0.8607214495192307 0.2726611322115385 0.8744251538461539 0.2726611322115385 0.8794598774038461 0.2680712884615385 0.8744251538461539 0.25430175721153847 0.8697916658653846 0.2466503894230769
0 0.27831018509615385 0.50970703125 0.2698456778846154 0.5008007812499999 0.2575154326923077 0.4992724615384615 0.2521952163461539 0.5206933605769231 0.24977623557692308 0.541533201923077 0.25824074038461536 0.5522119134615384 0.2679128076923077 0.5595556634615385 0.2734722211538462 0.5699609375 0.28362654326923076 0.5721044927884615 0.2896720673076923 0.5552734375 0.2971682091346154 0.542421875 0.2932986105769231 0.5258935552884615 0.27831018509615385 0.50970703125
0 0.19921296394230767 0.9699316394230769 0.20176311778846154 0.9469628918269231 0.20942129567307693 0.9247070312500001 0.20630015384615386 0.9107128894230769 0.1907060192307692 0.8999462884615385 0.1524228389423077 0.8967138677884615 0.11243827163461538 0.8963574206730769 0.08436342548076924 0.903173829326923 0.05118441346153846 0.9146582043269231 0.01695601923076923 0.9257519543269231 0.0007098774038461538 0.9337890625 0.0014158942307692308 0.9659472668269231 0.014490740384615385 0.9581933605769231 0.030709877403846154 0.9579052740384615 0.048915894230769225 0.9539941394230769 0.07089506250000001 0.9522021490384615 0.08410879567307691 0.9590917980769231 0.10208719230769231 0.9590917980769231 0.11649305528846154 0.9638671875 0.12760802403846155 0.9770361322115384 0.13611496875 1 0.1654668221153846 0.9986425793269231 0.1725540120192308 0.988232423076923 0.18503472115384617 0.97423828125 0.19467592548076923 0.975673829326923 0.19921296394230767 0.9699316394230769
0 0.906736110576923 0.32732421875 0.8968209879807693 0.33222168028846155 0.8907754639423077 0.33742187500000004 0.8941628076923076 0.3481347644230769 0.8985146610576924 0.3557861322115385 0.9028665120192307 0.35700683653846155 0.9151967596153846 0.3573144519230769 0.9214853389423077 0.34905273557692307 0.9258371923076923 0.33681152403846154 0.9173726850961538 0.3319140625 0.906736110576923 0.32732421875
0 0.5967746923076923 0.24903320432692308 0.5804822524038461 0.2516796875 0.5675308653846154 0.2585546875 0.5579205240384616 0.273359375 0.5541589495192307 0.2923974615384615 0.5583371923076923 0.3077294927884615 0.5704552475961538 0.3257080072115385 0.5746334879807692 0.33311035096153846 0.5867476850961538 0.33099609375 0.5942708341346153 0.32147949278846155 0.6026273149038461 0.30350097596153847 0.6180825624999999 0.2781201177884615 0.6235146610576923 0.2707128894230769 0.6147415120192308 0.25432128846153845 0.5967746923076923 0.24903320432692308
0 0.5274691346153846 0.4451953125 0.5286304014423077 0.4349121105769231 0.5167322524038462 0.42720214903846154 0.5059992283653846 0.42095703125 0.4952623461538461 0.42279296875 0.47118055528846153 0.43159179567307693 0.46131558653846155 0.4389501947115385 0.4587037043269231 0.4459277331730769 0.46421682211538456 0.4503369134615385 0.4830787043269231 0.45290527403846154 0.4987461418269231 0.4521728509615385 0.5083179014423077 0.4569433581730769 0.5152816346153846 0.4606152355769231 0.5216666658653846 0.4518017572115385 0.5274691346153846 0.4451953125
0 0.7337268509615384 0.6809863293269232 0.7358796298076923 0.6680371081730769 0.7304938269230768 0.6523583990384616 0.7213387355769231 0.6448583990384615 0.7084143509615385 0.6496337884615385 0.6981828701923077 0.6564501947115384 0.6901041658653846 0.6782617187500001 0.6831018509615384 0.6898486322115385 0.6708333341346153 0.68623046875 0.6614197524038462 0.695654298076923 0.6482638894230769 0.708154295673077 0.6472993822115385 0.72978515625 0.6466049375 0.74755859375 0.6518634254807693 0.7559667980769231 0.6556327163461538 0.7675537115384615 0.6610185192307692 0.776416014423077 0.6712538581730769 0.7873193365384614 0.670713735576923 0.7920947259615385 0.696566358173077 0.7955029302884615 0.71326003125 0.7532373052884616 0.7202623461538462 0.7362011706730769 0.7267245360576923 0.7007519519230769 0.7337268509615384 0.6809863293269232
0 0.3875964495192308 0.3600683581730769 0.3834837956730769 0.35241699278846156 0.37599151201923076 0.3496337884615385 0.37018904326923074 0.3477978509615385 0.35664737740384617 0.36955566346153845 0.35398919711538457 0.3753369134615384 0.35398919711538457 0.3765625 0.3537461418269231 0.381796875 0.36680169711538463 0.38455078125000003 0.3709143509615384 0.37750976442307693 0.3771990745192308 0.3750634759615385 0.3866280865384616 0.3707470697115385 0.3875964495192308 0.3600683581730769
0 0.7653009254807692 0.40595703125000004 0.7737422836538462 0.4122607427884616 0.7841319447115385 0.40595703125000004 0.7951697524038461 0.39965820192307694 0.8101041658653846 0.39746581971153844 0.8153009254807693 0.39609863221153846 0.822226079326923 0.3966455072115384 0.8280709879807693 0.39938476682692303 0.8352121923076923 0.40623046874999996 0.8430054014423077 0.4092431634615385 0.837808641826923 0.3966455072115384 0.8263387355769231 0.37664550721153844 0.8187615745192307 0.3670605480769231 0.8140007716346154 0.36240234375 0.805127314903846 0.3533642572115384 0.7990663581730769 0.35007812499999996 0.7882445985576924 0.34404785096153845 0.7808873461538461 0.34103515624999997 0.7722299375 0.33939453125 0.7627044759615385 0.34048828124999997 0.7570794759615385 0.34404785096153845 0.7544791658653847 0.3558300793269231 0.7512345673076923 0.3689794927884616 0.7566435192307692 0.3867822259615385 0.7598919759615386 0.39390625 0.7624884254807692 0.40157714903846153 0.7653009254807692 0.40595703125000004
0 0.3461458341346154 0.12027831971153846 0.3543094134615385 0.12421386778846154 0.36519290144230765 0.11388671874999999 0.3725771610576923 0.10109375 0.38268132692307694 0.08535644471153846 0.3881211418269231 0.07305663942307693 0.38967592548076924 0.05780761778846154 0.38890046394230765 0.0553515625 0.38034722115384617 0.05436523557692308 0.36791280769230766 0.049936524038461536 0.3585841057692308 0.04305175721153846 0.3445910504807692 0.04305175721153846 0.341871141826923 0.045019531249999994 0.3375964495192308 0.054858399038461535 0.3375964495192308 0.07797851442307692 0.3375964495192308 0.09076660096153846 0.3426504639423077 0.10995117307692308 0.3461458341346154 0.12027831971153846
0 0.06494598798076924 0.14831543028846153 0.05911651201923077 0.15610351442307693 0.05199074038461538 0.1618457019230769 0.05296296394230769 0.17045410096153846 0.05846836538461538 0.174140625 0.07239583413461538 0.17701171875000002 0.07692901201923076 0.17086425721153847 0.08502700721153846 0.1606152355769231 0.08632330288461539 0.15446777403846154 0.07207175961538462 0.142578125 0.07077546394230769 0.14380859375000002 0.06494598798076924 0.14831543028846153
0 0.22366512259615384 0.5130419927884615 0.22366512259615384 0.5231396490384616 0.22680941346153846 0.5231396490384616 0.2347878076923077 0.522529298076923 0.24929398076923076 0.5203857427884615 0.2575154326923077 0.5136572259615385 0.2592091057692308 0.4992724615384615 0.2570331778846154 0.49560058653846156 0.2521952163461539 0.4931542956730769 0.23357638942307693 0.5075634759615385 0.2309182091346154 0.50814453125 0.22366512259615384 0.5130419927884615
0 0.9163966057692308 0.28447265625 0.9096373461538462 0.2817285144230769 0.8965817908653846 0.28264648557692307 0.8895679014423077 0.28540038942307694 0.88884259375 0.2982519543269231 0.8963387355769231 0.30376464903846156 0.9060108028846153 0.308046875 0.9084259254807693 0.3074365240384615 0.919066358173077 0.30345703125 0.9243827163461538 0.2994628894230769 0.9258371923076923 0.29427734375000003 0.9163966057692308 0.28447265625
0 0.976026235576923 0.32611328125 0.9815432091346155 0.30961425721153846 0.98455246875 0.2988232427884615 0.9785339495192308 0.27598144471153846 0.9680054014423077 0.2658300769230769 0.9549691346153846 0.26202148557692306 0.9394290120192307 0.26265625 0.9263927475961539 0.26138671874999997 0.9233834879807692 0.27471191346153845 0.92388503125 0.28803710817307693 0.9268942908653847 0.30390136778846155 0.9203742283653846 0.31341796875 0.9143595673076923 0.32357421875000003 0.9153626538461539 0.3305517572115385 0.9243865745192308 0.3368994134615385 0.9399305552884616 0.3483203125 0.9499575625 0.3489550769230769 0.9634915120192308 0.34768554567307697 0.976026235576923 0.32611328125
0 0.6483101850961539 0.22479003846153847 0.6424344134615385 0.22407714903846154 0.6358564807692308 0.22602538942307693 0.6308179014423078 0.23364257692307694 0.6261998461538462 0.25630859375 0.6238233028846154 0.2630371105769231 0.625223764423077 0.27153808653846156 0.6350154326923078 0.2724267572115385 0.6436921298076924 0.2681738293269231 0.6487307091346154 0.2504638677884615 0.6477507716346154 0.23010253846153847 0.6483101850961539 0.22479003846153847
0 0.5035493822115384 0.5219384759615384 0.4941242283653846 0.5179638677884616 0.4775192908653846 0.5151220697115385 0.4676466057692308 0.515693360576923 0.4613618822115385 0.5168261706730769 0.4541820985576923 0.520234375 0.4411651225961538 0.5259179687500001 0.43263888942307693 0.529326170673077 0.42545910576923074 0.5475 0.4030169759615384 0.5668115240384616 0.39359182211538457 0.5770361322115385 0.3913464495192308 0.5901025384615385 0.39224537019230765 0.6031689447115385 0.39807870432692305 0.6088476562499999 0.40660879567307695 0.6077099615384616 0.42500771634615386 0.605439454326923 0.4285995360576923 0.605439454326923 0.43533179086538465 0.6088476562499999 0.4443055552884615 0.6133935552884615 0.4510378076923077 0.61623046875 0.45642361057692304 0.6133935552884615 0.45777006249999996 0.5997607427884616 0.4609143509615385 0.592373048076923 0.47168595673076924 0.5918066418269231 0.48649691346153845 0.5793115240384615 0.49367669711538464 0.564541016826923 0.5026543221153846 0.5520458990384616 0.5066936730769231 0.5355712884615385 0.5035493822115384 0.5219384759615384
0 0.6355748461538462 0.7525146490384615 0.62396990625 0.7525146490384615 0.61642746875 0.7554541009615385 0.5964081778846154 0.7771191418269231 0.5775462956730769 0.7943749999999999 0.5679745360576923 0.8156738269230769 0.5853819447115385 0.8266894519230769 0.6120756177884615 0.8266894519230769 0.6367361105769231 0.80943359375 0.6689429014423076 0.7936425793269231 0.6590779326923077 0.7727099615384615 0.6518248461538462 0.7591259759615384 0.6355748461538462 0.7525146490384615
0 0.708923610576923 0.57845703125 0.7034104927884616 0.5740478509615385 0.688036264423077 0.5740478509615385 0.6813618822115385 0.5788232427884615 0.6822299375 0.5979199230769231 0.6848418221153847 0.618115235576923 0.6865856490384614 0.630234375 0.6949961418269232 0.6390478509615385 0.7016705240384616 0.6419824206730769 0.7222723774038461 0.64125 0.7280748461538462 0.6269287115384615 0.7187885793269231 0.6159130865384616 0.7161766971153847 0.5960839831730769 0.708923610576923 0.57845703125
0 0.29764274759615383 0.6120410144230769 0.32324845673076924 0.6120410144230769 0.32324845673076924 0.604326173076923 0.3549498461538461 0.6104980456730769 0.37933642067307694 0.6104980456730769 0.3842129639423077 0.5919824230769231 0.3976273149038461 0.5672900384615385 0.41713348798076927 0.5348828125 0.43176697596153846 0.5101904302884616 0.43786265384615386 0.4885839831730769 0.43786265384615386 0.46234863221153844 0.42567129567307693 0.4530908197115385 0.39396990625 0.4515478509615385 0.3659220673076923 0.45617675721153844 0.3512924375 0.4746972668269231 0.33178240625 0.4870410144230769 0.3147106490384616 0.5101904302884616 0.29764274759615383 0.53642578125 0.28544753125 0.5626611322115385 0.2756944447115385 0.5981542980769231 0.2793518509615385 0.6135839831730769 0.29764274759615383 0.6120410144230769
0 0.40332561778846154 0.2702197259615385 0.4001388894230769 0.26958496153846156 0.39375771634615386 0.2687353509615385 0.3878819447115385 0.2666113293269231 0.384691358173077 0.26405761778846154 0.3825077163461538 0.2627832019230769 0.38015817788461537 0.26724609374999997 0.3756211418269231 0.2759619134615385 0.3727700625 0.28509765625 0.3731057091346154 0.29614746153846155 0.3773032403846154 0.30507324278846154 0.3858641971153846 0.31378418028846156 0.39744984615384615 0.31208496153846155 0.4041666658653846 0.30826171874999997 0.4071875 0.29827148557692307 0.40802855048076925 0.28530761778846153 0.4083641971153846 0.2751074206730769 0.4060146610576923 0.27213378846153846 0.40332561778846154 0.2702197259615385
0 0.4120370360576923 0.8622998052884616 0.4260416658653846 0.8588916009615384 0.4712808653846154 0.8295800793269231 0.49067129567307693 0.8166308581730769 0.49174768509615385 0.8050439447115385 0.48474537019230773 0.786640625 0.4852854927884615 0.7655078125 0.4836689807692308 0.7546044927884614 0.4750501538461539 0.743017579326923 0.46266203605769235 0.7232470697115385 0.4535069447115384 0.71916015625 0.44704475240384617 0.71916015625 0.4330439807692308 0.7232470697115385 0.41903935096153844 0.724609375 0.40503472115384614 0.73142578125 0.3958796298076923 0.7382421874999999 0.3883410504807693 0.751875 0.38510802403846156 0.7648291009615384 0.3748765432692308 0.7852783197115384 0.3786458341346154 0.8016357427884616 0.3840316346153846 0.8111767572115384 0.3951003076923077 0.8597656250000001 0.4120370360576923 0.8622998052884616
0 0.1269521610576923 0.5341894543269231 0.1153433653846154 0.5292919927884616 0.10301311778846153 0.5323193365384615 0.09866126442307693 0.5408886730769231 0.10857638942307692 0.5568310552884616 0.11437885817307693 0.5623095697115384 0.1238078701923077 0.5638720697115385 0.12646605048076923 0.55802734375 0.12912808653846153 0.55802734375 0.13444444471153846 0.5448681634615384 0.13444444471153846 0.53783203125 0.1269521610576923 0.5341894543269231
0 0.6086844134615385 0.6669873052884616 0.6105555552884615 0.6565722668269232 0.6101813269230769 0.6504199206730769 0.6023263894230769 0.6433154302884615 0.5985841057692307 0.6428417980769231 0.5940972211538461 0.6452099615384616 0.5862422836538461 0.6489990240384615 0.5772685192307693 0.652783204326923 0.5720293221153846 0.6579931634615386 0.5634297836538461 0.6655664062500001 0.5290200625 0.684970701923077 0.5200424375 0.6963330072115385 0.5178009254807692 0.7053271490384615 0.5219135793269231 0.7143212884615384 0.5278973774038461 0.7209472644230769 0.5327584879807692 0.7252099615384615 0.53986496875 0.7304150384615385 0.5533294759615385 0.7408300793269231 0.5574459879807692 0.7460351562499999 0.5682908942307692 0.7493505865384615 0.5821296298076923 0.7521875 0.5944714495192308 0.7313623052884615 0.6000810192307692 0.708642576923077 0.6045717596153847 0.6882861322115384 0.6086844134615385 0.6669873052884616
0 0.1579128076923077 0.66017578125 0.1371489206730769 0.6522900384615385 0.12676697596153846 0.6575488293269232 0.10807870432692307 0.67857421875 0.09042824038461537 0.6943408197115384 0.07381558653846154 0.7140527355769231 0.056165122596153846 0.735078125 0.057202932692307695 0.7574169927884615 0.07692901201923076 0.785009766826923 0.10288580288461538 0.7902685552884615 0.11846064903846153 0.7797558605769231 0.1797183653846154 0.683828125 0.1745254639423077 0.6667480480769231 0.1579128076923077 0.66017578125
0 0.4238078701923077 0.1118359375 0.41895061778846154 0.10896484375 0.4157021610576923 0.11635742307692308 0.40469907451923076 0.13273925721153848 0.4021064807692308 0.142578125 0.4030787043269231 0.142578125 0.41052855048076925 0.14790527403846154 0.41862654326923077 0.15610351442307693 0.4299614206730769 0.15241699278846152 0.44064814903846156 0.13520019471153846 0.4315817908653846 0.12167480528846154 0.42736882692307687 0.11675293028846154 0.4238078701923077 0.1118359375
0 0.7307831778846154 0.16770019471153846 0.7370293221153846 0.17407714903846155 0.7390432091346154 0.17713378846153846 0.7477083341346155 0.17790039182692308 0.7501273149038461 0.17458496153846154 0.7537538581730769 0.17076171874999999 0.7555671298076923 0.16489257692307693 0.7618132716346153 0.1554589831730769 0.7547608028846154 0.15214355528846155 0.7424691346153847 0.15443847596153845 0.734814814903846 0.15877441346153848 0.7307831778846154 0.16770019471153846
0 0.2536458341346154 0.46897949278846157 0.24736111057692306 0.47203613221153845 0.24034722115384616 0.47512695192307697 0.23502700721153846 0.48002441346153846 0.2362384254807692 0.4937646490384615 0.24518518509615386 0.4925683581730769 0.25098765384615385 0.49407226682692307 0.2555825625 0.49501953125 0.25993441346153845 0.4999169927884616 0.26694444471153844 0.4928759759615385 0.27419753125 0.47724121153846155 0.2715393509615385 0.4680908197115385 0.26573688221153846 0.4659472644230769 0.2536458341346154 0.46897949278846157
0 0.45820987740384617 0.45091308653846157 0.46183642067307695 0.4379052740384616 0.4700964495192308 0.4302587884615384 0.4707021610576923 0.4259228509615385 0.4620370360576923 0.4187792956730769 0.4533757716346154 0.4182714831730769 0.4432986105769231 0.4203125 0.4402777788461538 0.4264306634615384 0.44269290144230766 0.44275390625 0.44571759375000003 0.45805175721153846 0.4527700625 0.45830566346153845 0.45820987740384617 0.45091308653846157
0 0.9543904326923076 0.86779296875 0.971693673076923 0.8668798822115384 0.9954861105769232 0.8650585937499999 0.9933256177884615 0.8504541009615385 0.9933256177884615 0.8267285144230769 0.9918827163461538 0.7993554687500001 1 0.75919921875 0.9940432091346154 0.75646484375 0.9637615745192308 0.750078125 0.9327584879807692 0.728173826923077 0.9111265432692307 0.728173826923077 0.9082445985576922 0.7372998052884616 0.9039158942307692 0.7582910168269231 0.8923804014423078 0.7902294927884616 0.8830092596153847 0.8130419927884615 0.8743557091346154 0.8504541009615385 0.8830092596153847 0.8541064447115385 0.9010339495192308 0.8541064447115385 0.9060802475961538 0.8550195312500001 0.9031944447115384 0.8595800769230769 0.9197800937499999 0.8586669927884615 0.9543904326923076 0.86779296875
0 0.4160879639423077 0.19138183653846155 0.40064043269230765 0.19031738221153846 0.3861998461538461 0.19626953125 0.3757908942307692 0.20562011778846154 0.3673958341346154 0.21560546875 0.35782407451923076 0.22432128846153845 0.3548032403846154 0.23749511778846152 0.3647106490384615 0.2432324206730769 0.36924382692307695 0.2432324206730769 0.37831018509615383 0.24727050721153845 0.3856983028846154 0.25470703125 0.3893904326923077 0.254921875 0.39812114182692304 0.24535644471153845 0.40786265384615383 0.23961913942307692 0.4160879639423077 0.23876953125 0.4212924375 0.23728515625 0.4189429014423077 0.2168847668269231 0.42683256249999996 0.20562011778846154 0.4264969134615385 0.19265625 0.4160879639423077 0.19138183653846155
0 0.677808641826923 0.2984863269230769 0.6938271610576923 0.3046533197115385 0.6924344134615384 0.2971630865384615 0.6851195985576923 0.2830615240384616 0.6732831778846153 0.27160644471153844 0.662141204326923 0.26808105528846154 0.6513503076923077 0.27116699278846157 0.6384683653846154 0.27953613221153845 0.6269753076923077 0.2923144519230769 0.6269753076923077 0.3059765625 0.6398572524038462 0.31875488221153847 0.6440354927884615 0.31875488221153847 0.6422955240384615 0.31390625 0.6510030865384615 0.308203125 0.677808641826923 0.2984863269230769
0 0.49562500000000004 0.46075683653846156 0.48152006249999996 0.45642089903846156 0.4686265432692308 0.45259765625 0.4581481490384615 0.4508105456730769 0.45109567788461535 0.45744140625 0.4436419759615384 0.4663671875 0.43940972115384613 0.48345214903846156 0.4420293221153846 0.502578125 0.43900848798076925 0.5094628918269231 0.43820216105769233 0.5222119134615385 0.44263503125000003 0.5239990240384615 0.46338734615384614 0.5153271490384616 0.49179783894230766 0.49441894471153847 0.5135570985576924 0.4860009759615384 0.5059799375 0.46123046874999996 0.49562500000000004 0.46075683653846156
0 0.1368634254807692 0.5629248052884616 0.1320293221153846 0.5712158197115385 0.12646605048076923 0.5862109375 0.12840277884615386 0.5984521490384616 0.13516975240384616 0.6097412115384615 0.14048996875 0.619228516826923 0.1453279326923077 0.6241259759615385 0.1523379639423077 0.6195361322115385 0.1588657403846154 0.6143310552884615 0.16225308653846152 0.602734375 0.17893518509615386 0.5911083990384616 0.1883641971153846 0.5834570312499999 0.18860725240384615 0.580703125 0.18183642067307693 0.5696533197115385 0.1755478389423077 0.5666259759615385 0.16321759374999997 0.564453125 0.14774305528846154 0.5586669927884615 0.1368634254807692 0.5629248052884616
0 0.19409722115384614 0.37330566346153843 0.18756944471153847 0.37005859375 0.17812499999999998 0.36932128846153844 0.17089506250000003 0.3666650384615385 0.16389660576923076 0.3755224615384615 0.1665779326923077 0.3831933581730769 0.1728742283653846 0.38717773557692303 0.1900154326923077 0.3902783197115385 0.1923495360576923 0.38127441346153845 0.19409722115384614 0.37330566346153843
0 0.16386959855769231 0.41866699278846153 0.16895061778846154 0.42570800721153845 0.17233410576923078 0.4315234375 0.18031250000000001 0.4312158197115385 0.18635802403846155 0.42876953125 0.19264274759615382 0.426015625 0.1967554014423077 0.4254003918269231 0.1957870360576923 0.4137744134615385 0.1805555552884615 0.4116308605769231 0.1694328701923077 0.4088769543269231 0.1597608028846154 0.41010253846153844 0.16386959855769231 0.41866699278846153
0 0.8208680552884615 0.15969238221153845 0.8071682091346154 0.1543359375 0.8001157403846153 0.14949218749999998 0.7922569447115385 0.14566894471153846 0.7789583341346155 0.1426074230769231 0.7692862644230769 0.14643066346153846 0.7564043221153847 0.16328125 0.7519598774038462 0.17779785096153844 0.7573996923076923 0.18417480528846156 0.7652584879807692 0.19233398317307693 0.7698919759615385 0.19692382932692307 0.7823842596153846 0.20202636778846153 0.7930632716346153 0.20737793028846155 0.8051543221153845 0.2055957019230769 0.81482253125 0.18774413942307694 0.8244984567307692 0.17128906249999998 0.8261072524038462 0.16504882932692308 0.8208680552884615 0.15969238221153845
0 0.5264814807692308 0.7741796875 0.5192283942307692 0.7892333990384616 0.5105246923076924 0.8013525384615385 0.5267746923076924 0.8072314447115385 0.5363464495192308 0.806494141826923 0.5415702163461538 0.7947460937499999 0.547951389423077 0.778955076923077 0.5433101850961538 0.7712402355769231 0.5334452163461538 0.7705078125 0.5264814807692308 0.7741796875
0 0.1973842596153846 0.5252197259615385 0.1891628076923077 0.5233837884615384 0.18118441346153846 0.52001953125 0.1719945985576923 0.5191015625 0.16933642067307692 0.52001953125 0.16643518509615385 0.5239990240384615 0.1661921298076923 0.529814451923077 0.16957561778846156 0.537158201923077 0.1786921298076923 0.5421435552884616 0.2000424375 0.5347070312500001 0.20270061778846155 0.530732423076923 0.1973842596153846 0.5252197259615385
0 0.5458564807692308 0.42421386778846154 0.5577430552884615 0.42548828125000004 0.567013889423077 0.42395996153846155 0.5708410504807693 0.41962402403846155 0.5660069447115385 0.4055957019230769 0.5601620360576923 0.39284668028846154 0.5494830240384615 0.39055175721153845 0.5329629639423077 0.38876464903846153 0.5218788581730769 0.38111816346153843 0.5148263894230769 0.3813720697115385 0.5081790120192308 0.3874902355769231 0.5003202163461539 0.40304687499999997 0.5041473774038462 0.4091650384615385 0.5130131177884615 0.4203857427884615 0.5236921298076923 0.4231933605769231 0.534371141826923 0.4237011730769231 0.5458564807692308 0.42421386778846154
0 0.8788580240384616 0.145078125 0.8689853389423077 0.135390625 0.8560879639423077 0.13182128846153846 0.8486342596153846 0.13182128846153846 0.8474266971153847 0.14100097596153846 0.8474266971153847 0.1494140625 0.8570949062500001 0.16063476442307692 0.86696759375 0.16751953125 0.8806712956730769 0.167265625 0.8909452163461539 0.16216796875 0.8788580240384616 0.145078125
0 0.12508873557692307 0.41505859375000004 0.12750771634615385 0.4119970697115385 0.1272646610576923 0.41077636778846155 0.12581404326923076 0.40587890625 0.1183179014423077 0.4028173822115385 0.11324074038461539 0.40220703125 0.1057445985576923 0.40832519471153844 0.09799382692307691 0.41596679567307693 0.09486496875 0.4227099615384615 0.09438271634615385 0.4318896490384615 0.09293209855769231 0.44351562499999997 0.10091049278846155 0.4429052740384615 0.11033950721153846 0.4432128918269231 0.11420910576923077 0.4377050769230769 0.1144483028846154 0.4269921875 0.11807870432692308 0.42240234375 0.12508873557692307 0.41505859375000004
0 0.3744020072115385 0.791875 0.38021990625 0.7706054687499999 0.38538966105769235 0.7526123052884616 0.38732638942307696 0.741162110576923 0.37827932211538456 0.7182568365384616 0.37117283894230774 0.7051708990384615 0.3569521610576923 0.69044921875 0.34854938221153847 0.6839062499999999 0.33627314903846156 0.6822705072115384 0.32399305528846156 0.6806347668269231 0.3149459879807692 0.6806347668269231 0.3059413581730769 0.719384764423077 0.29502314903846155 0.707177733173077 0.28491512259615387 0.733544920673077 0.28521605048076926 0.7501611322115385 0.27487268509615387 0.7656982427884615 0.27875385817307696 0.7902392572115384 0.27487268509615387 0.8049609375 0.2697029326923077 0.8278662115384615 0.2600115745192308 0.8376806634615386 0.2600115745192308 0.8573095697115385 0.25871913461538465 0.8638525384615385 0.27164351923076924 0.8654785144230769 0.31688271634615384 0.8434033197115384 0.3395023149038462 0.8262304687500001 0.36470679086538466 0.8098681634615384 0.3744020072115385 0.791875
0 0.34078317788461543 0.6585986322115385 0.3498495360576923 0.6573242187499999 0.3555594134615384 0.6532861322115384 0.3731867283653846 0.6483984374999999 0.3787307091346154 0.6435107427884615 0.37839506250000005 0.6267236322115385 0.3787307091346154 0.6133349615384616 0.3716782403846154 0.6110009759615385 0.3549498461538461 0.6104980456730769 0.34447530769230766 0.6065380865384615 0.33473765384615384 0.60611328125 0.32466435096153845 0.6088720697115385 0.3219753076923077 0.6097216802884615 0.3223109567307692 0.6224755865384615 0.32768518509615385 0.6339501947115385 0.33675154326923074 0.6469140624999999 0.34078317788461543 0.6585986322115385
0 0.23226080288461537 0.13791503846153846 0.2432561730769231 0.14040527403846154 0.2539236105769231 0.14788574278846153 0.2659027788461538 0.15930664182692308 0.2690239206730769 0.15203613221153847 0.2775578701923077 0.1507910144230769 0.2901929014423077 0.15370117067307693 0.2887152788461539 0.1375 0.2860879639423077 0.1275292980769231 0.2800192908653846 0.11922363221153846 0.27771990625 0.11091308653846153 0.27493055528846155 0.10115234375 0.26639660576923074 0.09720703124999999 0.25261188221153846 0.09658203125 0.24128857932692307 0.0909765625 0.22340277884615387 0.077890625 0.21896990625 0.08142089903846153 0.21174768509615383 0.07872070432692307 0.19895061778846154 0.06771484375 0.18746142067307695 0.06708984375 0.18171682211538462 0.08474609375 0.17892746874999998 0.10239746153846153 0.18155478365384617 0.11652343750000001 0.1784375 0.13334472596153846 0.18532793269230768 0.14310546875 0.19681712980769234 0.15100097596153847 0.20567901201923075 0.14830078125 0.22175925961538462 0.14123535096153847 0.23226080288461537 0.13791503846153846
0 0.08947530769230769 0.50236328125 0.08052855048076922 0.4986621081730769 0.07278935096153846 0.50171875 0.0684375 0.5154931634615385 0.07158179086538462 0.5231396490384616 0.07883487740384616 0.5255908197115384 0.08366898076923078 0.5280371105769232 0.09140817788461539 0.5176318365384616 0.09189043269230769 0.50970703125 0.08947530769230769 0.50236328125
0 0.7891126538461539 0.46129394471153845 0.7977700624999999 0.46813964903846156 0.8070756177884615 0.4763574230769231 0.8133526225961538 0.479921875 0.8215779326923076 0.4848486322115385 0.8332638894230769 0.48430175721153845 0.8438695985576923 0.4818359375 0.8492824062500001 0.4785498052884615 0.8555594134615384 0.47252441346153845 0.8555594134615384 0.4673193365384615 0.8527430552884615 0.4591015625 0.8471180552884616 0.437734375 0.8352121923076923 0.41088867307692306 0.8326157403846154 0.40431640625000004 0.8228742283653846 0.39855956971153844 0.8148688269230769 0.39691894471153844 0.8101041658653846 0.39719238221153846 0.7914930552884616 0.4002050769230769 0.7854320985576924 0.4029443365384615 0.7806712956730769 0.4103417980769231 0.7743942908653847 0.4212988269230769 0.7724459879807692 0.4369140625 0.7791550937499999 0.44759765625000003 0.7828356490384615 0.459921875 0.7891126538461539 0.46129394471153845
0 0.8706365745192308 0.19845214903846153 0.8778896610576923 0.18468261778846154 0.8774884254807692 0.18060546875 0.8710378076923077 0.17626953125 0.85834490625 0.17499511778846152 0.8412191346153846 0.17805175721153846 0.8317476850961539 0.18162109375 0.8263078701923077 0.19003906250000002 0.8261072524038462 0.20100585817307692 0.8271141971153846 0.21043945192307692 0.8381983028846154 0.21196777403846154 0.8468595673076924 0.2063574230769231 0.8637847211538462 0.20584960817307693 0.8706365745192308 0.19845214903846153
0 0.4774922836538461 0.33939941346153846 0.48152006249999996 0.34424316346153844 0.48595293269230766 0.34806640625 0.4930054014423077 0.3455175769230769 0.4938117283653846 0.3365917980769231 0.49542438221153845 0.3251171875 0.49562500000000004 0.3182324230769231 0.4921990745192308 0.3136425793269231 0.48535107932692306 0.3116015625 0.4774922836538461 0.30981445192307694 0.4684259254807692 0.31108886778846156 0.46157407451923077 0.31542480528846156 0.45935956730769234 0.3179785168269231 0.4668132716346154 0.32230956971153846 0.47084105048076924 0.3266455072115385 0.47426697596153844 0.3335302740384615 0.4774922836538461 0.33939941346153846
0 0.33609567788461536 0.4273583990384615 0.3298109567307692 0.41971191346153847 0.31989583413461536 0.416953125 0.3102237644230769 0.42246581971153846 0.29619984615384615 0.4301123052884615 0.2831442908653846 0.44020996153846154 0.27782407451923075 0.4488134759615384 0.2761342596153846 0.4570410168269231 0.28217592548076925 0.4597949206730769 0.3097222211538462 0.4609375 0.3460069447115384 0.4671435552884615 0.34915123557692307 0.4582958990384615 0.3440740745192308 0.44205078124999997 0.33609567788461536 0.4273583990384615
0 0.49044753125 0.42260742307692306 0.48984182211538463 0.41623046874999997 0.4829938269230769 0.41215331971153846 0.4692901225961539 0.4090917956730769 0.46546296394230774 0.41036621153846153 0.45820987740384617 0.4187792956730769 0.46626929086538466 0.42821777403846156 0.47050154326923077 0.4305126947115384 0.4799691346153846 0.42923828125 0.49044753125 0.42260742307692306
0 0.7676581778846153 0.3389306634615385 0.7808873461538461 0.34103515624999997 0.8002469134615384 0.3436865240384615 0.8090239206730769 0.3479199230769231 0.81236496875 0.33734375 0.8127816346153847 0.32200683653846157 0.8081867283653845 0.31830566346153844 0.8015007716346154 0.3146044927884616 0.7697492283653846 0.30984375000000003 0.7480208341346154 0.31354492067307693 0.7283834879807691 0.3188330072115385 0.7296373461538461 0.33575683653846156 0.7421720673076924 0.3420996081730769 0.746473764423077 0.3465136706730769 0.7526195985576922 0.3420996081730769 0.7676581778846153 0.3389306634615385
0 0.9243750000000001 0.4432128918269231 0.9585146610576923 0.4509326177884615 0.9731481490384616 0.43704101442307697 0.9993441346153846 0.40058593750000004 0.9773533942307692 0.3761230456730769 0.9463233028846154 0.35371093750000004 0.9243750000000001 0.35525390625000003 0.8999884254807693 0.35371093750000004 0.8743827163461538 0.34753418028846156 0.8670679014423077 0.36759765625 0.873163579326923 0.40617675721153845 0.8926736105769231 0.42778320432692307 0.9243750000000001 0.4432128918269231
0 0.5822646610576923 0.2501464831730769 0.5957638894230769 0.24963378846153847 0.5967746923076923 0.24300293028846154 0.5975810192307692 0.23025390625 0.5953626538461538 0.22158203124999998 0.5981828701923078 0.20985351442307693 0.5846836418269231 0.2078125 0.5697723774038461 0.2083203125 0.5603047836538462 0.21112793028846152 0.5562731490384615 0.21520996153846153 0.5586921298076923 0.2279589855769231 0.5607060192307692 0.2368847644230769 0.5598996923076923 0.24249511778846153 0.5538580240384615 0.25549804807692306 0.5605054014423076 0.25651855528846157 0.5665509254807692 0.25524413942307694 0.573398920673077 0.2526953125 0.5822646610576923 0.2501464831730769
0 0.45331404326923075 0.4153662115384616 0.45412037019230767 0.4041455072115384 0.4460609567307693 0.39368652403846155 0.4384027788461538 0.38986328124999997 0.4228896610576923 0.3929248052884615 0.4152314807692308 0.39853515625 0.41865740625000003 0.4072021490384615 0.4297376538461538 0.4148535144230769 0.43497685096153843 0.42556640625000003 0.4402160504807692 0.42454589903846157 0.44908179086538463 0.4209765625 0.45331404326923075 0.4153662115384616
0 0.746527778846154 0.5217968749999999 0.7430439807692307 0.51591796875 0.7276697524038462 0.5155517572115385 0.7146103389423076 0.5177539062500001 0.7001041658653846 0.5206933605769231 0.6937229927884616 0.5265673822115384 0.695752314903846 0.5423583990384615 0.7027160504807692 0.5482324206730769 0.7105478389423077 0.557783201923077 0.7250578701923077 0.5698974615384615 0.7369521610576922 0.5607177740384615 0.7436265432692307 0.5482324206730769 0.7549382716346155 0.531689454326923 0.746527778846154 0.5217968749999999
0 0.6316859567307692 0.17661621153846155 0.6208140432692308 0.17376953125 0.6151929014423076 0.17258300721153846 0.6135069447115384 0.17566894471153846 0.6133179014423077 0.17993652403846155 0.6150038581730769 0.18468261778846154 0.6178163581730769 0.20104980528846153 0.6326234567307693 0.19630371153846154 0.6378703701923077 0.18895019471153846 0.6361844134615384 0.17993652403846155 0.6316859567307692 0.17661621153846155
0 0.6491203701923076 0.9533007812500001 0.63240740625 0.9700439447115384 0.6365856490384616 0.9881103509615384 0.6693132716346154 0.9964843750000001 0.6825462956730769 0.9991259759615385 0.6989081778846155 0.9872314447115385 0.7051774687500001 0.9814990240384615 0.715621141826923 0.9775341802884616 0.7083101850961538 0.9696044927884616 0.696473764423077 0.9533007812500001 0.6780169759615385 0.94404296875 0.6613078701923077 0.9462499999999999 0.6491203701923076 0.9533007812500001
0 0.3425887355769231 0.2583251947115385 0.34911265384615386 0.26003418028846154 0.35451003124999997 0.2551904302884615 0.3551851850961538 0.2446582019230769 0.3542862644230769 0.23327148317307692 0.3520370360576923 0.22217285096153847 0.34888888942307694 0.219609375 0.33809027884615384 0.21534179807692308 0.3261689807692308 0.20395507692307693 0.3232445985576923 0.19939941346153847 0.31964892067307693 0.20252929567307693 0.3149228389423077 0.21391601682692307 0.31020061778846153 0.22388183653846155 0.30502700721153847 0.22985839903846153 0.30277777884615387 0.23412597596153845 0.30840277884615386 0.24409179567307693 0.3250462956730769 0.2503515625 0.3311188269230769 0.2503515625 0.33584105048076923 0.2546240240384615 0.3425887355769231 0.2583251947115385
0 0.6821373461538461 0.48359375000000004 0.6749729927884616 0.47357910096153844 0.6635532403846154 0.4696386706730769 0.6542091057692307 0.4801513677884615 0.6479783942307692 0.4906640625 0.6396720673076923 0.5064306634615384 0.6365586418269231 0.5221972644230769 0.6417476850961539 0.5366552740384616 0.6666666658653846 0.5524218750000001 0.6770486105769231 0.54322265625 0.6843171298076923 0.5366552740384616 0.697816358173077 0.5090576177884615 0.6821373461538461 0.48359375000000004
0 0.20839892067307692 0.702060545673077 0.2150733028846154 0.7185839855769232 0.23044753125 0.7387792956730769 0.24678626442307694 0.7501708990384616 0.27077932211538464 0.7597119134615385 0.28209490625 0.7534716802884615 0.2887692908653846 0.7406152331730769 0.2884799375 0.7127099615384616 0.28557484615384615 0.698388670673077 0.26526620432692305 0.6895751947115384 0.24408564903846156 0.6811279302884615 0.2315200625 0.679345701923077 0.21651234615384615 0.66435546875 0.2092708341346154 0.6697460937499999 0.20143518509615385 0.68259765625 0.20839892067307692 0.702060545673077
0 0.2758912043269231 0.36985839903846157 0.2722646610576923 0.3652685552884615 0.2608989206730769 0.36921875 0.25437114182692305 0.3750634759615385 0.24977623557692308 0.3787060552884615 0.2495370360576923 0.39189453124999996 0.2570331778846154 0.4007373052884615 0.26259259375 0.40288086057692307 0.2698456778846154 0.39709472596153844 0.27661651201923076 0.3946484375 0.28169367307692306 0.38668945432692303 0.28024305528846155 0.380234375 0.2758912043269231 0.36985839903846157
0 0.8080092596153846 0.5830468750000001 0.8184529326923078 0.5775390625 0.8213541658653847 0.5694580072115385 0.8199035504807692 0.5595458990384615 0.8152623461538462 0.5544042980769232 0.812939814903846 0.5536669927884615 0.8114891971153846 0.5536669927884615 0.8082986105769231 0.5522021490384615 0.7984336418269231 0.5455908197115384 0.7906018509615385 0.53677734375 0.7856674375 0.52943359375 0.7807368822115385 0.5264941394230769 0.7705787043269231 0.5235595697115385 0.76419753125 0.5228222668269231 0.760713735576923 0.52392578125 0.7549382716346155 0.531689454326923 0.75201003125 0.5408154302884616 0.7528819447115385 0.544853514423077 0.75607253125 0.55146484375 0.7726118822115384 0.5621142572115384 0.78740740625 0.57533203125 0.7937924375 0.5815771490384616 0.8080092596153846 0.5830468750000001
0 0.4882870360576923 0.36372558653846154 0.48560185096153846 0.35479980528846156 0.4763657403846154 0.34948730528846156 0.46192515384615385 0.3422607427884615 0.45705632692307696 0.34035156250000004 0.4500038581730769 0.3490625 0.44832561778846153 0.35798828125 0.4545408942307692 0.36691406249999997 0.4646141971153846 0.37243652403846156 0.47503857932692306 0.37797851682692307 0.4849151225961539 0.3694824230769231 0.4882870360576923 0.36372558653846154
0 0.4358410504807692 0.062080076923076925 0.4387654326923077 0.05923339903846154 0.44213734615384614 0.04755859375 0.44101466105769227 0.0390234375 0.4371913581730769 0.030195312499999998 0.431566358173077 0.02678222596153846 0.4266203701923077 0.02877441346153846 0.4209953701923077 0.032758788461538464 0.4104166658653846 0.04130859375 0.39827932211538464 0.052114257211538464 0.3973804014423077 0.05581543028846154 0.39895447596153844 0.060654295673076924 0.4104243822115385 0.05809570432692308 0.42212191346153843 0.059799805288461544 0.4304436730769231 0.06179199278846154 0.4358410504807692 0.062080076923076925
0 0.42590277884615385 0.30306152403846154 0.4187885793269231 0.30217773557692307 0.4087615745192308 0.30542480528846155 0.3993171298076923 0.30911132692307697 0.3941859567307692 0.31442382932692303 0.3930208341346154 0.32224609374999996 0.3960532403846154 0.32623046875 0.3993171298076923 0.32992187500000003 0.4075964495192308 0.3305078125 0.41564043269230766 0.32859374999999996 0.4297492283653846 0.324609375 0.42811728365384616 0.31294921875 0.42590277884615385 0.30306152403846154
0 0.8070447524038461 0.31352050721153846 0.8155902788461538 0.31494140625 0.8189660504807693 0.3180761706730769 0.8434799374999999 0.3172216802884616 0.8596759254807692 0.3138037115384616 0.8684452163461539 0.3061181634615385 0.8686728389423077 0.29814941346153845 0.8594483028846154 0.28021484375 0.8522530865384615 0.26142578125 0.8405555552884615 0.24890136778846153 0.8367322524038462 0.24263671875 0.8353819447115385 0.23723144471153848 0.8317862644230769 0.22669921875000001 0.8248109567307692 0.2175878918269231 0.8216628076923077 0.21616699278846155 0.8068171298076923 0.23182128846153846 0.7856751538461538 0.27224609375 0.7706057091346155 0.28790039182692306 0.7688078701923077 0.29985839903846156 0.7703819447115384 0.3092480480769231 0.7897260793269231 0.3106738269230769 0.7973726850961539 0.31010253846153846 0.8070447524038461 0.31352050721153846
0 0.627276235576923 0.33839843750000004 0.6051311730769231 0.35371093750000004 0.5804822524038461 0.3658984375 0.5696180552884615 0.3822900384615385 0.5604282403846154 0.4060839831730769 0.5687847211538462 0.4198339831730769 0.5754668221153846 0.42194824278846155 0.5913464495192308 0.40978515625 0.6130709879807692 0.3976220697115384 0.6331249999999999 0.3849316418269231 0.6431520072115385 0.3701269543269231 0.638973764423077 0.34950683653846154 0.627276235576923 0.33839843750000004
0 0.5313888894230769 0.20502441346153846 0.5352507716346154 0.20736328125 0.5412962956730769 0.21055175721153846 0.5559027788461539 0.2124609375 0.5637962956730769 0.20672363221153847 0.5747106490384616 0.20523925721153846 0.5765586418269231 0.20013671875 0.5758873461538461 0.1903613293269231 0.5750462956730769 0.18462402403846154 0.5695061730769231 0.178671875 0.5659799375 0.17654785096153847 0.5562422836538462 0.17357421874999998 0.5456635793269231 0.17824706971153845 0.53642746875 0.18292480528846153 0.5334066346153846 0.1912109375 0.5300462956730769 0.19524902403846156 0.5303819447115384 0.20077636778846156 0.5313888894230769 0.20502441346153846
0 0.1443595673076923 0.8379638677884615 0.12888503125 0.8327636730769231 0.11971450721153845 0.841650391826923 0.11871142067307693 0.8709960937500001 0.11824845673076924 0.887548829326923 0.11486111057692307 0.8973291009615385 0.1279166658653846 0.89396484375 0.1503858028846154 0.8967285144230769 0.16539351923076923 0.8979443365384616 0.1794174375 0.9010009759615384 0.19755015384615385 0.9037548822115385 0.20770833413461537 0.9101806634615385 0.20988425961538462 0.8786621105769231 0.2081867283653846 0.8722998052884615 0.18812114182692305 0.8554052740384616 0.1443595673076923 0.8379638677884615
0 0.5592708341346154 0.7565527331730769 0.5533294759615385 0.7408300793269231 0.5467939807692308 0.7308496081730769 0.5241628076923077 0.7146923822115384 0.5122646610576923 0.7029394519230769 0.4974691346153846 0.6941259759615386 0.48383101923076927 0.6955957043269231 0.47773919711538465 0.7003710937500001 0.47802855048076925 0.7348876947115385 0.48296296394230764 0.7459033197115384 0.5000810192307692 0.7708740240384616 0.5111033942307692 0.7807910144230769 0.5285146610576923 0.7749169927884616 0.5392476850961538 0.7657324230769231 0.5511458341346154 0.7642675793269231 0.5592708341346154 0.7565527331730769
0 0.8840277788461539 0.6888037115384615 0.8956327163461538 0.6968798822115385 0.9168132716346153 0.703125 0.9211651225961539 0.6990869134615385 0.9226157403846155 0.6935791009615385 0.9301581778846154 0.6814599615384616 0.931608795673077 0.6667724615384615 0.9269675937499999 0.6484082043269231 0.9113001538461538 0.6418017572115384 0.8996952163461539 0.6355566394230769 0.8880902788461539 0.6348242187500001 0.8741628076923077 0.6373925793269231 0.8651658942307693 0.6425341802884615 0.8645871923076923 0.6597949230769231 0.8712615745192308 0.6737451177884615 0.8840277788461539 0.6888037115384615
0 0.15734182211538464 0.3914355456730769 0.15178240625 0.3923535168269231 0.14380401201923076 0.40092285096153846 0.13872685096153844 0.4076513677884615 0.13872685096153844 0.4156103509615384 0.14573688221153847 0.41315918028846155 0.15444058653846152 0.4171386706730769 0.16483796394230768 0.4076513677884615 0.16532021634615385 0.4012255865384615 0.16386959855769231 0.39296386778846154 0.15734182211538464 0.3914355456730769
0 0.28894675961538463 0.43500976442307693 0.30006944471153846 0.42827636778846156 0.3116743822115385 0.41940429807692303 0.3264236105769231 0.42126953125 0.34141589423076923 0.43562011778846155 0.3537461418269231 0.446640625 0.36559413461538465 0.4441894543269231 0.3692206778846154 0.43500976442307693 0.3697029326923077 0.4218505865384615 0.36365740625000004 0.41542480528846154 0.35785493749999997 0.4090283197115384 0.34262345673076927 0.4056347668269231 0.33198688221153844 0.4071630865384615 0.33053626442307693 0.4044384759615385 0.3276311730769231 0.39583984375000003 0.30925540144230773 0.39583984375000003 0.2991010793269231 0.39923828125 0.28556327163461537 0.39308593750000004 0.28145061778846153 0.39522949278846153 0.27516589423076926 0.409609375 0.2664621923076923 0.42827636778846156 0.26694444471153844 0.43595703125 0.27057098798076923 0.4451074230769231 0.27903549278846157 0.4436083990384615 0.28894675961538463 0.43500976442307693
0 0.6233912043269231 0.7257080072115384 0.6146875 0.7146923822115384 0.6036612644230769 0.7073486322115384 0.5984375 0.712490235576923 0.5946682091346154 0.7238720697115385 0.5998881177884615 0.7374609375 0.6080131177884616 0.7532470697115384 0.6222299375 0.7517822259615384 0.630933641826923 0.7448046875000001 0.6294830240384616 0.7392968750000001 0.6233912043269231 0.7257080072115384
0 1 0.8914501947115384 0.9978742283653846 0.8730517572115384 0.9688040120192307 0.8625390625 0.9366165120192308 0.8612255865384615 0.8971643509615385 0.863857423076923 0.8774344134615385 0.8848779302884615 0.8815895072115385 0.90458984375 0.8878202163461538 0.92298828125 0.9179282403846154 0.9624121081730769 0.9386921298076923 0.9965771490384616 1 1 1 0.97423828125 1 0.8914501947115384
0 0.6244251538461539 0.042460937500000004 0.6220061730769231 0.04154296875 0.6159645072115385 0.04857910096153846 0.6123379639423077 0.06234863221153846 0.6159645072115385 0.06571777403846155 0.6256327163461539 0.06724609375 0.6343402788461538 0.07153320192307693 0.6398996923076923 0.07336913942307692 0.6440084879807693 0.07673339903846153 0.6488464495192308 0.07948730528846154 0.6515046298076924 0.06785644471153846 0.6495717596153846 0.058984375000000006 0.6459452163461539 0.05255859375 0.6338734567307692 0.042138670673076924 0.6244251538461539 0.042460937500000004
0 0.7482021610576923 0.36294921874999997 0.7482021610576923 0.3533642572115384 0.746473764423077 0.3465136706730769 0.7254783942307692 0.34240722596153844 0.6901967596153846 0.3465136706730769 0.6763464495192307 0.350625 0.6609799375 0.36322265625 0.6557831778846155 0.36952636778846154 0.6510223774038462 0.38130371153846154 0.6501581778846154 0.3958203125 0.6514544759615385 0.41308105528846156 0.6514544759615385 0.42567871153846154 0.6590316346153846 0.4434863269230769 0.6778626538461539 0.44759765625000003 0.6990740745192308 0.44814453125 0.7161728389423078 0.45170410096153846 0.7352160504807692 0.44430664182692303 0.7520987644230769 0.4286962884615385 0.7631365745192308 0.40239746153846156 0.7572916658653847 0.38896484374999996 0.75642746875 0.38157714903846157 0.7475540120192308 0.37116699278846155 0.7482021610576923 0.36294921874999997
0 0.39804783894230766 0.3629931634615385 0.39443287019230766 0.37007324278846154 0.3961805552884616 0.37774902403846156 0.4000270072115385 0.38394531249999997 0.4079591057692307 0.39221191346153844 0.4129706778846154 0.39235839903846154 0.4195023149038462 0.38808105528846154 0.42486496875 0.3835058581730769 0.4229976850961539 0.38187988221153846 0.41973379567307695 0.37627441346153845 0.4090084879807692 0.3612207019230769 0.4073726850961539 0.35959472596153846 0.4000270072115385 0.36062988221153847 0.39804783894230766 0.3629931634615385
0 0.29603009375 0.8857031249999999 0.28636188221153847 0.8798876947115384 0.25831404326923074 0.87927734375 0.25154320913461536 0.8961083990384615 0.24283950721153846 0.9193652355769231 0.23606867307692306 0.9383349615384616 0.23655092548076923 0.9475146490384615 0.24839892067307692 0.9524121105769231 0.25565200721153847 0.9582275384615385 0.26217978365384614 0.9606738269230769 0.2713695985576923 0.9591455072115385 0.28031635817307693 0.9570019543269231 0.29457947596153844 0.948095704326923 0.30425154326923076 0.9340527355769231 0.3107793221153846 0.9065136730769231 0.30642746875 0.89580078125 0.29603009375 0.8857031249999999
0 0.4501929014423077 0.651171875 0.4561342596153847 0.65693359375 0.46134259375000003 0.6576171875000001 0.47827932211538465 0.6709960937499999 0.51759259375 0.6797851562499999 0.5256558653846154 0.67994140625 0.5427276225961538 0.66759765625 0.5683333341346154 0.6537109375000001 0.59271990625 0.6429052740384615 0.6134452163461538 0.6243896490384616 0.6232021610576923 0.5981542980769231 0.6197145072115385 0.5729980480769231 0.6134452163461538 0.531796875 0.59271990625 0.5117333990384615 0.5512615745192307 0.5009326177884615 0.5219984567307692 0.5024755865384616 0.5049266971153846 0.5225341802884615 0.5085841057692307 0.53796875 0.5415084879807692 0.54259765625 0.5207793221153846 0.556484375 0.4935956778846154 0.5749511730769231 0.47810185096153845 0.5873486322115384 0.45852623557692307 0.59580078125 0.45632716105769233 0.62275390625 0.44761959855769234 0.6398193365384616 0.4501929014423077 0.651171875
0 1 0.4880322259615385 0.9854166658653847 0.48671875 0.9189660504807692 0.4617529302884616 0.9085841057692308 0.4656933605769231 0.9044290120192309 0.4788378894230769 0.9023533942307692 0.4998583990384615 0.89923996875 0.5156298822115384 0.8909336418269231 0.5458544927884615 0.8971643509615385 0.5734472668269232 0.907546295673077 0.5852734374999999 0.9210416658653846 0.5931591802884616 0.9303858028846155 0.6023583990384616 0.9527777788461538 0.600537110576923 0.9822993822115385 0.5997314447115385 0.9916435192307692 0.58001953125 1 0.5524218750000001 1 0.5248291009615385 1 0.4880322259615385
0 0.04846064903846154 0.02001464903846154 0.04587191346153847 0.024931639423076926 0.03907021634615385 0.03231445432692308 0.03582947596153846 0.03846191346153846 0.033240740384615386 0.04952636778846154 0.03582947596153846 0.059775391826923076 0.04263117307692307 0.06223632932692307 0.05072916586538461 0.05731445432692307 0.06756944471153846 0.0487109375 0.06659722115384616 0.030673826923076925 0.055586420673076925 0.017963867788461537 0.05170138942307692 0.01960449278846154 0.04846064903846154 0.02001464903846154
0 0.5712191346153846 0.32998046875 0.5695370360576922 0.3219042956730769 0.5651736105769231 0.3199902355769231 0.556608795673077 0.3157421875 0.5519097211538462 0.3236035168269231 0.5381404326923077 0.3340185552884615 0.5334375 0.33996581971153844 0.5339429014423077 0.34953125 0.5495563269230769 0.3539941394230769 0.5549305552884616 0.3471923822115385 0.5661805552884616 0.3401806634615384 0.5707137355769231 0.33529296875000003 0.5712191346153846 0.32998046875
0 0.7856674375 0.5823095697115385 0.7755131177884615 0.5668896490384616 0.771161264423077 0.56064453125 0.7668094134615384 0.5547705072115384 0.7612962956730769 0.5573388677884615 0.753171295673077 0.5617480456730769 0.7424382716346154 0.5694580072115385 0.7308294759615385 0.5742333990384615 0.7116820985576923 0.5790087884615385 0.7110995360576923 0.5841455072115385 0.7148726850961539 0.5922265625 0.7198070985576923 0.6058154302884615 0.7238657403846154 0.61609375 0.7261882716346153 0.6193994134615385 0.7430169759615384 0.6193994134615385 0.7534606490384615 0.61609375 0.7720331778846153 0.6094873052884615 0.7891512355769231 0.597734375 0.7891512355769231 0.5940624999999999 0.7856674375 0.5823095697115385
0 0.1736304014423077 0.69677734375 0.16869212980769233 0.7052978509615385 0.16330632692307695 0.71666015625 0.15657407451923078 0.7297216802884615 0.14849537019230769 0.7456298822115385 0.1426620360576923 0.7603955072115384 0.13009644951923077 0.7819824230769231 0.12201774759615384 0.7944775384615385 0.11887731490384615 0.8098144519230769 0.11079861057692307 0.8234472644230769 0.1121450625 0.8331054687499999 0.12111882692307693 0.8314013677884616 0.13278935096153846 0.8359423822115384 0.14131558653846155 0.8387841802884615 0.15074074038461538 0.8421923822115385 0.16869212980769233 0.8484423822115384 0.18664737740384615 0.8563916009615385 0.19741898076923076 0.8649121081730768 0.2081867283653846 0.8722998052884615 0.22479552403846154 0.8802490240384616 0.24005401201923077 0.8796826177884616 0.24678626442307694 0.86775390625 0.2592592596153846 0.856982420673077 0.26350308653846155 0.836767579326923 0.27600308653846156 0.8190917980769231 0.2777546298076923 0.80640625 0.28 0.7910693365384615 0.28 0.7768701177884616 0.27461419711538465 0.7689160144230769 0.26204475240384617 0.7603955072115384 0.24678626442307694 0.7501708990384616 0.23107638942307693 0.7365380865384614 0.22120370432692307 0.7206347668269231 0.19921296394230767 0.6928027355769231 0.18799382692307692 0.6928027355769231 0.18081018509615385 0.6916650384615385 0.1736304014423077 0.69677734375
0 0.7298456778846153 0.03572753846153846 0.7208989206730769 0.018896485576923076 0.7114583341346153 0.012792968750000001 0.6974537043269231 0.01337890625 0.6923611105769231 0.01767578125 0.6846450625 0.034521485576923076 0.6882561730769231 0.04459961057692308 0.6981712956730769 0.04949706971153846 0.7088078701923077 0.05684081971153846 0.7199305552884615 0.05408691346153846 0.7276697524038462 0.05194824278846154 0.73419753125 0.04735839903846154 0.7298456778846153 0.03572753846153846
0 0.3784220673076923 0.4139355480769231 0.3699575625 0.4287255865384615 0.3641126538461539 0.44810546875 0.3649189807692308 0.45677734375 0.37237654326923075 0.45729003846153843 0.39353009375 0.4544824206730769 0.4136805552884616 0.4549902331730769 0.4316126538461538 0.45601074278846154 0.43564429086538464 0.46034668028846154 0.4441049375 0.45983886778846156 0.4437037043269231 0.44810546875 0.44108410576923074 0.43739746153846154 0.43705246875000003 0.42668456971153845 0.4332253076923077 0.4208203125 0.42959876442307693 0.41623046874999997 0.4257716057692308 0.4136816418269231 0.4140817908653846 0.40603027403846154 0.39494212980769233 0.3999121105769231 0.38728394951923073 0.3986376947115385 0.3784220673076923 0.4139355480769231
0 0.6134683653846154 0.671728516826923 0.6091165120192308 0.6823779302884615 0.6070833341346155 0.6944970697115385 0.6073765432692307 0.7062451177884616 0.6143364206730769 0.7121191394230769 0.6230439807692308 0.7040429687499999 0.6291358028846153 0.6926611322115386 0.6445138894230769 0.6731982427884616 0.6471257716346154 0.6658544927884615 0.6459645072115384 0.6537353509615385 0.6401620360576923 0.6482275384615386 0.6242013894230769 0.6537353509615385 0.6183989206730769 0.6607128894230769 0.6134683653846154 0.671728516826923
0 0.2977044759615385 0.335859375 0.29448688221153846 0.3285986322115385 0.28749228365384616 0.3282421875 0.2810532403846154 0.3337353509615385 0.2744791658653846 0.3503808605769231 0.27419753125 0.3558691394230769 0.2807754639423077 0.3510888677884615 0.2848341057692308 0.3521484375 0.29057098798076925 0.35551757932692307 0.29504629567307694 0.35693359375 0.30120370432692306 0.3560449230769231 0.30540123557692306 0.35002441346153845 0.30511959855769233 0.34347168028846153 0.2977044759615385 0.335859375
0 1 0.6237353509615384 0.9954475312500001 0.623203125 0.9850038581730769 0.6195019519230769 0.9753935192307692 0.6168603509615385 0.9687075625 0.6189746105769232 0.9641126538461537 0.626376951923077 0.971651235576923 0.6579589855769231 0.9908526225961538 0.6628613293269231 0.9990046298076922 0.6701416009615385 1 0.6639208990384616 1 0.6348388677884615 1 0.6237353509615384
0 0.21918209855769233 0.5230419927884615 0.22365740625000002 0.5166650384615384 0.22589892067307693 0.5117089831730769 0.22477623557692306 0.5056884759615385 0.2240779326923077 0.5017919927884615 0.2184799375 0.4993115240384615 0.2155439807692308 0.49541503846153845 0.21008487740384615 0.49630371153846153 0.20378857932692307 0.5009033197115385 0.19315586538461538 0.5097607427884616 0.19189429086538462 0.51595703125 0.1942746923076923 0.5207373052884615 0.2074266971153846 0.527998045673077 0.21078703605769228 0.527998045673077 0.21624228365384615 0.5271142572115385 0.21918209855769233 0.5230419927884615
0 0.6807793221153846 0.5964501947115385 0.6662731490384615 0.59314453125 0.6453819447115384 0.5927783197115384 0.6334876538461539 0.59681640625 0.6282638894230769 0.6081982427884616 0.6314583341346154 0.6309667980769231 0.630586420673077 0.6419824206730769 0.6607600312499999 0.6408837884615385 0.6767206778846154 0.6390478509615385 0.6865856490384614 0.630234375 0.6828125 0.6093017572115385 0.6807793221153846 0.5964501947115385
0 0.7560108028846154 0.95814453125 0.78490740625 0.9559423822115385 0.779336420673077 0.9484521490384614 0.7622762355769231 0.9347900384615385 0.72571759375 0.9123193365384614 0.7030864206730769 0.9013037115384616 0.6846334879807692 0.8872021490384616 0.6787152788461538 0.8880810552884615 0.6571296298076923 0.90791015625 0.6620023149038462 0.9343505865384615 0.6717515432692308 0.946689451923077 0.7110956778846155 0.9643164062499999 0.7124884254807693 0.96740234375 0.7208449062500001 0.9625537115384616 0.7560108028846154 0.95814453125
0 0.045466822115384616 0.5867919927884615 0.036280865384615384 0.588935548076923 0.02805941346153846 0.5922998052884615 0.021049382211538462 0.597197264423077 0.012102622596153845 0.6072949230769231 0.005574846153846153 0.6167822259615385 0.005574846153846153 0.6216748052884615 0.01016589423076923 0.6265722668269231 0.01887345673076923 0.630859375 0.028541665865384615 0.6198730480769231 0.03821373557692308 0.6161669927884615 0.048854165865384616 0.6082421875 0.04764274759615384 0.5999511730769231 0.04740355048076923 0.593828125 0.045466822115384616 0.5867919927884615
0 0.3426504639423077 0.9046582019230769 0.3626157403846154 0.921240235576923 0.3728858028846154 0.9275341802884616 0.3775578701923077 0.9275341802884616 0.38753472115384613 0.9224072259615385 0.39563657451923073 0.9157031250000001 0.40342978365384613 0.902685548076923 0.40311728365384614 0.8908496081730769 0.4015586418269231 0.8770458990384615 0.3893904326923077 0.8415527355769231 0.38317129567307695 0.818271483173077 0.38254629567307696 0.8072265624999999 0.38161265384615384 0.8040673822115385 0.3763117283653846 0.8024902355769231 0.3694560192307692 0.8032812500000001 0.3554320985576923 0.8103808605769232 0.34795138942307696 0.8151123052884616 0.3435879639423077 0.8178759759615384 0.3370408942307692 0.8230029302884615 0.32987268509615386 0.83759765625 0.3314313269230769 0.856533204326923 0.3373533942307692 0.882958983173077 0.3426504639423077 0.9046582019230769
0 0.4773263894230769 0.8888623052884616 0.47284722115384614 0.87611328125 0.4678125 0.8661962884615384 0.4627739206730769 0.8584082019230769 0.4521412043269231 0.8541552740384616 0.4387075625 0.86265625 0.42807484615384617 0.8697412115384615 0.4185609567307692 0.88107421875 0.4112847211538462 0.8902783197115384 0.40065200721153843 0.9037402355769231 0.3984143509615385 0.9122412115384615 0.3978549375 0.9320703124999999 0.40625 0.9412792956730769 0.46893132692307693 0.9391552740384616 0.47172839423076923 0.9292382812500001 0.47564814903846153 0.9086962884615384 0.4773263894230769 0.8888623052884616
0 0.07864583413461539 0.6295214855769231 0.09053240625 0.6285009759615385 0.0903317908653846 0.61880859375 0.09073302403846153 0.6042724615384615 0.0865046298076923 0.5945849615384615 0.08227237740384616 0.5984082043269231 0.0707870360576923 0.5994287115384616 0.06071373557692307 0.602490235576923 0.04922839423076923 0.6109033197115384 0.04721450721153846 0.6221240240384615 0.05628086538461538 0.6290087884615385 0.06635416586538462 0.6325830072115385 0.07864583413461539 0.6295214855769231
0 0.7500887355769231 0.47783203124999996 0.7382523149038461 0.47122070192307697 0.731288579326923 0.48091796875 0.7246720673076923 0.4910498052884616 0.7211921298076922 0.5016259759615385 0.7264158942307692 0.5126416009615384 0.7305941346153847 0.5135253918269231 0.7389506177884615 0.5148486322115384 0.743128858173077 0.521015625 0.7476543221153846 0.5271875 0.7580979927884616 0.5289501947115385 0.7647145072115384 0.5232177740384615 0.7699344134615385 0.5055957019230769 0.7619290120192308 0.4923730480769231 0.7500887355769231 0.47783203124999996
0 0.5683371923076923 0.028916016826923078 0.5622646610576922 0.04636230528846154 0.5624305552884615 0.05778320432692308 0.5583256177884615 0.07377929567307692 0.5532407403846153 0.0949609375 0.55603009375 0.11531738221153846 0.5750655865384615 0.10887695192307692 0.5827777788461538 0.11884765624999999 0.5941010793269231 0.13587890625 0.606246141826923 0.13899414182692307 0.6221643509615385 0.1321386706730769 0.6297145072115384 0.12362304807692308 0.637098764423077 0.11677246153846153 0.6339776225961539 0.1041015625 0.6280092596153846 0.09282226442307692 0.6287268509615385 0.08811035096153846 0.6226543221153846 0.07959472596153847 0.6187191346153846 0.06962402403846155 0.6123186730769231 0.06359863221153847 0.6152700625 0.05030761778846154 0.60919753125 0.044077149038461536 0.5982060192307692 0.0353515625 0.5908179014423077 0.021850586538461537 0.5845833341346154 0.0189453125 0.5816280865384615 0.011884766826923077 0.5757214495192308 0.0110546875 0.5724382716346154 0.01728515625 0.5683371923076923 0.028916016826923078
0 0.1833603389423077 0.6484814447115385 0.18974151201923076 0.6569287115384616 0.20221836538461538 0.6734521490384615 0.2092708341346154 0.6697460937499999 0.22310956730769232 0.6723535168269231 0.23471450721153844 0.674921875 0.2457407403846154 0.6705175793269231 0.2474807091346154 0.6561962884615385 0.24429012259615385 0.6484814447115385 0.23790509375 0.6330615240384615 0.22746142067307693 0.6220458990384615 0.21962577163461539 0.6135986322115385 0.20181327163461538 0.58408203125 0.19119212980769232 0.5860546875 0.18655092548076924 0.5853222668269231 0.18219907451923076 0.5853222668269231 0.16420910576923076 0.5967041009615385 0.16225308653846152 0.602734375 0.16334105048076925 0.6176367187499999 0.16363040144230767 0.6275537115384615 0.1673996923076923 0.6389355480769231 0.1700115745192308 0.6404052740384615 0.1833603389423077 0.6484814447115385
0 0.24486496875 0.5990771490384615 0.24243055528846155 0.5943310552884615 0.2394328701923077 0.58958984375 0.23493441346153845 0.58626953125 0.2300578701923077 0.5810498052884616 0.22743441346153848 0.5774902355769231 0.2240625 0.5715625 0.22143904326923075 0.5682373052884615 0.21656635817307693 0.5653906249999999 0.21393904326923077 0.5646826177884615 0.20944058653846154 0.5691894543269231 0.2092554014423077 0.5701367187499999 0.20119598798076924 0.5827099615384616 0.21113040144230769 0.5964697259615385 0.22574845673076924 0.610703125 0.24336805528846156 0.6054833990384615 0.24486496875 0.5990771490384615
0 0.6097762355769231 0.45580078125 0.5982870360576923 0.45095214903846154 0.5850578701923077 0.44434081971153844 0.5694058653846154 0.44345703125 0.5638194447115384 0.43508788942307697 0.5599884254807692 0.4430224615384616 0.5631211418269231 0.46373046875 0.5655594134615385 0.48047363221153844 0.5690393509615385 0.48928710817307697 0.5819251538461538 0.4897314447115385 0.5909760793269231 0.48488281250000004 0.6076890432692308 0.4791552740384616 0.6111689807692308 0.4716650384615385 0.6097762355769231 0.45580078125
0 0.49320987740384614 0.2506542980769231 0.4958256177884615 0.25958007932692306 0.4978433653846154 0.26187499999999997 0.5008641971153847 0.25345703125 0.5036844134615385 0.24096191346153845 0.5044907403846154 0.2353515625 0.49905092548076924 0.23280273317307693 0.4915895072115385 0.23256836057692307 0.4831327163461539 0.24045410096153846 0.48011188221153844 0.24683105528846155 0.48031250000000003 0.25167480528846153 0.48091820913461536 0.25294921875000004 0.4857523149038461 0.25116210817307694 0.49320987740384614 0.2506542980769231
0 0.9023958341346153 0.0515234375 0.8978086418269231 0.0487890625 0.8883603389423077 0.04605956971153846 0.8835030865384615 0.04503418028846154 0.8756751538461539 0.04161621153846154 0.8694675937499999 0.04093261778846154 0.8640702163461539 0.04264160096153846 0.8621797836538462 0.04810546875 0.8621797836538462 0.056987305288461534 0.8667669759615385 0.06450195192307692 0.87513503125 0.0716796875 0.8880902788461539 0.07133788942307692 0.9029359567307692 0.06928711057692308 0.9080632716346154 0.062114257211538466 0.9056327163461538 0.054257812499999995 0.9023958341346153 0.0515234375
0 0.7184915120192308 0.13939453124999998 0.7126504639423078 0.13837402403846155 0.7047916658653846 0.14219726682692307 0.6965316346153846 0.14143554807692307 0.6888734567307692 0.14475097596153846 0.6880671298076924 0.14934081971153848 0.6945138894230769 0.1575 0.6979398149038462 0.16642578125000002 0.7011651225961538 0.16922851442307693 0.7053973774038462 0.16999511778846152 0.7120447524038462 0.17178222596153844 0.7178896610576923 0.17381835817307692 0.7249382716346153 0.17509277403846155 0.729371141826923 0.17050293028846156 0.7313888894230769 0.15852050721153846 0.730983795673077 0.15137695192307693 0.7259490745192309 0.1444921875 0.7184915120192308 0.13939453124999998
0 0.1943904326923077 0.059174805288461536 0.18521605048076922 0.04312011778846154 0.18143518509615383 0.03663085817307692 0.1760378076923077 0.028432617788461536 0.16227237740384615 0.02945800721153846 0.1552546298076923 0.03936035096153846 0.1490470673076923 0.04414550721153846 0.1447299375 0.05473632692307692 0.1409529326923077 0.07488769471153846 0.1431095673076923 0.09128418028846154 0.15147762259615385 0.09025878846153847 0.15984567788461537 0.08889160096153846 0.1749575625 0.09777343749999999 0.18224537019230772 0.07488769471153846 0.18764274759615385 0.06737304567307692 0.1943904326923077 0.059174805288461536
0 0.7122106490384615 0.9154345697115385 0.7378163581730769 0.9293261730769231 0.7658641971153847 0.9416699230769231 0.7865895072115384 0.9416699230769231 0.8134182091346154 0.9246972644230769 0.8378047836538461 0.9185253894230769 0.8670679014423077 0.9077197259615384 0.8707253076923076 0.881484375 0.869506173076923 0.8398193365384615 0.8496141971153846 0.81884765625 0.8023919759615384 0.8126953125 0.77928240625 0.8062499999999999 0.7499614206730769 0.81181640625 0.71134259375 0.8065429687500001 0.6890432091346154 0.8336474615384616 0.6817283942307693 0.869140625 0.693923610576923 0.8922900384615384 0.7122106490384615 0.9154345697115385
0 0.29689814903846157 0.3255859375 0.3031057091346154 0.3245605480769231 0.3055362644230769 0.31875 0.3055362644230769 0.3057714855769231 0.30418595673076926 0.28015136778846156 0.2998688269230769 0.2623876947115385 0.28610339423076925 0.2688769519230769 0.26694058653846153 0.27092773557692307 0.25965277884615384 0.27673339903846156 0.2367129639423077 0.29347168028846154 0.22078703605769232 0.30474609375 0.22024691346153846 0.31806640625000004 0.26748070913461536 0.34778808653846155 0.28502314903846154 0.32968261778846153 0.2898804014423077 0.32660644471153844 0.29689814903846157 0.3255859375
0 0.20874614182692308 0.428828125 0.20076774759615384 0.4325 0.19496527884615386 0.43647949278846154 0.19037037019230768 0.4453515625 0.19158179086538463 0.45667480528846155 0.19665894951923077 0.46034668028846154 0.2222878076923077 0.46310058653846153 0.2312345673076923 0.44780273557692307 0.22905864182692307 0.44137695432692303 0.2242206778846154 0.4325 0.20874614182692308 0.428828125
0 0.6590007716346153 0.04705078125 0.653441358173077 0.055004882211538465 0.6527160504807692 0.057758788461538466 0.6527160504807692 0.06388183653846154 0.6524729927884615 0.07275390625 0.6536805552884615 0.07765136778846153 0.6594830240384616 0.07642578125 0.6672222211538461 0.0755078125 0.6715740745192308 0.06449218749999999 0.6691550937499999 0.055004882211538465 0.6672222211538461 0.046743163461538464 0.6648032403846155 0.0461328125 0.6590007716346153 0.04705078125
0 0.16926311778846154 0.5650634759615385 0.18401234615384615 0.5601708990384615 0.1919907403846154 0.55802734375 0.19900462980769232 0.55251953125 0.1992438269230769 0.5442871105769231 0.1970679014423077 0.5353808581730769 0.19368441346153847 0.5350732427884616 0.18594521634615385 0.5375244134615385 0.1786921298076923 0.5421435552884616 0.16684413461538464 0.5497656249999999 0.16297839423076924 0.5604736322115385 0.16926311778846154 0.5650634759615385
0 0.8917978389423078 0.982822264423077 0.9039814807692307 0.9731298822115384 0.9179282403846154 0.9624121081730769 0.9133834879807693 0.9541796875 0.9018942908653845 0.9422802740384615 0.8924922836538461 0.9281835937499999 0.8789158942307692 0.9162841802884615 0.8566319447115384 0.9154003894230769 0.8458371923076923 0.9228955072115385 0.7946566346153846 0.9436035144230769 0.78490740625 0.9559423822115385 0.7967438269230769 0.9678417956730769 0.8197260793269231 0.9867871105769231 0.8385262355769231 0.9867871105769231 0.8559336418269231 0.9872314447115385 0.8917978389423078 0.982822264423077
0 0.6904861105769231 0.15239746153846154 0.6747685192307693 0.1503613269230769 0.6673148149038461 0.15291015624999998 0.6626813269230769 0.15877441346153848 0.6604629639423076 0.17254394471153847 0.6632831778846153 0.18121581971153844 0.6737615745192307 0.18274414182692308 0.6852469134615385 0.18835449278846153 0.6973379639423077 0.18810058653846154 0.6979398149038462 0.17713378846153846 0.6957253076923077 0.1671875 0.6971334879807691 0.15954101442307692 0.6943132716346153 0.15673339903846153 0.6904861105769231 0.15239746153846154
0 0.23103394951923079 0.5423876947115385 0.21954475240384616 0.5538427740384615 0.21780478365384617 0.56177734375 0.22476851923076924 0.5719140625 0.23347222115384614 0.5824853509615384 0.24600694471153844 0.5930615240384616 0.2519251538461539 0.5952685552884616 0.27211805528846156 0.5935058605769231 0.2661998461538462 0.5635400384615384 0.2578433653846154 0.5437109375 0.24426697596153846 0.5384228509615384 0.23103394951923079 0.5423876947115385
0 0.19689814903846156 0.982373048076923 0.19689814903846156 0.9887988269230769 0.20487654326923074 0.9998144519230769 0.22011188221153846 1 0.2418711418269231 0.9958349615384615 0.2496103389423077 0.99001953125 0.2592785504807692 0.9787011730769231 0.26072916586538464 0.96890625 0.2542013894230769 0.9594189447115385 0.2459799375 0.9517724615384615 0.2261535504807692 0.9487109375 0.21043981490384617 0.9618701177884615 0.19689814903846156 0.982373048076923
0 0.8165239206730769 0.15938476682692307 0.8273919759615385 0.16635742067307693 0.825 0.17895507692307694 0.8462654326923077 0.17376953125 0.8564197524038462 0.16734374999999999 0.8527932091346154 0.15754882692307692 0.8474729927884616 0.14530761778846155 0.8416705240384614 0.13398925721153845 0.8356250000000001 0.13276367067307693 0.8184606490384615 0.13735351682692307 0.8017746923076923 0.14959472596153847 0.80709490625 0.1508203125 0.8097530865384616 0.15418456971153846 0.8165239206730769 0.15938476682692307
0 0.3878472211538462 0.32998046875 0.3873611105769231 0.319375 0.37392746875000005 0.30322265625 0.3672106490384615 0.2972753918269231 0.34957947596153843 0.2993994134615385 0.33967206730769234 0.3098095697115385 0.3314467596153846 0.32447265625 0.32741512259615385 0.33977539182692307 0.3208680552884615 0.35125 0.321875 0.36251464903846153 0.3243942908653846 0.3699511706730769 0.32959876442307695 0.3767529302884615 0.3376581778846154 0.37908691346153844 0.34454475240384613 0.37823730528846156 0.35898148076923075 0.36378906250000004 0.3677160504807692 0.35486328125 0.3824884254807692 0.34615234375 0.3878472211538462 0.32998046875
0 0.6912268509615385 0.6713623052884615 0.70080246875 0.6552050793269231 0.6987692908653845 0.645654295673077 0.68455246875 0.6434521490384615 0.6703356490384615 0.6427197259615384 0.6625038581730769 0.64125 0.65321759375 0.6441845697115384 0.6494444447115384 0.6489599615384616 0.6549575625 0.6691552740384614 0.6604706778846154 0.6754003918269231 0.665983795673077 0.68201171875 0.6772993822115385 0.6864160144230769 0.6912268509615385 0.6713623052884615
0 0.44715277884615384 0.2959375 0.4513503076923077 0.2946582043269231 0.46075231490384616 0.28849609375 0.47166666586538464 0.2812744134615385 0.47972607932692307 0.27255859375 0.4798919759615385 0.26129882692307693 0.4721682091346154 0.254921875 0.4617592596153846 0.24769531250000001 0.4515162043269231 0.2536474615384615 0.4406018509615385 0.25811035096153845 0.4318711418269231 0.254921875 0.4196141971153846 0.2506689447115385 0.40618055528846153 0.25343261778846154 0.4043364206730769 0.26384765625 0.4056790120192308 0.27043456971153845 0.40886959855769234 0.27787109375 0.4095408942307692 0.2840332043269231 0.41944830288461543 0.28701171875 0.42750771634615387 0.2893457043269231 0.4295216057692308 0.29508300721153846 0.44715277884615384 0.2959375
0 0.6703935192307693 0.22251464903846155 0.6770679014423078 0.2159082043269231 0.6782291658653846 0.2100292956730769 0.6857716057692307 0.20231933653846154 0.6819984567307693 0.19937988221153846 0.6764853389423077 0.1909375 0.6677816346153846 0.18799804807692308 0.6640123461538461 0.1909375 0.648923610576923 0.19387206971153845 0.6454398149038462 0.19901367067307693 0.6538541658653846 0.21076660096153846 0.6599498461538461 0.22288574278846152 0.6654629639423076 0.22508788942307692 0.6703935192307693 0.22251464903846155
0 0.26436342548076924 0.40101074278846155 0.25820601923076925 0.39658203125 0.2512075625 0.3971142572115385 0.24603394951923077 0.4093310552884616 0.24281250000000001 0.42332031249999996 0.24463348798076925 0.4275732427884616 0.2545679014423077 0.4235009759615384 0.26100308653846155 0.4217285168269231 0.26800154326923076 0.41942871153846156 0.2719174375 0.41251953125 0.27107638942307694 0.40632324278846155 0.26436342548076924 0.40101074278846155
0 0.08971450721153847 0.5332373052884616 0.08294367307692307 0.5332373052884616 0.07230709855769231 0.5353808581730769 0.0657793221153846 0.541533201923077 0.04861111057692307 0.552822266826923 0.04208333413461539 0.5656787115384615 0.046678240384615384 0.5702685552884615 0.061666665865384614 0.573662108173077 0.07520833413461539 0.566318358173077 0.08898919711538461 0.56078125 0.09721064903846154 0.5500683605769231 0.09745370432692307 0.53783203125 0.09334105048076924 0.532626951923077 0.08971450721153847 0.5332373052884616
0 0.6968248461538462 0.23744140625000001 0.6952623461538461 0.23546386778846154 0.6866743822115384 0.232890625 0.6813618822115385 0.22894043028846156 0.6737075625 0.22755371153846154 0.6666820985576922 0.22834472596153846 0.6565277788461539 0.2326953125 0.6532484567307691 0.23388183653846153 0.6504359567307693 0.24613769471153846 0.6548109567307693 0.252265625 0.669961420673077 0.25384765625 0.6929205240384615 0.24712402403846154 0.6968248461538462 0.23744140625000001
0 0.39432098798076926 0.73591796875 0.4085378076923077 0.7322460937499999 0.4358140432692308 0.7215966802884615 0.4390046298076923 0.7157177740384615 0.42507716105769233 0.7028662115384615 0.40273533894230773 0.675693358173077 0.3963541658653846 0.6632080072115384 0.3859066346153846 0.6419091802884616 0.38039737740384616 0.6397070312500001 0.36501929086538465 0.6488867187499999 0.35225308653846155 0.6573339855769231 0.3476080240384615 0.66908203125 0.34383873557692307 0.6778955072115385 0.3545717596153847 0.6933203124999999 0.37827932211538456 0.7182568365384616 0.3882291658653846 0.7307763677884616 0.39432098798076926 0.73591796875
0 0.17405092548076923 0.3670458990384615 0.18444830288461536 0.36306640625000003 0.1897646610576923 0.35388671875 0.1929012355769231 0.34223632692307693 0.18783179086538462 0.33828125 0.16873070913461538 0.34287109375 0.1624459879807692 0.35449706971153844 0.1583333341346154 0.35939453125000004 0.1583333341346154 0.3652099615384615 0.1602700625 0.3652099615384615 0.17405092548076923 0.3670458990384615
0 0.5527430552884616 0.28006347596153847 0.5443248461538461 0.2845703125 0.5336342596153846 0.2911328125 0.5180902788461539 0.2972802740384615 0.5099922836538462 0.30424804807692307 0.5057831778846154 0.3120361322115385 0.510316358173077 0.321875 0.5177662043269231 0.3247412115384615 0.5261844134615384 0.33293945432692307 0.5333101850961538 0.3366308581730769 0.5440007716346154 0.3313037115384615 0.5576003076923077 0.31285644471153845 0.5540393509615384 0.2944091802884615 0.5533912043269231 0.2845703125 0.5527430552884616 0.28006347596153847
0 0.9377893509615384 0.22079589903846156 0.924421295673077 0.22026855528846154 0.9164814807692309 0.2255566418269231 0.89642746875 0.2361328125 0.8855632716346153 0.24723632932692308 0.8914120360576923 0.2620410144230769 0.8889081778846154 0.2794921875 0.8965817908653846 0.28264648557692307 0.9131404326923077 0.2784375 0.9219135793269231 0.2646875 0.9277623461538462 0.24247558653846155 0.9277623461538462 0.24776367307692307 0.9394598774038462 0.23243164182692308 0.9377893509615384 0.22079589903846156
0 0.5552662043269231 0.24351562499999999 0.5534529326923077 0.23 0.5504320985576923 0.22413086057692308 0.54076003125 0.22464355528846153 0.5341087956730769 0.22744628846153844 0.5298804014423077 0.23484375 0.5270563269230769 0.24300293028846154 0.5300810192307692 0.25116210817307694 0.5377353389423077 0.25805175721153845 0.54196759375 0.26391601442307694 0.5445871923076923 0.26825195192307694 0.5494251538461539 0.2687597644230769 0.5520408942307692 0.2662109375 0.5558719134615384 0.25677246153846156 0.5552662043269231 0.24351562499999999
0 0.7401658942307693 0.19858886778846155 0.7322299375000001 0.18959961057692307 0.7209490745192307 0.18801269471153845 0.7092515432692307 0.19171386778846153 0.6971334879807691 0.1964746081730769 0.6917013894230769 0.20810546875000002 0.6912847211538462 0.22344238221153848 0.6954629639423077 0.23401855528846155 0.70548996875 0.23930664182692307 0.7096682091346154 0.23877441346153847 0.7155169759615384 0.23824706971153847 0.7188580240384616 0.2398339855769231 0.7226080240384616 0.23559570192307694 0.7251273149038462 0.23295898557692307 0.7334837956730769 0.23295898557692307 0.7476890432692307 0.22714355528846156 0.7401658942307693 0.19858886778846155
0 0.4817245360576923 0.2526953125 0.4764853389423077 0.25906738221153847 0.4774922836538461 0.26850585817307693 0.4813194447115385 0.27564453125 0.4843441346153846 0.2774316394230769 0.4903858028846154 0.2748779302884615 0.4944174375 0.26697265625 0.4944174375 0.2562646490384615 0.49079089423076927 0.2506542980769231 0.4817245360576923 0.2526953125
0 0.9841666658653847 0.15945800721153847 0.9762268509615384 0.15628418028846153 0.9578433653846155 0.15840331971153845 0.9369560192307692 0.16474609375 0.929016204326923 0.17690918028846153 0.9285995360576924 0.19224121153846155 0.9444830240384616 0.20283203125 0.9486535504807693 0.21762695192307693 0.9532484567307692 0.22608398557692308 0.9749729927884616 0.21656738221153848 0.9870910504807693 0.2033496081730769 0.9975347211538461 0.19330078125 0.9987885793269231 0.18008300721153844 0.9841666658653847 0.15945800721153847
0 0.2542592596153846 0.6447265625 0.2588541658653846 0.6404931634615385 0.2684645072115385 0.6325634759615385 0.2826697524038461 0.6219873052884615 0.28392361057692306 0.61669921875 0.27682098798076926 0.605068360576923 0.2659567908653846 0.5976660168269231 0.2530054014423077 0.6008349615384615 0.24005401201923077 0.6066552740384615 0.22960648076923076 0.6108837884615385 0.2208333341346154 0.6177587884615385 0.23462191346153846 0.6278027331730769 0.24297839423076925 0.63150390625 0.2542592596153846 0.6447265625
0 0.47669367307692306 0.3831347644230769 0.46770061778846156 0.3746875 0.4575462956730769 0.3746875 0.44623070913461543 0.37982910096153844 0.4436188269230769 0.39121581971153846 0.45667438221153844 0.4033300793269231 0.46305555528846154 0.4088378894230769 0.4737924375 0.4103076177884616 0.47756558653846154 0.39965820192307694 0.47669367307692306 0.3831347644230769
0 0.3018595673076923 0.3531787115384616 0.2924845673076923 0.36132324278846156 0.2895486105769231 0.37 0.2894097211538461 0.37814941346153846 0.2992013894230769 0.3790332019230769 0.3078780865384615 0.3862939447115385 0.3101157403846154 0.38841796875 0.3208912043269231 0.3820410144230769 0.32341049278846157 0.3730126947115385 0.3217283942307692 0.36203124999999997 0.31165509375 0.3505224615384615 0.3018595673076923 0.3531787115384616
0 0.09174382692307693 0.6774609375 0.09577160576923077 0.665478516826923 0.09718364182692309 0.6542578124999999 0.10060956730769231 0.6420166009615385 0.10101080288461538 0.6351318365384616 0.09758487740384615 0.630029295673077 0.08529320913461538 0.6297753894230769 0.07864583413461539 0.6295214855769231 0.06595293269230769 0.6374267572115385 0.06957947596153846 0.6560400384615386 0.07663194471153846 0.6710888677884616 0.08549768509615384 0.6789941418269231 0.09174382692307693 0.6774609375
0 0.7338040120192308 0.15443847596153845 0.7430748461538462 0.15393066346153847 0.7533487644230769 0.15137695192307693 0.7571797836538461 0.1416894543269231 0.7515354927884614 0.13174316346153844 0.7483140432692307 0.12689941346153846 0.7396604927884615 0.11489257932692308 0.7299768509615384 0.10955566346153846 0.7273572524038462 0.11134277403846153 0.7190972211538462 0.12536621153846153 0.7134567908653846 0.13812011778846153 0.721111110576923 0.14066894471153846 0.7265509254807692 0.14270996153846155 0.7338040120192308 0.15443847596153845
0 0.8232638894230769 0.10502929567307692 0.8113580240384616 0.09764648317307692 0.8014853389423077 0.09127441346153847 0.7952391971153846 0.08948730528846155 0.7863734567307692 0.09178222596153847 0.7803279326923077 0.10708496153846155 0.7746875 0.11626464903846154 0.775088735576923 0.12416992307692308 0.7795216057692307 0.1336035144230769 0.7841589495192308 0.13870605528846153 0.7984645072115384 0.14813964903846155 0.8167978389423076 0.13895996153846155 0.8298958341346154 0.13513671875 0.8311033942307693 0.12416992307692308 0.8232638894230769 0.10502929567307692
0 0.5575617283653846 0.045805663461538464 0.5505131177884615 0.037392576923076924 0.5398341057692307 0.030502930288461537 0.5360030865384615 0.03229003846153846 0.5200848774038461 0.05014160096153846 0.5142438269230769 0.06799316346153847 0.5033641971153846 0.10190918028846153 0.49651234615384615 0.11491211057692308 0.4946990745192308 0.1325097668269231 0.4999382716346154 0.13582519471153848 0.5142438269230769 0.13582519471153848 0.520891204326923 0.12715331971153845 0.533788579326923 0.12205078125 0.5428549375 0.11975586057692308 0.550713735576923 0.09170898317307692 0.5553472211538462 0.07104980528846154 0.5611921298076923 0.05779296875 0.5575617283653846 0.045805663461538464
0 0.9029398149038462 0.6351464831730769 0.9147762355769231 0.6338232427884616 0.9168634254807693 0.6289746081730769 0.9259182091346154 0.6192822259615384 0.9342746923076923 0.60650390625 0.9300964495192308 0.5981298822115385 0.9189544759615385 0.5968066394230769 0.8998032403846155 0.5910791009615385 0.8900540120192308 0.5932861322115385 0.8775231490384615 0.6025390625 0.8691666658653846 0.61046875 0.8639429014423077 0.6263330072115385 0.8729938269230769 0.6325000000000001 0.88169753125 0.6351464831730769 0.8907523149038461 0.6347070312499999 0.9029398149038462 0.6351464831730769
0 0.5565779326923077 0.4498486322115385 0.5454359567307692 0.44015624999999997 0.5360339495192308 0.4397167980769231 0.5217592596153846 0.45689941346153845 0.515493826923077 0.4718847644230769 0.5102700625 0.4846630865384615 0.5102700625 0.4965576177884615 0.5109645072115385 0.5009667956730769 0.5182793221153846 0.5044921875 0.5611033942307693 0.5031689447115385 0.5701388894230769 0.4979003918269231 0.565628858173077 0.4824609375 0.5597106490384616 0.46218750000000003 0.5565779326923077 0.4498486322115385
0 0.37671682211538465 0.39923828125 0.3726041658653846 0.3946484375 0.3663194447115385 0.3906396490384615 0.3588233028846154 0.38975097596153846 0.3489120360576923 0.38788574278846155 0.34770061778846156 0.38849609375 0.3484259254807692 0.39583984375000003 0.35253857932692306 0.4013818365384615 0.3605169759615385 0.4083886730769231 0.37671682211538465 0.41052734375 0.3784066346153846 0.4041357427884616 0.37671682211538465 0.39923828125
0 0.44761959855769234 0.6398193365384616 0.4443055552884615 0.6133935552884615 0.41690972115384617 0.608466798076923 0.43533179086538465 0.6088476562499999 0.4285995360576923 0.605439454326923 0.42500771634615386 0.605439454326923 0.40660879567307695 0.6077099615384616 0.39807870432692305 0.6088476562499999 0.38836033894230765 0.6194189447115386 0.3831674375 0.6380322259615384 0.3909529326923077 0.66322265625 0.4013387355769231 0.6796484374999999 0.4125848774038462 0.6938818365384616 0.4316203701923077 0.7037353509615384 0.4394058653846154 0.6960693365384615 0.44459876442307694 0.6774560552884614 0.4480594134615385 0.6621240240384616 0.44761959855769234 0.6398193365384616
0 0.6962152788461539 0.30878906250000004 0.6874421298076924 0.30138671875 0.6694753076923077 0.2997998052884615 0.6494212956730769 0.30931640625 0.6431520072115385 0.32306640625 0.6456597211538462 0.3399853509615385 0.6498379639423076 0.35320800721153844 0.6544328701923077 0.36007812499999997 0.6711458341346154 0.3510888677884615 0.7003935192307692 0.3452734375 0.7158526225961539 0.3420996081730769 0.7179398149038462 0.32253418028846154 0.71334490625 0.31724609375 0.6962152788461539 0.30878906250000004
0 0.06384259375 0.5742431634615385 0.05393132692307692 0.5693505865384615 0.046678240384615384 0.5702685552884615 0.04305169711538462 0.5828125 0.044016204326923075 0.5916894519230769 0.049097221153846154 0.5984521490384616 0.050547838942307695 0.6033447259615385 0.05489969230769231 0.60392578125 0.06868055528846154 0.596279298076923 0.08076774759615385 0.5911083990384616 0.08149305528846154 0.5831494134615385 0.06384259375 0.5742431634615385
0 0.32962191346153846 0.6371386730769231 0.3183063269230769 0.6253857427884615 0.3145331778846154 0.6180419927884616 0.2849382716346154 0.6246533197115384 0.26520833413461536 0.6389746081730769 0.25592592548076926 0.6573339855769231 0.24809027884615384 0.6698193365384615 0.2501195985576923 0.6808349615384616 0.26526620432692305 0.6895751947115384 0.2785570985576923 0.695888673076923 0.2907407403846154 0.7032324230769231 0.2988657403846154 0.7076416009615384 0.30176697596153845 0.7032324230769231 0.3122106490384615 0.6911181634615384 0.3220756177884615 0.67642578125 0.33948688221153844 0.6668798822115385 0.33948688221153844 0.6514599615384615 0.32962191346153846 0.6371386730769231
0 0.8612075625 0.7641455072115384 0.8709027788461537 0.741650391826923 0.87736496875 0.7205224615384616 0.8719791658653846 0.69189453125 0.8660532403846154 0.66462890625 0.8552816346153846 0.653720701923077 0.8407407403846154 0.6441796875 0.8294328701923077 0.640771483173077 0.8095023149038462 0.6360009759615385 0.794961420673077 0.62986328125 0.7836535504807693 0.6278173822115385 0.7718055552884615 0.6380419927884616 0.7637268509615385 0.6482666009615384 0.7556481490384616 0.6598583990384616 0.7501543221153846 0.6740722644230769 0.7403935192307693 0.6876953125 0.7303240745192308 0.7111816394230769 0.7233333341346154 0.7280175793269231 0.7227932091346154 0.7368798822115384 0.7276427475961539 0.7450585937499999 0.7319483028846154 0.751875 0.7384143509615384 0.7586914062500001 0.7421836418269231 0.7743701177884615 0.7437962956730769 0.7907275384615384 0.7497222211538461 0.7989111322115385 0.7567245360576924 0.8050439447115385 0.7739583341346153 0.810498048076923 0.8100424374999999 0.8023193365384615 0.8332947524038462 0.7906249999999999 0.85205246875 0.776416014423077 0.8612075625 0.7641455072115384
0 0.31803240625 0.9832910144230769 0.33205632692307696 0.9802294927884615 0.35962191346153843 0.9701318365384615 0.3763040120192308 0.9560546875 0.3830748461538462 0.9383056634615384 0.37074459855769226 0.9306542980769231 0.3540586418269231 0.9181103509615384 0.34221450721153845 0.9064794927884615 0.33060570913461534 0.89515625 0.3245640432692308 0.8969921875 0.31150462980769233 0.9184130865384615 0.3018325625 0.9392236322115385 0.29457947596153844 0.948095704326923 0.29579089423076926 0.9569726562499999 0.29361496875 0.9618701177884615 0.2940972211538461 0.9710498052884616 0.3057021610576923 0.9802294927884615 0.31803240625 0.9832910144230769
0 0.5411612644230769 0.2796972668269231 0.5403549375 0.2700097644230769 0.5353202163461538 0.25980956971153846 0.52665509375 0.2506298822115384 0.5173881177884615 0.24017089903846156 0.5127507716346154 0.23762206971153846 0.5071103389423077 0.2404296875 0.5038888894230769 0.2539453125 0.503483795673077 0.26618652403846155 0.5075154326923077 0.27459960817307694 0.5133564807692308 0.28454589903846156 0.5224228389423077 0.28709472596153846 0.5284683653846154 0.28684081971153846 0.5355208341346154 0.28556640625 0.5411612644230769 0.2796972668269231
0 0.6798070985576923 0.12001464903846154 0.6733603389423077 0.125625 0.6705362644230769 0.13633300721153846 0.6725540120192307 0.14016113221153848 0.682226079326923 0.13990234375000002 0.6880671298076924 0.13862793028846154 0.6981481490384615 0.14091796875 0.7068055552884616 0.13939453124999998 0.7118441346153846 0.13990234375000002 0.714463735576923 0.13174316346153844 0.7100308653846154 0.12664550721153847 0.6959259254807691 0.12256347596153847 0.6848456778846154 0.12077636778846154 0.6798070985576923 0.12001464903846154
0 0.20794753125 0.5350732427884616 0.21084876442307693 0.5427246105769231 0.21665123557692306 0.54609375 0.22632330288461538 0.5467333990384615 0.23502700721153846 0.541533201923077 0.24083333413461538 0.5375244134615385 0.24784336538461538 0.5332373052884616 0.25050154326923074 0.529873048076923 0.25050154326923074 0.5222558581730768 0.24276620432692309 0.5200830072115384 0.23067515384615384 0.519501954326923 0.21907021634615387 0.5247021490384616 0.20794753125 0.5350732427884616
0 0.9905401225961538 0.7058447259615386 0.9911458341346153 0.7035498052884616 0.981878858173077 0.6979394543269231 0.9659606490384616 0.689013670673077 0.9574961418269231 0.6964111322115384 0.9544753076923077 0.70048828125 0.9542746923076924 0.7083935552884615 0.9530671298076924 0.7063574206730769 0.9591087956730769 0.7173193365384616 0.9703935192307692 0.7219091802884615 0.9836921298076924 0.7203808581730768 0.9905401225961538 0.7058447259615386
0 0.05078703605769231 0.5491845697115385 0.05852623557692308 0.54333984375 0.06698688221153846 0.5384423822115385 0.07182484615384616 0.5310986322115384 0.07109953605769231 0.5252832019230769 0.05489969230769231 0.5179394543269231 0.050547838942307695 0.5179394543269231 0.03507330288461538 0.5247021490384616 0.030235338942307694 0.536943360576923 0.02467592548076923 0.5467333990384615 0.029753086538461537 0.5586669927884615 0.036037807692307695 0.5647607427884616 0.04208333413461539 0.5675146490384615 0.04353394951923077 0.5595556634615385 0.045227622596153844 0.5549658197115385 0.05078703605769231 0.5491845697115385
0 0.894336420673077 0.4640380865384615 0.8884876538461538 0.46139648557692303 0.8805516971153846 0.46086914182692307 0.8663464495192308 0.4640380865384615 0.8567361105769231 0.47514648557692307 0.8613310192307692 0.48783691346153846 0.8701041658653845 0.49841308653846156 0.8838927475961539 0.51533203125 0.9023533942307692 0.4998583990384615 0.9039467596153846 0.4846630865384615 0.8997685192307692 0.4767285168269231 0.894336420673077 0.4640380865384615
0 0.3299151225961538 0.48157714903846155 0.32190972115384614 0.473203125 0.3121913581730769 0.46098632932692307 0.30067129567307693 0.4599853509615385 0.2891820985576923 0.4577832043269231 0.2773418221153846 0.4665966802884615 0.2714236105769231 0.4842236322115384 0.2689853389423077 0.4921533197115385 0.27211805528846156 0.504931639423077 0.2856983028846154 0.5141845697115385 0.2996257716346154 0.5203564447115384 0.2971875 0.5168310552884615 0.3041512355769231 0.5168310552884615 0.3166859567307692 0.5036083990384616 0.3292206778846154 0.4939160168269231 0.3299151225961538 0.48157714903846155
0 0.5789969134615385 0.11271972596153847 0.5671026225961538 0.11015136778846155 0.5557870360576923 0.11455566346153846 0.5502739206730769 0.13401855528846154 0.5430208341346154 0.14797363221153848 0.5459220673076923 0.15568359375000002 0.5586882716346154 0.1622949206730769 0.5700038581730769 0.16449706971153846 0.5731944447115385 0.15017578125 0.5830594134615384 0.1527441394230769 0.5897337956730769 0.15604980528846155 0.6027893509615384 0.14760742307692307 0.60423996875 0.13842285096153845 0.591473764423077 0.1270410168269231 0.5789969134615385 0.11271972596153847
0 0.8138040120192307 0.5597949206730769 0.8270370360576924 0.556708985576923 0.8402662043269231 0.548779298076923 0.8415509254807693 0.5334472644230769 0.8413117283653846 0.5289501947115385 0.8333024687499999 0.5245410144230769 0.8273842596153845 0.5179296875 0.8179822524038461 0.5113232427884615 0.8103240745192307 0.5060351562500001 0.7995293221153846 0.5042724615384615 0.7925655865384615 0.5095605456730768 0.78490740625 0.5236621081730769 0.7810763894230769 0.53115234375 0.7925655865384615 0.5417285144230769 0.8037075625000001 0.548779298076923 0.8138040120192307 0.5597949206730769
0 0.7327970673076922 0.3230761706730769 0.7332021610576922 0.3054833990384615 0.7448881177884614 0.2932421875 0.7579822524038462 0.285078125 0.7535532403846154 0.27717285096153843 0.7430748461538462 0.26595703125000003 0.7299768509615384 0.2644238269230769 0.7142592596153846 0.2692675793269231 0.7098302475961538 0.27462402403846153 0.7015663581730769 0.28890625000000003 0.7015663581730769 0.30854003846153844 0.7197029326923077 0.3271582043269231 0.7265509254807692 0.32766601442307697 0.7327970673076922 0.3230761706730769
0 0.16652392067307692 0.10539550721153847 0.1557986105769231 0.10775390625 0.1520679014423077 0.11306640625 0.1436728389423077 0.12310058653846154 0.13994212980769233 0.13431640625 0.13994212980769233 0.1419921875 0.15346450721153845 0.15202636778846154 0.1674575625 0.1514355456730769 0.17958333413461539 0.11306640625 0.17958333413461539 0.10539550721153847 0.17818672836538463 0.10539550721153847 0.16652392067307692 0.10539550721153847
0 0.4916473774038461 0.19754394471153847 0.4780478389423077 0.19520507692307693 0.47249228365384616 0.19497070432692307 0.4677854927884615 0.20371093750000002 0.47283950721153845 0.21921875 0.4773726850961539 0.2264453125 0.4822453701923077 0.22793456971153844 0.48577160576923073 0.22963378846153845 0.48778549278846156 0.23197265625 0.49097607932692305 0.22771972596153847 0.4971875 0.22049316346153847 0.5022260793269231 0.21348144471153846 0.5067592596153846 0.20880859375 0.50709490625 0.20094238221153848 0.4916473774038461 0.19754394471153847
0 0.5609413581730769 0.39203125 0.5696720673076923 0.3894824206730769 0.5740393509615385 0.38501953125 0.5731983028846154 0.3824658197115385 0.5698418221153847 0.3733300793269231 0.5597646610576923 0.366953125 0.5545601850961538 0.3641943365384615 0.5458294759615385 0.3556933581730769 0.5362577163461538 0.3525048822115385 0.5288734567307692 0.3503808605769231 0.5276967596153846 0.3525048822115385 0.5260185192307693 0.3610058605769231 0.5320601850961538 0.3733300793269231 0.5369290120192308 0.3852294927884615 0.5449922836538461 0.3909667980769231 0.5513695985576923 0.39118163942307693 0.5609413581730769 0.39203125
0 0.40881944471153847 0.35760253846153844 0.41721450721153847 0.3529296875 0.43081404326923073 0.345703125 0.43904320913461536 0.33380371153846156 0.43853780769230766 0.32679199278846155 0.4294714495192308 0.3223291009615385 0.42292052403846153 0.32594238221153843 0.4093364206730769 0.3318847668269231 0.38665123557692305 0.33613281250000004 0.38732638942307696 0.3448535144230769 0.38549382692307693 0.3499511730769231 0.3903472211538462 0.35930664182692307 0.39135416586538463 0.35994140625 0.40881944471153847 0.35760253846153844
0 1 0.681875 0.9990046298076922 0.6701416009615385 0.9927584879807692 0.6655517572115385 0.9842939807692308 0.66376953125 0.9730131177884616 0.66861328125 0.9647530865384616 0.6726953125 0.9540740745192308 0.675244141826923 0.9494367283653846 0.6790673822115385 0.9494367283653846 0.6885058581730769 0.9526620360576923 0.6925830072115384 0.9566936730769231 0.6910546875 0.9677739206730769 0.69080078125 0.981473764423077 0.695390625 1 0.6910546875 1 0.681875