0 0.5465933653846153 0.7350683581730769 0.5453356490384615 0.7223291009615385 0.5447067908653846 0.7139648437499999 0.5437615745192308 0.7044091802884616 0.5434490745192307 0.6920654302884616 0.542191358173077 0.68330078125 0.5381018509615385 0.6753369134615385 0.5324382716346154 0.66896484375 0.521111110576923 0.6645849615384616 0.5132445985576923 0.6645849615384616 0.5056905865384616 0.6701611322115385 0.49845679086538464 0.6797167956730769 0.4921643509615385 0.6900732427884615 0.48650077163461536 0.7079931634615384 0.4890162043269231 0.7123730480769231 0.4953086418269231 0.7151611322115384 0.5012885793269231 0.721533204326923 0.5060069447115384 0.731884766826923 0.5119868822115385 0.7438330072115384 0.5239429014423077 0.7486083990384615 0.534953704326923 0.7597607427884616 0.5456520072115384 0.7685205072115384 0.5478549375 0.7545849615384616 0.5475385793269231 0.74462890625 0.5465933653846153 0.7350683581730769
0 0.22809799278846155 0.6370996081730769 0.21631944471153847 0.6623339831730769 0.21767746875 0.6783886706730768 0.22537808653846153 0.7007519519230769 0.23353394951923076 0.71107421875 0.24440972115384613 0.7219677740384616 0.25301697596153844 0.7288525384615384 0.26434413461538464 0.7311425793269231 0.2720486105769231 0.7345849615384614 0.2838271610576923 0.74318359375 0.29152777884615383 0.7460546874999999 0.29606095673076926 0.73515625 0.3046682091346154 0.7236914062500001 0.30783950721153847 0.7036181634615384 0.30648148076923076 0.6932958990384616 0.3019483028846154 0.68240234375 0.29651234615384614 0.6709326177884616 0.2946990745192308 0.6583203125 0.2897183653846154 0.6428369134615385 0.28699845673076924 0.6399707043269232 0.2806558653846154 0.6399707043269232 0.2675154326923077 0.6439843749999999 0.25483024759615386 0.6388232427884616 0.2407831778846154 0.6336621081730769 0.22809799278846155 0.6370996081730769
0 0 0.3865136730769231 0.012025463942307692 0.39052734375 0.02244598798076923 0.38823242307692307 0.03830246875 0.38135253846153844 0.04011574038461539 0.37619140624999997 0.04102237740384615 0.3595605480769231 0.042380401442307696 0.34694824278846154 0.037395834134615384 0.3274511706730769 0.03286651201923077 0.32057128846153843 0.027430555288461538 0.30967285096153846 0.020632716346153844 0.29533691346153845 0.006134259615384615 0.28042968749999997 0 0.26208007692307694 0 0.3865136730769231
0 0.7852469134615384 0.6257177740384615 0.7995100312500001 0.64376953125 0.8080671298076924 0.64015625 0.8270833341346153 0.6245166009615384 0.8537037043269231 0.6160888677884616 0.8660648149038461 0.60646484375 0.8622646610576923 0.5968359375 0.8432484567307692 0.5619384759615385 0.8289853389423077 0.5511083990384615 0.8204282403846155 0.54388671875 0.8090162043269231 0.5402783197115385 0.7957060192307692 0.5258398437499999 0.7852469134615384 0.5138037115384615 0.7624266971153847 0.517412110576923 0.7462654326923077 0.5258398437499999 0.7348533942307692 0.5330566418269231 0.7215432091346153 0.5511083990384615 0.7129861105769231 0.5643457019230769 0.7063310192307692 0.58119140625 0.7177391971153846 0.60646484375 0.7462654326923077 0.6076660144230769 0.770983795673077 0.6148876947115385 0.7852469134615384 0.6257177740384615
0 0.08735339423076922 0.4548388677884615 0.09971450721153846 0.472890625 0.10161265384615385 0.484921875 0.11587577163461539 0.48131347596153845 0.13679398076923077 0.4752978509615385 0.16056327163461537 0.46927734375 0.17292438221153847 0.47409179807692303 0.17482638942307693 0.4644677740384615 0.17957947596153845 0.44040039182692303 0.1786304014423077 0.4163330072115385 0.17482638942307693 0.39707519471153846 0.1615162043269231 0.3814355480769231 0.14059799278846155 0.3681982427884615 0.1272878076923077 0.36699218749999996 0.09400848798076923 0.36939941346153843 0.08259644951923077 0.37060546875 0.06168209855769231 0.3681982427884615 0.039810956730769224 0.36579101442307693 0.03886188221153846 0.38865234374999996 0.04266589423076923 0.4151269543269231 0.05122299278846154 0.42595703125 0.06453317788461538 0.43317871153846155 0.07499228365384615 0.4428076177884615 0.08735339423076922 0.4548388677884615
0 0.4971952163461539 0.5387890625 0.5044328701923078 0.55830078125 0.5201658942307692 0.5710449230769231 0.5368402788461538 0.5881689447115385 0.5500578701923077 0.5989208990384616 0.5654745360576923 0.6017480480769231 0.5758564807692308 0.5945800793269231 0.5812037043269231 0.5754248052884615 0.5805748461538461 0.5634814447115384 0.5752276225961539 0.54595703125 0.5711381177884616 0.5320214831730768 0.56169753125 0.5204736322115384 0.5538310192307693 0.5017578125 0.5500578701923077 0.4921972668269231 0.5428202163461538 0.4766699230769231 0.5343248461538461 0.46591796875 0.5286612644230769 0.46074218749999996 0.5239390432692308 0.4575537115384615 0.5100964495192307 0.48463378846153843 0.5031751538461539 0.5025537115384615 0.5000270072115385 0.5204736322115384 0.4971952163461539 0.5387890625
0 0.28638888942307694 0.41335449278846154 0.2879629639423077 0.4324658197115384 0.29425540144230766 0.442421875 0.3052662043269231 0.4444140625 0.31376157451923076 0.4388378918269231 0.3285493822115385 0.4348583990384615 0.3496334879807692 0.430078125 0.35812499999999997 0.4280859375 0.36725308653846156 0.4217138677884616 0.3738580240384615 0.40977050721153846 0.37543209855769233 0.4022021490384615 0.37731867307692313 0.3938427740384615 0.3757484567307693 0.38388671875 0.3697685192307692 0.3731347668269231 0.36158950721153843 0.3667626947115385 0.35277777884615386 0.3623828125 0.3427083341346154 0.3647705072115385 0.3310686730769231 0.36715820432692303 0.32320216105769234 0.3663623052884616 0.31533564903846156 0.36556640625000003 0.3096720673076923 0.3667626947115385 0.29991898076923074 0.36556640625000003 0.29299768509615387 0.36556640625000003 0.28670524759615384 0.37193847596153845 0.28670524759615384 0.3810986322115385 0.29173996875 0.39224609374999997 0.29079475240384617 0.40419433653846154 0.28638888942307694 0.41335449278846154
0 0.49144675961538464 0.5402783197115385 0.4857407403846154 0.517412110576923 0.47908564903846157 0.49094238221153846 0.47052855048076925 0.47890625 0.44961033894230773 0.4861279302884615 0.42774305528846157 0.49334472596153844 0.4296450625 0.5089892572115384 0.44010416586538464 0.552314454326923 0.4619714495192308 0.570361326923077 0.4781365745192308 0.5607373052884616 0.49144675961538464 0.5402783197115385
0 0.7124845673076923 0.09808105528846153 0.7210918221153846 0.1066796875 0.7360455240384615 0.10840331971153847 0.7509953701923078 0.10094726442307692 0.7509953701923078 0.08145019471153846 0.7482793221153846 0.06654296875 0.7351388894230768 0.05105956971153846 0.7238117283653847 0.044174805288461544 0.7161111105769231 0.05220703125 0.7120331778846154 0.060234375 0.7061419759615385 0.07571777403846154 0.7124845673076923 0.09808105528846153
0 0.9367592596153845 0.46220703124999996 0.9399305552884616 0.48457031250000004 0.9512577163461539 0.509228516826923 0.9643981490384615 0.517255858173077 0.9716473774038461 0.500625 0.9720987644230769 0.48457031250000004 0.987503858173077 0.47310058653846154 0.9974729927884615 0.47195312500000003 0.99928240625 0.44672363221153844 0.987503858173077 0.4421337884615385 0.96892746875 0.44442871153846153 0.9458217596153846 0.45303222596153847 0.9367592596153845 0.46220703124999996
0 0 0.5029736322115385 0.0017785504807692307 0.5126025384615385 0.026500771634615387 0.5162109375 0.03790894951923077 0.5138037115384615 0.04836805528846154 0.53185546875 0.06738425961538462 0.5475 0.08449845673076924 0.5679541009615384 0.11112268509615385 0.586005860576923 0.12538580288461537 0.5872119134615384 0.12062885817307692 0.5655517572115385 0.11112268509615385 0.5186181634615384 0.09876157451923076 0.48011230528846155 0.08545138942307692 0.4536376947115385 0.06738425961538462 0.4367871105769231 0.04266589423076923 0.42595703125 0.021747685096153845 0.42354980528846153 0 0.41271972596153844 0 0.5029736322115385
0 0.11487268509615384 0.21505859375 0.10943672836538461 0.21907226442307692 0.09946759375 0.24028808653846154 0.08496913461538462 0.26379882932692306 0.07953317788461539 0.29418945192307694 0.09040894951923077 0.3165576177884616 0.10671682211538462 0.3337597668269231 0.11895061778846154 0.3429345697115384 0.12937114182692308 0.3371972668269231 0.12937114182692308 0.32343750000000004 0.13027777884615385 0.3056591802884615 0.13118441346153847 0.293046875 0.13299768509615384 0.28042968749999997 0.13752700721153846 0.2689599615384615 0.14251157451923077 0.25921386778846156 0.1488541658653846 0.24430175721153846 0.15111882692307693 0.23111328125 0.15655864182692308 0.21505859375 0.15882330288461538 0.20760253846153848 0.16153935096153849 0.20358886778846155 0.16471064903846155 0.19957519471153845 0.15655864182692308 0.19785644471153846 0.13934027884615385 0.20760253846153848 0.12393518509615385 0.21448730528846155 0.11487268509615384 0.21505859375
0 1 0.47998046875 0.9893171298076923 0.4742480456730769 0.9739120360576923 0.4822753918269231 0.9648495360576923 0.4983300793269231 0.9639429014423077 0.5143896490384615 0.96892746875 0.5442041009615385 0.9725540120192308 0.568291014423077 0.9829745360576924 0.5757470697115384 1 0.5774658197115385 1 0.566572264423077 1 0.47998046875
0 0.7747878076923077 0.7171728509615385 0.7995100312500001 0.7316162115384616 0.8052160504807693 0.719580079326923 0.8099691346153846 0.6906982427884615 0.8042631177884616 0.6750537115384615 0.8014120360576923 0.6618212884615384 0.787148920673077 0.6317333990384615 0.7757407403846154 0.6172949230769231 0.7481674375 0.6076660144230769 0.7291512355769231 0.6088720697115385 0.7167901225961538 0.6136865240384616 0.7053780865384615 0.6257177740384615 0.7082330240384616 0.64376953125 0.7006249999999999 0.6678369134615385 0.7015740745192307 0.6943115240384615 0.7320023149038462 0.7027343749999999 0.7481674375 0.7075488269230769 0.7747878076923077 0.7171728509615385
0 0.5204783942307692 0.3814941394230769 0.5277160504807692 0.3966259759615385 0.5396720673076923 0.41295410096153845 0.5579205240384616 0.44162597596153846 0.5648456778846154 0.44640625 0.5771141971153846 0.44759765625000003 0.5783719134615384 0.4408300769230769 0.5764853389423077 0.4292822259615384 0.5745987644230769 0.41335449278846154 0.5745987644230769 0.40061035096153846 0.5764853389423077 0.3870703125 0.5764853389423077 0.3755224615384615 0.5745987644230769 0.36317871153846154 0.5692476850961539 0.348046875 0.5645293221153846 0.33888671875000004 0.5522569447115384 0.348046875 0.5428202163461538 0.35959472596153846 0.5299189807692307 0.3699462884615385 0.5204783942307692 0.3814941394230769
0 0.12918981490384615 0.586005860576923 0.13298996875 0.586005860576923 0.1548611105769231 0.5848046875 0.18813657451923077 0.5835986322115384 0.21285879567307694 0.586005860576923 0.24233410576923076 0.595634764423077 0.27466049278846155 0.5992431634615385 0.29367669711538463 0.60044921875 0.2974807091346154 0.5920214831730769 0.30033564903846155 0.5655517572115385 0.3136458341346154 0.53185546875 0.32600694471153846 0.517412110576923 0.32505401201923073 0.4969580072115385 0.30793981490384614 0.472890625 0.28987654326923074 0.47409179807692303 0.2651543221153846 0.4656689447115384 0.24423611057692307 0.4536376947115385 0.21285879567307694 0.45123046875 0.19669367307692306 0.466875 0.1634182091346154 0.472890625 0.14344907451923078 0.46927734375 0.1092206778846154 0.484921875 0.10351466105769232 0.49214355528846154 0.10541666586538462 0.4993652355769231 0.12918981490384615 0.586005860576923
0 0.45151234615384617 0.29840331971153844 0.46482253125 0.28395996153846154 0.47528163461538464 0.27914550721153847 0.5057098774038461 0.27192871153846154 0.5237731490384616 0.26229980528846153 0.538036264423077 0.2538769543269231 0.5427893509615385 0.23221679567307693 0.5399382716346154 0.20935058653846153 0.5399382716346154 0.18167480528846153 0.538036264423077 0.15880859375 0.5218711418269231 0.15520019471153848 0.5009567908653846 0.13474121153846152 0.47908564903846157 0.13354003846153845 0.46102237740384616 0.13354003846153845 0.4343981490384615 0.14557128846153847 0.42393904326923076 0.162421875 0.4134799375 0.18287597596153848 0.4049228389423077 0.19731933653846154 0.4020717596153846 0.2286035168269231 0.40016975240384617 0.26109863221153845 0.40016975240384617 0.29358886778846155 0.42013503125 0.29358886778846155 0.43820216105769233 0.29840331971153844 0.45151234615384617 0.29840331971153844
0 0.23761959855769232 0.34565918028846154 0.24643132692307693 0.35601074278846156 0.25461033894230767 0.3639746081730769 0.265625 0.37472656249999997 0.2712885793269231 0.3763183605769231 0.2753780865384615 0.36875488221153846 0.27380401201923077 0.35441894471153845 0.2741203701923077 0.34326660096153844 0.2725462956730769 0.3321191418269231 0.2719174375 0.32614257932692303 0.26908564903846155 0.31817871153846156 0.26216049278846154 0.31619140625000003 0.2527237644230769 0.32255859374999996 0.24580246875 0.33092285096153845 0.23887731490384614 0.33649902403846155 0.23761959855769232 0.34565918028846154
0 0.19289351923076922 0.35736816346153844 0.2052546298076923 0.3441308581730769 0.2404320985576923 0.3308935552884616 0.25184413461538463 0.3320947259615385 0.2604012355769231 0.3212646490384615 0.26990740625 0.29840331971153844 0.26990740625 0.2695214831730769 0.2642013894230769 0.2514697259615385 0.25469521634615383 0.22980956971153846 0.2432870360576923 0.2177734375 0.22521990625 0.21055664182692307 0.20810570913461537 0.19852050721153847 0.2023996923076923 0.18648925721153847 0.18338348798076923 0.19370605528846155 0.16056327163461537 0.20333496153846153 0.1539081778846154 0.22620117307692308 0.1501041658653846 0.2490625 0.13679398076923077 0.2743359375 0.13108796394230768 0.30441894471153846 0.13298996875 0.3465380865384615 0.1501041658653846 0.3621777355769231 0.1700733028846154 0.36338378846153846 0.19289351923076922 0.35736816346153844
0 0.7026543221153846 0.48224609375 0.6875540120192307 0.48304199278846155 0.6765393509615384 0.4870214831730769 0.66584490625 0.4937939447115385 0.6573495360576923 0.5073339855769231 0.6573495360576923 0.5220654302884615 0.6661574062500001 0.534013673076923 0.6749691346153845 0.5379931634615385 0.6922723774038461 0.5383935552884616 0.7086342596153846 0.5304296875 0.7193325625 0.5232617187499999 0.725308641826923 0.51927734375 0.7237345673076923 0.5101171875 0.7218479927884616 0.49538574278846154 0.7130401225961538 0.48941406249999997 0.7026543221153846 0.48224609375
0 0.29565200721153845 0.02697265625 0.28523148076923077 0.03672363221153846 0.2820601850961538 0.05392578125 0.27299768509615385 0.11814941346153847 0.2684683653846154 0.13190918028846152 0.2657484567307692 0.14854003846153846 0.26710648076923077 0.16058105528846156 0.28024691346153846 0.15026367067307692 0.2924807091346154 0.1336328125 0.29837191346153846 0.11986816346153846 0.30607253125 0.10381347596153846 0.31241512259615384 0.09005371153846155 0.3169483028846154 0.08145019471153846 0.32102623557692306 0.06883300721153846 0.3178549375 0.05392578125 0.31513503125 0.04532226442307692 0.30924382692307695 0.03385742307692308 0.29565200721153845 0.02697265625
0 0.6400424375 0.5961328125 0.6315470673076924 0.6112646490384616 0.6346952163461539 0.6299804687499999 0.6472800937500001 0.63599609375 0.6636419759615385 0.6371484374999999 0.6762268509615385 0.6431640624999999 0.6894405865384615 0.647900391826923 0.6982523149038461 0.6506884759615384 0.7042283942307692 0.6451123052884615 0.70611496875 0.639140625 0.7051736105769231 0.6275927740384616 0.70611496875 0.6232128894230768 0.7130401225961538 0.6172412115384615 0.7171296298076922 0.6112646490384616 0.7152430552884615 0.6029052740384615 0.7130401225961538 0.5985205072115385 0.7086342596153846 0.5893652355769231 0.6922723774038461 0.5754248052884615 0.6837770072115384 0.569453125 0.6532561730769231 0.5861767572115385 0.6400424375 0.5961328125
0 0.28607253125 0.27192871153846154 0.29557870432692307 0.28155273557692306 0.31459490625 0.29358886778846155 0.3326620360576923 0.2923828125 0.35452932211538457 0.2875732427884615 0.38020061778846154 0.2875732427884615 0.3992168221153846 0.2851660168269231 0.3973148149038461 0.27072265625 0.4068248461538462 0.1949121105769231 0.41538194471153844 0.18046875 0.43059413461538465 0.14677734375 0.42393904326923076 0.12391113221153846 0.4125308653846154 0.11187988221153847 0.39446373557692305 0.09864257932692308 0.3849575625 0.07096679807692308 0.36594135817307694 0.05170898557692308 0.34502314903846154 0.045693358173076924 0.32885802403846154 0.05411621153846154 0.3098418221153846 0.08901367307692308 0.2993827163461539 0.11789550721153846 0.2737114206730769 0.16121581971153848 0.2594483028846154 0.18287597596153848 0.24518518509615386 0.20935058653846153 0.2594483028846154 0.23943847596153847 0.2708603389423077 0.25628418028846156 0.28607253125 0.27192871153846154
0 0.8479552475961539 0.4341064447115385 0.8579243822115384 0.44328125 0.8620023149038462 0.4536035144230769 0.8715162043269231 0.4627783197115385 0.88103009375 0.4547509759615384 0.8882793221153846 0.4369775384615385 0.892808641826923 0.42206543028846155 0.8837499999999999 0.41575683653846157 0.8647183653846154 0.40314453125 0.8511265432692308 0.4019970697115385 0.8370833341346154 0.40658203125000003 0.8248495360576923 0.4134667956730769 0.8253009254807692 0.4214941418269231 0.8325501538461538 0.4249316394230769 0.8479552475961539 0.4341064447115385
0 0.17957947596153845 0.4283642572115385 0.1871875 0.4536376947115385 0.20049768509615384 0.4620605456730769 0.20810570913461537 0.4548388677884615 0.22521990625 0.44520996153846154 0.24233410576923076 0.4440087884615384 0.2527932091346154 0.4536376947115385 0.2613503076923077 0.45844726442307693 0.26325231490384615 0.43317871153846155 0.27893518509615384 0.39404296875 0.27700617307692305 0.3798828125 0.2631172836538461 0.3779296875 0.2561728389423077 0.36669921875 0.23688271634615385 0.33984375 0.22183642067307693 0.33203125 0.19479552403846154 0.3525537115384615 0.18243441346153844 0.36699218749999996 0.16817129567307693 0.3814355480769231 0.17767746874999998 0.4018896490384615 0.18053240625000003 0.41271972596153844 0.17957947596153845 0.4283642572115385
0 0.039810956730769224 0.24545410096153847 0.05597607932692307 0.27072265625 0.06358024759615385 0.2863671875 0.06548225240384616 0.29599609375 0.08069830288461538 0.2851660168269231 0.09210648076923077 0.26229980528846153 0.10351466105769232 0.23221679567307693 0.11492669711538461 0.20453613221153846 0.12253086538461538 0.16603027403846154 0.12253086538461538 0.15038574278846153 0.09115740625 0.12993164182692307 0.06643518509615384 0.12993164182692307 0.04266589423076923 0.13955566346153844 0.013190586538461538 0.15520019471153848 0.002731480769230769 0.17806640625 0.024598764423076923 0.1949121105769231 0.030304783653846153 0.22018066346153847 0.039810956730769224 0.24545410096153847
0 0.02364969230769231 0.14196288942307692 0.04646605048076923 0.1311328125 0.07879629567307693 0.1251171875 0.09305555528846154 0.1251171875 0.12062885817307692 0.14557128846153847 0.12918981490384615 0.16603027403846154 0.13774691346153844 0.19009765625 0.1501041658653846 0.1949121105769231 0.16532021634615385 0.19611328125 0.18243441346153844 0.18769043028846152 0.19479552403846154 0.17445312500000001 0.18908950721153847 0.15520019471153848 0.17482638942307693 0.12391113221153846 0.1586612644230769 0.08299804567307692 0.14535107932692307 0.04689941346153846 0.11207175961538461 0.016811524038461537 0.09400848798076923 0.014404298076923077 0.07879629567307693 0.02283203125 0.058827161057692305 0.027641600961538462 0.036006944711538466 0.014404298076923077 0.018892747596153846 0.009594725961538462 0.0017785504807692307 0.042084961538461536 0 0.12391113221153846 0.010335649038461538 0.14316894471153846 0.02364969230769231 0.14196288942307692
0 0.5418402788461538 0.16963867307692307 0.5446913581730769 0.1852832019230769 0.5513464495192307 0.21055664182692307 0.55705246875 0.21416503846153848 0.5665625 0.2165722668269231 0.5779706778846154 0.19370605528846155 0.5817746923076923 0.18167480528846153 0.5798726850961539 0.14677734375 0.5741666658653846 0.12150390625 0.5494444447115385 0.11428711057692308 0.5266280865384615 0.11910156250000001 0.5114120360576924 0.12270996153846155 0.5095138894230768 0.13955566346153844 0.5237731490384616 0.15279296875 0.5370871923076923 0.15640136778846153 0.5418402788461538 0.16963867307692307
0 0.4518904326923077 0.723125 0.4644753076923077 0.7251171875 0.46982253124999995 0.7338769543269231 0.47737654326923074 0.7418408197115384 0.4842978389423077 0.7502001947115384 0.4965663581730769 0.7502001947115384 0.5066358028846154 0.7510009759615385 0.5110416658653846 0.7474169927884616 0.5056905865384616 0.7382568365384615 0.5012885793269231 0.7290966802884615 0.49908564903846153 0.7219287115384615 0.49562500000000004 0.7147607427884615 0.48335262259615386 0.7091845697115384 0.47768904326923073 0.7028173822115384 0.46824845673076926 0.6952490240384616 0.4597569447115385 0.6916650384615385 0.4553510793269231 0.6900732427884615 0.44811342548076927 0.6916650384615385 0.44433642067307694 0.7000292980769232 0.44433642067307694 0.71595703125 0.4518904326923077 0.723125
0 0.4229436730769231 0.47905761778846156 0.4352121923076923 0.48224609375 0.4411921298076923 0.48622558653846154 0.44968749999999996 0.48622558653846154 0.45944058653846154 0.48463378846153843 0.46824845673076926 0.47746581971153845 0.47108024759615386 0.47229003846153844 0.47234182211538467 0.46791015625 0.46888117307692306 0.4575537115384615 0.45660879567307694 0.44839843749999997 0.44905864182692307 0.44202636778846155 0.4386728389423077 0.4344580072115385 0.42891975240384617 0.4284863293269231 0.4216820985576923 0.42689453125 0.4138194447115385 0.44162597596153846 0.4150771610576923 0.45158203125 0.4185378076923077 0.46512206971153847 0.4229436730769231 0.47905761778846156
0 0.7451080240384615 0.21391113221153846 0.7473726850961538 0.23054199278846152 0.7523572524038461 0.24201171875 0.7609645072115385 0.2546240240384615 0.7686651225961539 0.25118652403846153 0.7727430552884615 0.24201171875 0.7827121923076923 0.22882324278846153 0.7926813269230769 0.21276367067307692 0.7967592596153845 0.1967089855769231 0.7953973774038462 0.18581543028846154 0.78044753125 0.17147949278846156 0.7686651225961539 0.16058105528846156 0.7546219134615384 0.1623046875 0.7446527788461539 0.1663183605769231 0.7306095673076923 0.16918456971153845 0.7269830240384615 0.17893066346153846 0.7310609567307692 0.18696288942307693 0.7396682091346154 0.20072265625 0.7451080240384615 0.21391113221153846
0 0.6264621923076923 0.15159179567307693 0.6435763894230769 0.1311328125 0.6692476850961538 0.1311328125 0.6768557091346155 0.13354003846153845 0.6920679014423077 0.13354003846153845 0.7015740745192307 0.13354003846153845 0.7148881177884616 0.12150390625 0.7129861105769231 0.10345703125 0.7082330240384616 0.08540527403846153 0.6958719134615384 0.05893066346153846 0.6797067908653845 0.03967773557692308 0.6673456778846153 0.03967773557692308 0.6597415120192308 0.043286132211538465 0.6397723774038462 0.05772949278846154 0.6255092596153846 0.06855956971153845 0.6074459879807692 0.09503418028846154 0.57321759375 0.11910156250000001 0.5903317908653846 0.16723632692307694 0.6055439807692308 0.16362304807692307 0.6264621923076923 0.15159179567307693
0 0.7938040120192308 0.8459326177884615 0.8090162043269231 0.8603759759615385 0.8166242283653846 0.868798826923077 0.8337384254807693 0.868798826923077 0.8489506177884615 0.868798826923077 0.8641628076923078 0.87 0.8841319447115384 0.87962890625 0.8983950625 0.8627832043269231 0.902195216346154 0.8411230456730769 0.8945910504807693 0.8266796875 0.8746219134615385 0.8014111322115384 0.8603626538461538 0.7869677740384616 0.8375424375 0.7869677740384616 0.7928549375 0.7857666009615384 0.7614776225961539 0.795390625 0.7481674375 0.8230712884615384 0.7576736105769231 0.8387158197115384 0.7728858028846154 0.8435253918269231 0.7938040120192308 0.8459326177884615
0 0.5835339495192308 0.4856689447115385 0.5794444447115384 0.4948291009615385 0.5910841057692308 0.5183203125 0.6039853389423077 0.5362402355769231 0.6241203701923077 0.568896483173077 0.6332484567307692 0.578056639423077 0.6508680552884616 0.5812402355769231 0.6662847211538462 0.5748681634615385 0.6678549375 0.5673046875 0.6691165120192307 0.5517724615384615 0.6672260793269231 0.5414208990384616 0.6615624999999999 0.5302685552884616 0.6593595673076924 0.5203125 0.6335609567307692 0.4992089855769231 0.6124807091346154 0.48766113221153845 0.5967476850961538 0.4848730480769231 0.5835339495192308 0.4856689447115385
0 0.4782445985576923 0.055644531250000004 0.4895717596153846 0.05334961057692308 0.4913811730769231 0.038442382211538464 0.49228780769230773 0.02353515625 0.4927430552884615 0.004038086538461538 0.4931944447115385 0 0.41979552403846154 0.000024413461538461537 0.43474922836538465 0.0206640625 0.4483410504807692 0.03614746153846154 0.46329089423076925 0.044750975961538465 0.4782445985576923 0.055644531250000004
0 0.13793595673076922 0.7105029302884615 0.11981095673076923 0.7133691418269231 0.11256172836538461 0.7265576177884616 0.12026620432692307 0.7494921875 0.13974922836538461 0.7655517572115385 0.14654320913461538 0.7712841802884616 0.1510763894230769 0.7804589855769231 0.1578703701923077 0.7902050769230768 0.16557484615384616 0.7976611322115384 0.17599537019230768 0.80052734375 0.18143132692307692 0.8108496081730769 0.1904938269230769 0.8171582043269231 0.19728780769230767 0.8206005865384616 0.20861496875000002 0.8240380865384616 0.21631944471153847 0.8297753918269231 0.22628472115384615 0.8360791009615384 0.2317245360576923 0.8200244134615384 0.2321759254807692 0.7965136730769231 0.22854938221153848 0.7816064447115385 0.2172260793269231 0.7609619134615385 0.21224151201923075 0.7512158197115385 0.20227237740384615 0.7305712884615385 0.1986496923076923 0.7208203125 0.18369598798076922 0.7156591802884615 0.16557484615384616 0.71107421875 0.15288580288461537 0.7122216802884616 0.13793595673076922 0.7105029302884615
0 0.6892168221153846 0.34894043028846156 0.7015740745192307 0.36699218749999996 0.7205902788461539 0.3814355480769231 0.7367554014423077 0.392265625 0.7595756177884615 0.4030957043269231 0.7795408942307692 0.404296875 0.7985570985576923 0.39707519471153846 0.8185262355769231 0.36338378846153846 0.8223302475961538 0.33330078124999996 0.8147222211538462 0.31404296875 0.8014120360576923 0.2996044927884615 0.7785918221153847 0.2755371081730769 0.7396064807692307 0.25989257932692306 0.7063310192307692 0.26109863221153845 0.6882638894230768 0.27192871153846154 0.6663966057692308 0.28997558653846156 0.6350192908653847 0.3128417980769231 0.6549845673076924 0.3212646490384615 0.6768557091346155 0.3296875 0.6892168221153846 0.34894043028846156
0 0.5104629639423077 0.12872558653846153 0.5285300937499999 0.11548828125 0.5256751538461539 0.09503418028846154 0.5190200625 0.07216796875 0.5076118822115384 0.055322264423076924 0.4876427475961539 0.06374511778846154 0.4667245360576923 0.06133788942307693 0.46102237740384616 0.09503418028846154 0.47243055528846156 0.11187988221153847 0.4828896610576923 0.1311328125 0.4933487644230769 0.1311328125 0.5104629639423077 0.12872558653846153
0 0.042835649038461536 0.36300293028846153 0.0537075625 0.3681640625 0.06548996875 0.3698828125 0.08043981490384616 0.3704589855769231 0.09221836538461538 0.3687353509615384 0.1044521610576923 0.3704589855769231 0.11170138942307693 0.3693115240384615 0.10807870432692307 0.3572705072115384 0.09946759375 0.3452246105769231 0.08723765384615384 0.33318359375 0.07771990625 0.3177001947115385 0.062314814903846154 0.3033642572115384 0.05642746875 0.2890332043269231 0.04736496875 0.28157714903846154 0.045551697115384614 0.29533691346153845 0.04374228365384615 0.3217138677884615 0.045100307692307696 0.34465331971153845 0.042835649038461536 0.36300293028846153
0 0.8641628076923078 0.53185546875 0.8765239206730769 0.5186181634615384 0.8812808653846154 0.5017724615384616 0.8812808653846154 0.4837207019230769 0.8622646610576923 0.45724609374999997 0.8518055552884616 0.4367871105769231 0.8289853389423077 0.4223486322115385 0.8080671298076924 0.4067041009615385 0.7852469134615384 0.40068847596153845 0.7595756177884615 0.4151269543269231 0.7424614206730769 0.42114257692307694 0.7329513894230769 0.4464160144230769 0.7348533942307692 0.4608544927884616 0.75196759375 0.48251464903846153 0.7690817908653845 0.4969580072115385 0.8033140432692308 0.5186181634615384 0.8489506177884615 0.5306494134615385 0.8641628076923078 0.53185546875
0 0.7731983028846153 0.84009765625 0.7478240745192307 0.84009765625 0.7315162043269231 0.8366552740384615 0.7165625 0.8355078125000001 0.7047839495192308 0.84009765625 0.6948148149038461 0.8423876947115385 0.6843942908653846 0.8504150384615384 0.6753317908653845 0.8555761730769231 0.6676311730769231 0.8750732427884615 0.6671759254807692 0.8859716802884615 0.6857523149038461 0.8945703125000001 0.7065933653846154 0.8974365240384615 0.7292476850961538 0.8957177740384614 0.7505439807692308 0.90087890625 0.7677623461538462 0.9054638677884616 0.783163579326923 0.9060400384615386 0.7981172836538462 0.8945703125000001 0.8130671298076924 0.8951464855769231 0.8257561730769231 0.8980126947115384 0.8243942908653845 0.88826171875 0.8117091057692308 0.8739257812500001 0.8031018509615385 0.8590185552884615 0.7872415120192309 0.8441113269230769 0.7731983028846153 0.84009765625
0 0.2449845673076923 1 0.2415084879807692 0.9867773437499999 0.24604166586538462 0.96900390625 0.24467978365384616 0.9443457019230769 0.23562114182692306 0.92140625 0.2292746923076923 0.911083985576923 0.21840277884615386 0.8938818365384615 0.1952970673076923 0.8806933605769232 0.16810956730769233 0.8743847644230769 0.1332253076923077 0.8778271490384615 0.10422453605769232 0.8835595697115385 0.08247685096153846 0.888720701923077 0.06435570913461539 0.9013378918269231 0.058464507211538466 0.92140625 0.060277778846153846 0.9512255865384615 0.06979166586538461 0.9753076177884614 0.0919945985576923 1 0.17490740625 1 0.23833719230769232 1 0.2449845673076923 1
0 0.6483294759615384 0.2971972644230769 0.681608795673077 0.28275878846153846 0.7015740745192307 0.26109863221153845 0.7396064807692307 0.25748535096153846 0.7586226850961538 0.2635058581730769 0.7605246923076923 0.2514697259615385 0.7462654326923077 0.23101074278846154 0.7434104927884615 0.21055664182692307 0.7320023149038462 0.1888964855769231 0.6987229927884615 0.15640136778846153 0.6663966057692308 0.13594726682692307 0.6483294759615384 0.12391113221153846 0.6359683653846153 0.14677734375 0.624560185096154 0.15640136778846153 0.6026929014423077 0.1684375 0.5950848774038462 0.1888964855769231 0.5979359567307692 0.22138671875 0.5979359567307692 0.23703125 0.5874768509615385 0.2635058581730769 0.6026929014423077 0.2863671875 0.6264621923076923 0.3008056634615385 0.6483294759615384 0.2971972644230769
0 0.11215663461538461 0 0.11895061778846154 0.014931639423076922 0.12619984615384616 0.02582519471153846 0.1366203701923077 0.04245605528846154 0.1456828701923077 0.05793945192307692 0.16063657451923077 0.08661132932692307 0.17377314903846156 0.11298828124999999 0.18782021634615387 0.13133789182692307 0.20413194471153845 0.13649902403846154 0.2285956778846154 0.14223144471153845 0.2521566346153846 0.14337890625 0.2589544759615384 0.13821777403846153 0.2657484567307692 0.13133789182692307 0.2739043221153846 0.11184081971153846 0.2766242283653846 0.08947753846153847 0.27888888942307694 0.07342285096153846 0.28251157451923076 0.049912108173076924 0.28024691346153846 0.038442382211538464 0.26801311778846154 0.02697265625 0.24943672836538464 0.011489257211538463 0.24535879567307692 0.010346680288461538 0.23630015384615385 0.005185548076923077 0.23131558653846154 0.001171875 0.21953317788461538 0 0.11215663461538461 0
0 1 0.5872119134615384 0.9906211418269231 0.5787841802884615 0.9811149687499999 0.5775830072115384 0.9582947524038462 0.5727685552884615 0.9440316346153845 0.5583300769230769 0.9288194447115384 0.5426855480769232 0.9117052475961539 0.5342626947115384 0.8907870360576923 0.5282470697115385 0.8784259254807693 0.5246337884615385 0.8537037043269231 0.5330566418269231 0.8394444447115385 0.536669920673077 0.8213773149038462 0.541484375 0.8422955240384616 0.5559228509615385 0.8527546298076923 0.570361326923077 0.8622646610576923 0.595634764423077 0.8822299375 0.6209033197115384 0.9136072524038461 0.6269189447115384 0.9240663581730769 0.6365478509615384 0.952588735576923 0.644970704326923 0.9716049375 0.628125 0.9944251538461538 0.6209033197115384 1 0.611279298076923 1 0.5872119134615384
0 0.3668904326923077 0.6654296875000001 0.38971064903846153 0.6846826177884615 0.4134799375 0.6882910144230769 0.4343981490384615 0.7099560552884616 0.4439081778846154 0.714765625 0.44961033894230773 0.69310546875 0.4553163581730769 0.6834814447115385 0.454861110576923 0.66015625 0.45794753125 0.62158203125 0.44961033894230773 0.6040576177884616 0.43630015384615384 0.5823974615384615 0.4125308653846154 0.5643457019230769 0.3649884254807692 0.5342626947115384 0.3298070985576923 0.521025389423077 0.3117438269230769 0.5330566418269231 0.3012847211538462 0.56314453125 0.30033564903846155 0.60044921875 0.3107908942307693 0.64376953125 0.31935185096153845 0.6582080072115384 0.34026620432692306 0.6558007812500001 0.36403935096153844 0.6582080072115384 0.3668904326923077 0.6654296875000001