0 0.15140432211538463 0.25998046875 0.1576967596153846 0.2838720697115385 0.16477623557692309 0.28520019471153846 0.17395447596153846 0.2878564447115385 0.1805092596153846 0.2878564447115385 0.18496527884615382 0.27425293028846154 0.18706404326923076 0.264296875 0.18811342548076923 0.25400878846153846 0.18286651201923076 0.23973632692307692 0.18077160576923076 0.23044921875 0.1763117283653846 0.224140625 0.16530092548076925 0.22679687499999998 0.15874614182692307 0.23011718750000001 0.15402777884615387 0.2417285144230769 0.15140432211538463 0.25998046875
0 0 1 0.023522377403846155 0.9985009759615384 0.03603009375 0.9847363269230769 0.04744598798076923 0.9689111322115385 0.057233795673076925 0.9716650384615384 0.07571759375 0.9744140625 0.09148533894230769 0.96546875 0.11268904326923077 0.9585888677884615 0.15074845673076923 0.9647802740384616 0.16869212980769233 0.9579003894230769 0.18065200721153846 0.9530859374999999 0.19805169711538462 0.9386328125 0.1969637355769231 0.9303759759615384 0.20022376442307693 0.92349609375 0.2023996923076923 0.9097314447115384 0.19805169711538462 0.90009765625 0.18337191346153844 0.877392579326923 0.17412808653846154 0.8650048822115385 0.16597222115384616 0.8574365240384616 0.1594483028846154 0.8574365240384616 0.14204861057692308 0.8491796875000001 0.11323302403846153 0.83748046875 0.08713734615384615 0.8299121105769232 0.06321373557692309 0.8292236322115384 0.03657407451923077 0.8388574230769231 0.022438271634615384 0.8498681634615385 0 0.8739501947115385 0 0.9902441394230769 0 1
0 0.7654591057692308 0.5486962884615385 0.758661264423077 0.5515673822115384 0.7609259254807692 0.562080079326923 0.7722530865384616 0.568291014423077 0.7794290120192309 0.5768896490384615 0.7877353389423077 0.5840576177884615 0.7986844134615385 0.5945703125 0.8081211418269232 0.5940966802884615 0.8179398149038462 0.58310546875 0.8236033942307692 0.5730712884615385 0.826246141826923 0.5659033197115385 0.819826389423077 0.5592089831730769 0.8032137355769231 0.5534765625 0.7881095673076923 0.5506103509615385 0.7745177475961539 0.54822265625 0.7654591057692308 0.5486962884615385
0 0.9078009254807693 0.6480908197115384 0.8983603389423076 0.6533496081730769 0.892318673076923 0.6605175769230769 0.9062885793269231 0.6710302740384615 0.9191280865384616 0.681064451923077 0.9285648149038461 0.686796875 0.9380054014423076 0.6820214831730769 0.9440470673076924 0.6715087884615384 0.94517746875 0.6686425793269231 0.9364930552884616 0.6581298822115385 0.9289429014423077 0.6543066394230769 0.9198804014423078 0.6504833990384615 0.9078009254807693 0.6480908197115384
0 0.5513773149038461 0.7001806634615384 0.5521334879807692 0.7078222644230769 0.5517554014423077 0.7188134759615384 0.5517554014423077 0.7278955072115385 0.554776235576923 0.7360205072115384 0.5615702163461539 0.7364941394230768 0.5683680552884616 0.7331494134615385 0.5759182091346153 0.7331494134615385 0.5823379639423076 0.7355419927884616 0.5849807091346154 0.7350634759615384 0.590266204326923 0.7298046874999999 0.5883796298076923 0.7255029302884615 0.5834722211538461 0.71642578125 0.577808641826923 0.7011328124999999 0.5766743822115384 0.68966796875 0.5649691346153847 0.6801074230769231 0.5574189807692307 0.6772412115384616 0.5494907403846153 0.6758105456730769 0.5449575625 0.6719873052884615 0.5479783942307692 0.6834521490384616 0.5494907403846153 0.6906201177884616 0.5513773149038461 0.7001806634615384
0 0.1612692908653846 0.8429052740384615 0.16942515384615384 0.8549462884615384 0.18392361057692305 0.86412109375 0.1993287043269231 0.8715771490384616 0.21609182211538464 0.8732958990384615 0.23421296394230767 0.8841943365384615 0.2614004639423077 0.8853369134615385 0.2768055552884615 0.8773095697115385 0.28949074038461536 0.8469189447115385 0.2935686730769231 0.8291406250000001 0.29538194471153845 0.8021923822115385 0.29311342548076924 0.7855615240384615 0.28224151201923076 0.77466796875 0.2600385793269231 0.7775341802884616 0.2378395072115385 0.7735205072115385 0.21790509374999997 0.7735205072115385 0.19706404326923074 0.77466796875 0.18075231490384616 0.7792529302884615 0.17486111057692308 0.7878564447115385 0.16851851923076921 0.79875 0.16308256250000003 0.8119384759615385 0.15719135817307692 0.827421875 0.1612692908653846 0.8429052740384615
0 0.10682484615384615 0.5289941418269231 0.11091435096153845 0.538154298076923 0.12192901201923076 0.5429296874999999 0.12696373557692306 0.5469140625000001 0.15055941346153848 0.53775390625 0.15433642067307693 0.5321826177884615 0.15716820913461538 0.525810545673077 0.15622299278846155 0.5214306634615384 0.1452121923076923 0.5122705072115384 0.12853394951923078 0.5174462884615385 0.11657793269230769 0.5226220697115385 0.10682484615384615 0.5289941418269231
0 0.8712191346153847 0.8343701177884615 0.8822299375 0.8363623052884616 0.8971759254807693 0.8376904302884616 0.9097608028846154 0.842333983173077 0.9283757716346154 0.847314451923077 0.9435841057692307 0.848974610576923 0.9532870360576923 0.843662108173077 0.9619367283653847 0.8373583990384615 0.9700655865384615 0.8154541009615385 0.9621990745192307 0.7938867187499999 0.9566936730769231 0.7829345697115385 0.9420100312499999 0.7766308605769231 0.9330979927884615 0.777294923076923 0.92365740625 0.7845947259615385 0.9136959879807692 0.7905664062500001 0.8906211418269231 0.7995263677884614 0.8706944447115385 0.8124707043269231 0.8505054014423077 0.8191064447115385 0.8523379639423077 0.83005859375 0.85915509375 0.83271484375 0.8712191346153847 0.8343701177884615
0 0.8927430552884614 0.48855468750000003 0.8833063269230769 0.48888671875 0.87517746875 0.4898828125 0.8623302475961538 0.49453125 0.8563001538461539 0.49751464903846154 0.8502700625 0.511787110576923 0.8526273149038462 0.525390625 0.8531520072115384 0.5343505865384615 0.8539390432692309 0.5486181634615385 0.8620679014423077 0.5589062499999999 0.8720293221153846 0.56056640625 0.8848765432692307 0.5555908197115385 0.9105748461538461 0.5403222644230768 0.9155555552884616 0.5373388677884615 0.9239467596153846 0.5340185552884615 0.9386304014423076 0.52439453125 0.9438734567307693 0.5204150384615385 0.9404629639423077 0.5087988293269231 0.9388927475961538 0.4998388677884616 0.9381057091346154 0.49353515625 0.9284027788461539 0.48822265625 0.9150308653846154 0.48557128846153846 0.9040200625 0.4865625 0.8927430552884614 0.48855468750000003
0 0.9165779326923077 0.7216650384615384 0.9096604927884615 0.7235107427884616 0.9060185192307693 0.7295019519230769 0.9078395072115384 0.736181641826923 0.9036535504807692 0.7566943365384616 0.9031057091346154 0.7659130865384616 0.9051080240384616 0.7744384759615385 0.9198572524038462 0.777431641826923 0.9260493822115384 0.7755908197115384 0.9265933653846155 0.7675244134615385 0.9307831778846154 0.7594580072115384 0.9371566346153847 0.7583056634615384 0.9442554014423077 0.7652197259615385 0.9482638894230769 0.7686767572115384 0.9497183653846153 0.7613037115384615 0.9511766971153846 0.75416015625 0.9520871923076922 0.74609375 0.9515393509615385 0.7350292956730768 0.948078704326923 0.7315722668269231 0.9407947524038461 0.728115235576923 0.931875 0.7258154302884615 0.9233179014423077 0.7221240240384615 0.9165779326923077 0.7216650384615384
0 0.3563001538461539 0.2640234375 0.3660570985576923 0.28393554807692306 0.3726620360576923 0.29986328125 0.37486496874999997 0.3118066418269231 0.37958333413461537 0.3173828125 0.3937422836538461 0.3137988269230769 0.4050694447115385 0.31499511778846156 0.41419367307692306 0.30862304567307697 0.4185995360576923 0.29866699278846154 0.4230054014423077 0.2871191418269231 0.42174768509615385 0.2755712884615385 0.41734182211538456 0.266015625 0.40821759375 0.2556591802884615 0.4012962956730769 0.24729980528846152 0.3968904326923077 0.23734375 0.37958333413461537 0.24013183653846154 0.36511188221153845 0.24530761778846152 0.3566165120192308 0.2516796875 0.3563001538461539 0.2640234375
0 0.6727623461538462 0.740380858173077 0.6607484567307692 0.7282128918269231 0.6533179014423076 0.7182568365384616 0.6450154326923077 0.7102392572115386 0.6375848774038461 0.7030517572115385 0.6323418221153846 0.7024951177884616 0.6262229927884615 0.7085791009615385 0.6166087956730769 0.7143896490384616 0.5956327163461539 0.7273828125 0.5864583341346153 0.7351269543269231 0.57728009375 0.738720704326923 0.5656983028846153 0.7484033197115385 0.5593634254807692 0.7614013677884616 0.5578356490384615 0.7746728509615385 0.5637345673076923 0.7909863293269231 0.5770601850961539 0.8059228509615385 0.5910455240384616 0.8147705072115384 0.6000038581730769 0.8189208990384615 0.6052469134615385 0.8167041009615384 0.610273920673077 0.8078564447115385 0.6205439807692308 0.8061962884615385 0.6312500000000001 0.8078564447115385 0.6369290120192308 0.8120068365384616 0.6461072524038461 0.8219628918269231 0.6574691346153846 0.8180908197115385 0.672546295673077 0.8175341802884616 0.6834722211538462 0.8191943365384616 0.6900270072115385 0.8164306634615385 0.697673610576923 0.8144921875000001 0.7018248461538461 0.8084082019230769 0.6946141971153845 0.7774365240384615 0.6865277788461538 0.762783204326923 0.6797569447115385 0.7511669927884616 0.6727623461538462 0.740380858173077
0 0.5434143509615385 0.8379980480769231 0.5333603389423077 0.84048828125 0.5303047836538461 0.8471240240384615 0.5241859567307693 0.8529345697115385 0.5145717596153846 0.8620605480769231 0.5115123461538462 0.8722900384615385 0.5128240745192307 0.8841796875000001 0.5193788581730769 0.8913720697115385 0.5316126538461539 0.88916015625 0.5427584879807692 0.8850097644230769 0.5569598774038462 0.87892578125 0.5740046298076923 0.8800341802884616 0.5875501538461538 0.8778222644230769 0.5930131177884616 0.87533203125 0.5982561730769231 0.8695263677884615 0.6019714495192308 0.8598486322115384 0.6010956778846154 0.8529345697115385 0.5973804014423076 0.8462939447115385 0.5934490745192308 0.8396582019230769 0.5877700625 0.8382763677884615 0.5753125 0.8396582019230769 0.5654822524038461 0.84048828125 0.5558680552884615 0.84048828125 0.5434143509615385 0.8379980480769231
0 0.5528896610576923 0.6318457019230769 0.5532638894230769 0.6394921875 0.5570408942307693 0.6480908197115384 0.554776235576923 0.6552587884615384 0.5483564807692308 0.6624267572115384 0.5517554014423077 0.6772412115384616 0.55892746875 0.6801074230769231 0.5721450625 0.6820214831730769 0.57705246875 0.6872753918269231 0.5815817908653846 0.701611329326923 0.5906442908653846 0.7087792980769231 0.5846026225961538 0.6930126947115384 0.5864930552884615 0.6796289062499999 0.5970640432692308 0.674853514423077 0.6015933653846154 0.6686425793269231 0.5974421298076923 0.6547802740384616 0.5944212956730769 0.6461816418269231 0.590266204326923 0.6371044927884615 0.5755401225961538 0.6294580072115384 0.5615702163461539 0.6241992187500001 0.5528896610576923 0.6218115240384615 0.5528896610576923 0.6318457019230769
0 0 0.32070800721153847 0.011651235576923076 0.3190478509615385 0.014799382211538462 0.31274413942307694 0.01716049278846154 0.30013671875000003 0.015586420673076924 0.28520019471153846 0.01532407451923077 0.27358886778846153 0.015848764423076922 0.26628418028846157 0.014799382211538462 0.25765625000000003 0.014799382211538462 0.24770507932692307 0.01427469230769231 0.2413964831730769 0.019517747596153844 0.23442871153846154 0.014799382211538462 0.22845703125 0.009818673076923077 0.22845703125 0 0.22705078125 0 0.32070800721153847
0 0.47808256250000003 0.6330859375 0.4745871923076923 0.6358496105769231 0.4665007716346154 0.6358496105769231 0.45317129567307696 0.64193359375 0.4450887355769231 0.6447021490384616 0.4413734567307692 0.6471875 0.43962577163461536 0.6502294927884615 0.44050154326923074 0.658251951923077 0.4420293221153846 0.6673779302884615 0.44683642067307694 0.6836914062499999 0.44814814903846156 0.7088574206730769 0.44858410576923075 0.715771485576923 0.44771219230769227 0.72544921875 0.4450887355769231 0.7365087884615384 0.45470293269230766 0.730703125 0.45972607932692305 0.7273828125 0.46540894951923073 0.7312548822115384 0.47305555528846155 0.7334667956730769 0.48310570913461537 0.7329150384615384 0.4970910504807692 0.7365087884615384 0.5056134254807693 0.7423193365384615 0.5126041658653846 0.75171875 0.5206905865384616 0.7589111322115384 0.5344560192307692 0.7550390625 0.5416666658653846 0.7489550793269231 0.5488773149038462 0.7381689447115385 0.5512770072115385 0.7246191394230769 0.5517168221153846 0.7171533197115385 0.5514969134615385 0.7058154302884615 0.5490933653846154 0.6936474615384616 0.5477816346153846 0.6792675769230769 0.5445061730769231 0.6709716802884615 0.5392631177884616 0.6596337884615384 0.5313966057692308 0.6507861322115385 0.5248418221153845 0.6447021490384616 0.5204706778846154 0.6355761730769232 0.5154436730769231 0.6294921874999999 0.5095447524038461 0.6228515625 0.5043016971153846 0.618984375 0.5014621923076923 0.6151123052884615 0.5001504639423077 0.6128955072115384 0.49293981490384614 0.6181542980769231 0.48813271634615385 0.6250683581730769 0.48376157451923074 0.6300439447115385 0.47808256250000003 0.6330859375
0 0.10512731490384615 0.6393115240384616 0.10984567788461538 0.652919923076923 0.11508873557692308 0.6572314447115384 0.12452932211538462 0.6635400384615384 0.12846064903846155 0.6635400384615384 0.1337075625 0.6525878894230769 0.13842592548076924 0.6436279302884615 0.14603009375 0.63732421875 0.1517978389423077 0.63533203125 0.1633333341346154 0.63234375 0.1701504639423077 0.6296875 0.18090277884615386 0.6273681634615385 0.18640817788461536 0.6270361322115385 0.19978009375 0.6273681634615385 0.2073842596153846 0.6296875 0.21656250000000002 0.6383154302884615 0.21813271634615386 0.6426318365384615 0.2212808653846154 0.6575634759615384 0.22337962980769233 0.6675195312500001 0.22731095673076923 0.6731591802884616 0.23517746875 0.6691796875 0.23989583413461538 0.6628759759615386 0.24618827163461537 0.6555712884615384 0.25798611057692306 0.6429638677884615 0.2516936730769231 0.6293554687499999 0.2475 0.6204003918269231 0.24513888942307693 0.6077880865384615 0.24173225240384613 0.60181640625 0.2241628076923077 0.59484375 0.21498842548076924 0.5925244134615385 0.20581018509615384 0.5898681634615385 0.19794367307692307 0.5885400384615385 0.18824459855769232 0.5858837884615384 0.17959105048076923 0.5842285144230769 0.17329861057692308 0.5858837884615384 0.16516975240384615 0.5875439447115385 0.15337191346153844 0.5918603509615384 0.14288194471153848 0.5991601562500001 0.1342283942307692 0.6041357427884615 0.12977237740384615 0.6094482427884615 0.12715277884615384 0.6154199230769231 0.11928626442307692 0.6204003918269231 0.11141975240384615 0.6260400384615384 0.10670138942307691 0.6316796875 0.10512731490384615 0.6393115240384616
0 0.04921682211538462 0.34287109375 0.039147377403846155 0.3424707043269231 0.035370370192307696 0.3504345697115384 0.028132716346153847 0.36596679807692306 0.028132716346153847 0.36835449278846155 0.033796295673076925 0.3771142572115384 0.04008873557692308 0.3930419927884615 0.04229166586538462 0.40020996153846156 0.05645061778846154 0.40020996153846156 0.06400462980769231 0.40101074278846155 0.07501543269230769 0.40140625 0.08445601923076923 0.3966259759615385 0.08193672836538461 0.37871093749999996 0.07344135817307693 0.3639746081730769 0.06243055528846154 0.3504345697115384 0.04921682211538462 0.34287109375
0 0.3583487644230769 0.8759179687499999 0.3479629639423077 0.8850781249999999 0.3356944447115385 0.8910498052884616 0.32184799278846155 0.8934423822115385 0.3007677475961538 0.8910498052884616 0.29227237740384615 0.8966259759615384 0.2759104927884616 0.9272900384615385 0.2718209879807692 0.9412255865384616 0.27244984615384615 0.9499853509615386 0.2815740745192308 0.9611376947115384 0.2969945985576923 0.95994140625 0.3086342596153846 0.9555615240384616 0.3259375 0.9543652355769231 0.3404128076923077 0.9499853509615386 0.3492245360576923 0.9388378894230769 0.3552006177884615 0.9280859375 0.36810185096153847 0.9169335937499999 0.37690972115384613 0.9149414062500001 0.3869791658653846 0.9165380865384616 0.3945293221153846 0.917333985576923 0.3847762355769231 0.9006103509615385 0.37596836538461537 0.8910498052884616 0.36589892067307694 0.881494139423077 0.3583487644230769 0.8759179687499999
0 0.8111381177884615 0.9359228509615385 0.8133256177884616 0.9505761706730769 0.8292746923076924 0.9668945312499999 0.8585532403846153 0.98763671875 0.8694791658653845 0.9870800793269231 0.8876157403846154 0.9892919927884616 0.9050925937500001 0.9937158197115384 0.9138348774038462 0.9951025384615384 0.9171103389423076 0.9790625000000001 0.9162384254807693 0.9663427740384616 0.915798610576923 0.9580468750000001 0.9083719134615384 0.9489208990384616 0.8904552475961538 0.92845703125 0.8819328701923077 0.91794921875 0.87013503125 0.9010791009615384 0.8653279326923078 0.8958251947115384 0.85986496875 0.8922265625 0.8504706778846154 0.8889111322115385 0.8375771610576923 0.8952685552884615 0.8242476850961539 0.9021826177884615 0.8181327163461538 0.9157324206730769 0.8111381177884615 0.9359228509615385
0 0.7420486105769231 0.5314941394230769 0.7484683653846154 0.540576170673077 0.7650810192307692 0.5420068365384615 0.7756520072115385 0.5420068365384615 0.7862229927884615 0.5443994134615384 0.7854668221153845 0.53388671875 0.7756520072115385 0.5200244134615384 0.7681018509615385 0.5085595697115385 0.7658333341346153 0.4989990240384615 0.7624382716346154 0.4985253894230769 0.7507330240384615 0.50521484375 0.7416705240384616 0.5109472668269232 0.737141204326923 0.5185937500000001 0.7420486105769231 0.5314941394230769
0 0.8803472211538461 0.7193603509615384 0.8821643509615384 0.71060546875 0.8814390432692308 0.7009228509615385 0.8796180552884615 0.6905566418269231 0.8748842596153845 0.6861767572115384 0.8686921298076923 0.6834130865384616 0.860316358173077 0.68525390625 0.8535802475961538 0.6880175769230769 0.8468402788461538 0.6900927740384616 0.8417438269230769 0.6979296875000001 0.8402854927884615 0.704150389423077 0.8430169759615385 0.7124462884615385 0.8432021610576924 0.7161328124999999 0.8424729927884615 0.7225878918269231 0.8422916658653846 0.728115235576923 0.8446566346153846 0.7437890625 0.8506674375000001 0.75162109375 0.8599537043269231 0.7421728509615384 0.8663233028846153 0.735263670673077 0.8748842596153845 0.7267333990384616 0.8803472211538461 0.7193603509615384
0 0 0.8380859375 0.00821759375 0.8300048822115385 0.015694444711538462 0.8346484375000001 0.024394290865384617 0.8344189447115385 0.03572144951923077 0.8332128894230769 0.04718364182692308 0.8318359375 0.06956404326923077 0.8256445312499999 0.08139274759615385 0.8231201177884616 0.08868441346153846 0.8109082019230769 0.09561728365384616 0.8009863269230769 0.10214120432692307 0.7896923822115384 0.10798611057692308 0.7793115240384616 0.12017361057692308 0.7625097644230769 0.11890432211538463 0.7564892572115384 0.12366512259615384 0.7417529302884615 0.12348379567307692 0.7316015625 0.12144290144230768 0.7170947259615384 0.11868055528846154 0.7150292980769231 0.09919753125 0.7024169927884615 0.07880787019230769 0.6978271490384615 0.06503472115384615 0.6903710937499999 0.058827161057692305 0.6825195312500001 0.052800925480769235 0.6813720697115385 0.04369598798076923 0.6873925769230769 0.03626543269230769 0.6915185552884615 0.029151235576923076 0.6871630865384616 0.021311728365384617 0.6843505865384615 0.011118826923076922 0.6834326177884615 0 0.6767822259615385 0 0.7590136706730769 0 0.8380859375
0 0.2938464495192308 0.7397314447115384 0.2837770072115385 0.74888671875 0.2784297836538462 0.7556591802884616 0.2793711418269231 0.7644189447115385 0.2856674375 0.773974608173077 0.2951041658653846 0.7783544927884616 0.30580246875 0.782734375 0.3174459879807693 0.7863183605769231 0.33160107932692306 0.78990234375 0.33663580288461536 0.7807470697115384 0.33474922836538457 0.7687988269230769 0.33128857932692307 0.758046875 0.3265702163461538 0.7464990240384615 0.32719907451923075 0.7377392572115385 0.3300308653846154 0.729375 0.3234220673076923 0.7234033197115385 0.31241126442307693 0.7249951177884615 0.3017129639423077 0.7325634759615384 0.2938464495192308 0.7397314447115384
0 0.7825154326923076 0.7636376947115384 0.7737770072115384 0.7716601562500001 0.7742129639423077 0.7835498052884616 0.7753047836538461 0.7940576177884615 0.7772723774038461 0.8009716802884616 0.7916936730769231 0.8056738269230769 0.8050231490384616 0.8087158197115384 0.8137615745192307 0.8081591802884615 0.8198804014423077 0.80125 0.8194405865384616 0.7929541009615384 0.8176929014423078 0.7821679687499999 0.8194405865384616 0.7749755865384615 0.8233757716346154 0.7744238269230769 0.8174768509615385 0.762255858173077 0.8102662043269231 0.7581103509615384 0.7978124999999999 0.7561718749999999 0.7825154326923076 0.7636376947115384
0 0.2343788581730769 0.3689941418269231 0.2397299375 0.3761621105769231 0.2538888894230769 0.37297363221153845 0.2639544759615385 0.36779785096153844 0.26112268509615383 0.3586376947115385 0.2516859567307692 0.34509765625 0.24476080288461538 0.33554199278846153 0.23910107932692307 0.33474609375000003 0.2315470673076923 0.3423095697115385 0.2249421298076923 0.35146972596153847 0.2280864206730769 0.35983398557692303 0.2343788581730769 0.3689941418269231
0 0.06589120432692308 0.5841894543269232 0.07438657451923077 0.6017089831730769 0.08854552403846154 0.6064892572115385 0.1011304014423077 0.6005126947115385 0.10742283894230768 0.5885693365384616 0.10584876442307692 0.578212891826923 0.10175925961538461 0.5618847668269231 0.0951504639423077 0.5515332043269231 0.08539737740384615 0.5391894519230769 0.08005015384615384 0.5320214831730768 0.0728125 0.5280371105769232 0.06337191346153846 0.5344091802884615 0.057079475961538464 0.5491455072115385 0.05959876442307692 0.5678613269230769 0.06589120432692308 0.5841894543269232
0 0.6345331778846154 0.51689453125 0.6277160504807693 0.5119189447115384 0.6214197524038462 0.5089306634615385 0.6070023149038462 0.5009667956730769 0.5978240745192308 0.49731445192307694 0.59021990625 0.5006347644230769 0.5820910504807693 0.5089306634615385 0.5802546298076924 0.521875 0.5836651225961538 0.535478516826923 0.5836651225961538 0.5421142572115385 0.5815663581730769 0.5520703124999999 0.5784220673076923 0.5590380865384615 0.5841898149038461 0.5633544927884615 0.5949382716346154 0.5643505865384616 0.6041165120192308 0.5656787115384615 0.6072608028846154 0.569658204326923 0.6161766971153846 0.574306641826923 0.6198495360576923 0.5716503918269231 0.6253549374999999 0.5640185552884616 0.6284992283653845 0.5560546875 0.6337461418269231 0.5507421874999999 0.6418711418269231 0.54974609375 0.6507870360576924 0.5480908197115385 0.6552469134615385 0.5467626947115385 0.6591782403846154 0.5427783197115384 0.6565547836538462 0.5364746105769231 0.6518364206730769 0.5271826177884615 0.6426581778846153 0.521875 0.6345331778846154 0.51689453125
0 0.3992862644230769 0.5936181634615385 0.3995486105769231 0.6005859375 0.40426697596153843 0.6188378918269231 0.40846450721153843 0.6224902355769231 0.4184259254807693 0.6301220697115385 0.4291782403846154 0.63708984375 0.44155478365384615 0.6448535168269232 0.4550810192307692 0.6401416009615384 0.4655709879807692 0.6365576177884615 0.47301697596153847 0.6354296875000001 0.4747492283653846 0.6312841802884616 0.4826118822115385 0.6296240240384615 0.48764660576923075 0.6268701177884615 0.4920254639423077 0.621328125 0.4955131177884615 0.6155175793269231 0.5007561730769231 0.6130322259615385 0.5053472211538461 0.620234375 0.5110339495192308 0.6246435552884615 0.5140779326923077 0.6301855456730769 0.5197685192307693 0.6354296875000001 0.5267669759615384 0.6287939447115385 0.5330864206730769 0.6277001947115385 0.538121141826923 0.6243798822115385 0.5402970673076923 0.6180078125 0.5343981490384615 0.6047363269230769 0.5372569447115384 0.59451171875 0.5339776225961539 0.584560548076923 0.5324305552884615 0.5795800769230769 0.5261111105769231 0.575166016826923 0.5210763894230769 0.5735107427884615 0.5130015432692308 0.5726806634615385 0.5044791658653847 0.5710205072115385 0.4996566346153846 0.5682324230769231 0.4942013894230769 0.56408203125 0.4880941346153846 0.5635546875 0.4776041658653846 0.5566162115384615 0.47236111057692304 0.5560888677884616 0.4653626538461539 0.5552587884615384 0.46294753125 0.561328125 0.4590162043269231 0.56298828125 0.4509413581730769 0.5632519543269231 0.4450385793269231 0.5602343750000001 0.44197144951923073 0.5555224615384615 0.4332407403846154 0.5552587884615384 0.4247183653846154 0.5546923822115384 0.4199228389423077 0.5524707019230769 0.4166435192307692 0.5522021490384615 0.4105594134615385 0.5544628918269231 0.40531635817307693 0.5607666009615385 0.40217206730769234 0.56673828125 0.3982368822115384 0.5790185552884616 0.3992862644230769 0.5936181634615385
0 0.9214814807692308 0.929287110576923 0.927816358173077 0.94947265625 0.9420216057692308 0.9660644519230769 0.9581905865384616 0.97546875 0.9817862644230769 0.9765722644230769 0.9905285504807692 0.9682763677884616 0.988125 0.95140625 0.9826620360576922 0.929287110576923 0.9787268509615384 0.9218164062499999 0.9765432091346155 0.9143505865384616 0.96736496875 0.906884764423077 0.9570949062499999 0.9043945312499999 0.9474845673076923 0.899140625 0.9380864206730769 0.894443358173077 0.9317515432692307 0.8936132812500001 0.93021990625 0.8958251947115384 0.9245408942307692 0.9066064447115385 0.919513889423077 0.9143505865384616 0.9214814807692308 0.929287110576923
0 0.28333719230769233 0.6444775384615385 0.2956095673076923 0.6440771490384616 0.31794753125 0.6460693365384615 0.3361959879807692 0.6468652331730769 0.33556712980769227 0.6408935552884615 0.3277006177884615 0.6333251947115385 0.3188927475961538 0.6253613269230769 0.31196759375 0.6229736322115385 0.30064429086538463 0.6173974615384614 0.2915162043269231 0.6138134759615385 0.28522376442307695 0.6130175769230769 0.2767283942307692 0.6150097668269231 0.26414351923076923 0.6205859375 0.2547067908653846 0.6261572259615384 0.25313271634615386 0.6305371081730768 0.2581674375 0.644873048076923 0.2723263894230769 0.6456689447115385 0.28333719230769233 0.6444775384615385
0 0.37153549278846154 0.3815234375 0.3722646610576923 0.3928173822115385 0.3764506177884615 0.406875 0.3808217596153846 0.4119433581730769 0.3884683653846154 0.4218505865384615 0.3986651225961539 0.4206982427884615 0.40959105048076927 0.4177050769230769 0.4145061730769231 0.411484375 0.4227006177884615 0.40410644471153845 0.4250655865384615 0.3981152355769231 0.4252469134615385 0.38636230528846155 0.423611110576923 0.37829589903846156 0.42142361057692307 0.3723046875 0.4161458341346154 0.37138671874999996 0.4110455240384615 0.37 0.40576774759615386 0.36654296875000003 0.40084876442307693 0.36470214903846154 0.39411265384615385 0.36470214903846154 0.3839158942307692 0.36193847596153844 0.37881944471153844 0.3640087884615385 0.3735378076923077 0.36815918028846156 0.37153549278846154 0.3741503894230769 0.37153549278846154 0.3815234375
0 1 0.5496142572115384 0.9913310192307693 0.5433105480769231 0.980320216346154 0.542646483173077 0.9627507716346154 0.546962891826923 0.9493788581730769 0.5506103509615385 0.9383680552884616 0.5516064447115384 0.9179166658653847 0.5595703125 0.9032330240384615 0.56388671875 0.8864506177884616 0.5691943365384615 0.8741280865384616 0.574169923076923 0.8691473774038462 0.579150389423077 0.8691473774038462 0.59341796875 0.873078704326923 0.6073583990384616 0.87517746875 0.6189697259615384 0.8796334879807692 0.63390625 0.89353009375 0.647509764423077 0.9013966057692309 0.647509764423077 0.9150308653846154 0.648837889423077 0.9265663581730769 0.6538134759615384 0.9383680552884616 0.6574658197115385 0.9491165120192308 0.6654296875000001 0.9645871923076924 0.66775390625 0.9900192908653846 0.6704052740384616 1 0.6787011730769231 1 0.6720654302884616 1 0.5496142572115384
0 0.7196141971153847 0.5765283197115385 0.7177777788461538 0.5844921875 0.7135841057692307 0.5967724615384615 0.7088657403846154 0.6123681634615384 0.7080787043269231 0.6206640625000001 0.7106983028846153 0.6292919927884615 0.7154205240384616 0.6322802740384615 0.7261689807692308 0.6246435552884615 0.7356095673076923 0.61767578125 0.7434760793269231 0.6150244134615385 0.751601079326923 0.6136962884615385 0.7615663581730769 0.6070556634615385 0.7626157403846154 0.600419923076923 0.7584182091346154 0.5914599615384616 0.7563233028846154 0.58349609375 0.7419020072115384 0.5801806634615384 0.7345601850961538 0.5775244134615385 0.7274807091346154 0.5738720697115385 0.7196141971153847 0.5765283197115385
0 0.21266975240384617 0.4820849615384616 0.22084876442307694 0.48726074278846154 0.22871527884615384 0.4948291009615385 0.23878472115384616 0.4972167956730769 0.24413194471153846 0.49044921874999997 0.24350308653846156 0.47650878846153844 0.2397299375 0.4633691394230769 0.22934413461538464 0.4562011706730769 0.22053626442307694 0.4581933605769231 0.21298611057692307 0.4657568365384615 0.20732253125 0.47292480528846154 0.21266975240384617 0.4820849615384616
0 0.7220370360576923 0.5501318365384615 0.7348765432692308 0.55251953125 0.7386496923076924 0.5539550769230769 0.7409143509615385 0.547265625 0.737141204326923 0.5334082043269232 0.7318557091346154 0.5205029302884616 0.7197723774038463 0.5109472668269232 0.7088233028846154 0.50951171875 0.7088233028846154 0.5224169927884615 0.7065586418269232 0.53388671875 0.7099537043269231 0.544873048076923 0.7220370360576923 0.5501318365384615
0 0.21329861057692306 0.5330566418269231 0.21329861057692306 0.53982421875 0.22084876442307694 0.552568360576923 0.22777392067307692 0.5609326177884616 0.24035879567307694 0.5629248052884616 0.24696373557692308 0.559736326923077 0.24350308653846156 0.547392576923077 0.24004243749999998 0.5418164062499999 0.23469521634615387 0.5374365240384615 0.2258834879807692 0.5318603509615385 0.21990740625 0.52748046875 0.21329861057692306 0.5330566418269231
0 0.73357253125 0.86955078125 0.725486110576923 0.8645751947115384 0.7143441346153847 0.8665087884615384 0.7034182091346154 0.8723193365384615 0.690308641826923 0.8786767572115385 0.6791666658653847 0.88669921875 0.6743595673076922 0.8930566418269231 0.6789467596153845 0.9132470697115385 0.68834490625 0.9229248052884615 0.700798610576923 0.9367529302884615 0.7097569447115385 0.9491943365384615 0.725486110576923 0.95279296875 0.7418750000000001 0.9536181634615384 0.7562962956730769 0.9500244134615384 0.7624151225961538 0.9359228509615385 0.76875 0.9265185552884615 0.7733410504807693 0.9198828124999999 0.7635069447115386 0.9035644519230769 0.7525810192307693 0.8908447259615385 0.7425308653846153 0.8800634759615384 0.73357253125 0.86955078125
0 0.04451388942307692 0.07168456971153846 0.04101851923076923 0.07721679567307692 0.03533950721153846 0.08910644471153846 0.027033177884615383 0.10293456971153846 0.015455247596153845 0.12367675721153847 0.014579475961538461 0.1372265625 0.01720293269230769 0.14635253846153845 0.024849536057692308 0.15630859375 0.029656634615384616 0.16708984375000002 0.03795910576923077 0.17732421874999998 0.04385802403846154 0.18755371153846154 0.04866512259615385 0.19916992067307693 0.056531634615384616 0.2 0.06920524759615385 0.19585449278846154 0.07554012259615385 0.19474609375000002 0.07707175961538462 0.18617187500000001 0.07728780769230768 0.1764941394230769 0.0759799375 0.16708984375000002 0.08034722115384615 0.14331054807692306 0.08231481490384616 0.13197265625 0.08428240625 0.12063476682692308 0.08471836538461539 0.11178710817307692 0.08777777884615384 0.09491699278846154 0.08712191346153847 0.08606445432692308 0.08712191346153847 0.07970703124999999 0.0859220673076923 0.07154785096153846 0.08192129567307692 0.06532714903846154 0.08119984615384615 0.05935546875 0.07973765384615385 0.05219238221153846 0.07591435096153845 0.04574706971153846 0.07248456730769232 0.043203125 0.06330632692307693 0.041821288461538465 0.05740740625 0.04541503846153846 0.05150848798076923 0.05896484375 0.04451388942307692 0.07168456971153846
0 0.30123842548076923 0.2791552740384616 0.2880246923076923 0.274375 0.2707214495192308 0.266015625 0.2549884254807692 0.2612353509615385 0.21376929086538463 0.2516796875 0.20590663461538464 0.25127929807692306 0.19898148076923078 0.26282714903846155 0.2112538581730769 0.28632324278846155 0.2285570985576923 0.31857910096153846 0.24429012259615385 0.3253466802884616 0.2531018509615385 0.33888671875000004 0.26128086538461537 0.35123046874999997 0.27355324038461537 0.3556103509615385 0.2845640432692308 0.3504345697115384 0.29305941346153846 0.35163085817307693 0.30344135817307694 0.3504345697115384 0.31036651201923077 0.34207519471153847 0.31351080288461536 0.33251464903846156 0.31508487740384616 0.32693847596153847 0.3172878076923077 0.3213671875 0.3254668221153846 0.30742675721153845 0.3330169759615385 0.2966748052884615 0.32295138942307694 0.2903027331730769 0.30123842548076923 0.2791552740384616
0 0.38009259375 0.4709375 0.3691666658653846 0.4746240240384615 0.3522337956730769 0.48130859375 0.33912422836538464 0.48822265625 0.3320216057692308 0.49720703125 0.3356635793269231 0.5027392572115384 0.3362114206730769 0.5098828125 0.33329861057692306 0.5193310552884616 0.33275077163461536 0.5456005865384616 0.33639274759615384 0.5536669927884615 0.33657407451923077 0.5624267572115385 0.34003472115384614 0.5702587884615384 0.3471373461538461 0.5813232427884615 0.35551311778846156 0.5896191418269231 0.3620679014423077 0.5898486322115384 0.36734567788461536 0.58224609375 0.37535879567307695 0.5815527355769231 0.3759027788461538 0.6022949230769231 0.38100308653846154 0.60044921875 0.3875578701923077 0.5914599615384616 0.3942939807692308 0.58546875 0.3986651225961539 0.57763671875 0.4043094134615384 0.5624267572115385 0.41031635817307693 0.5539013677884616 0.4174189807692308 0.5513623052884615 0.42397376442307694 0.5525146490384615 0.43125771634615384 0.5511328125 0.44345679086538464 0.5451416009615385 0.45820601923076926 0.535234375 0.4603896610576923 0.5280908197115385 0.46239197596153847 0.517255858173077 0.4631211418269231 0.5098828125 0.46439814903846155 0.49951171875 0.4618479927884615 0.49352050721153845 0.4549266971153846 0.49121581971153844 0.4463695985576923 0.4886816394230769 0.4389043221153846 0.4875292956730769 0.4372646610576923 0.4819970697115385 0.42816357932692306 0.4734716802884616 0.41013503125 0.46517578125000003 0.3959336418269231 0.4670214831730769 0.38009259375 0.4709375
0 0.7423109567307692 0.8784033197115384 0.7475578701923078 0.8844873052884614 0.7538927475961539 0.8889111322115385 0.7643788581730769 0.8880810552884615 0.7737770072115384 0.8808886706730769 0.7785841057692308 0.8753613269230769 0.774868826923077 0.8670654302884616 0.7698418221153845 0.8609814447115384 0.7632870360576922 0.8548974615384615 0.7600115745192307 0.8485351562500001 0.7545486105769231 0.8457714831730769 0.7394714495192307 0.8515771490384616 0.7313888894230769 0.8579394519230769 0.73357253125 0.8673388677884616 0.7423109567307692 0.8784033197115384
0 0.6911651225961539 0.45417480528846155 0.6804166658653846 0.45517089903846153 0.6735995360576923 0.4634667980769231 0.6733371923076923 0.4717626947115384 0.6730748461538462 0.47939941346153847 0.6796296298076924 0.4850390625 0.6874961418269231 0.4930029302884616 0.6964120360576923 0.49731445192307694 0.7042746923076924 0.4933349615384615 0.7074228389423076 0.49433105528846155 0.7110918221153846 0.5003027331730769 0.7173842596153845 0.502958983173077 0.7302353389423076 0.5046191394230769 0.7320679014423077 0.49897460817307693 0.7328549375000001 0.49001464903846154 0.73076003125 0.4784033197115385 0.7276118822115384 0.4714306634615385 0.7263001538461539 0.4628027331730769 0.7186959879807693 0.4594873052884615 0.7124035504807692 0.4555029302884615 0.7013927475961539 0.45417480528846155 0.6911651225961539 0.45417480528846155
0 0.94728009375 0.42019531250000003 0.9281404326923077 0.423515625 0.9147685192307692 0.43048339903846156 0.9032330240384615 0.4367871105769231 0.8964158942307693 0.4467431634615385 0.8898611105769232 0.4603515625 0.8877623461538462 0.4732910144230769 0.8906481490384616 0.4819189447115385 0.895891204326923 0.48755859375 0.9069020072115385 0.4865625 0.9168672836538462 0.48689453125 0.92892746875 0.48921875 0.9388927475961538 0.49287109375000004 0.9475424375 0.49950683653846156 0.9606520072115384 0.48822265625 0.9653742283653847 0.46997070192307694 0.9716666658653845 0.45935546875 0.9716666658653845 0.455703125 0.9721913581730769 0.4480712884615385 0.9674691346153845 0.43745117067307693 0.955933641826923 0.42451171875000004 0.94728009375 0.42019531250000003
0 0.04298611057692307 0.6648632812499999 0.04351080288461539 0.6764794927884614 0.046655093749999994 0.6837792980769231 0.054783949519230775 0.681787108173077 0.05950231490384616 0.6841113269230769 0.06631944471153847 0.688427735576923 0.07182870432692308 0.6934033197115385 0.08441357932692307 0.6970556634615386 0.0951620360576923 0.70103515625 0.10014274759615384 0.7040234375 0.11037037019230769 0.7096630865384616 0.11692515384615385 0.7136474615384615 0.1226929014423077 0.7202832019230769 0.12321759374999999 0.7309033197115385 0.12531635817307693 0.7375390625 0.1344907403846154 0.7441748052884616 0.14 0.7481591802884615 0.1455054014423077 0.7501513677884616 0.148125 0.73986328125 0.14838734615384613 0.7299072259615385 0.1426195985576923 0.7146435552884616 0.14130787019230767 0.70203125 0.14209490624999999 0.6934033197115385 0.14209490624999999 0.6857714831730769 0.12584105048076924 0.6691796875 0.11351851923076922 0.6585595697115385 0.09385030769230769 0.6452880865384615 0.08860725240384615 0.6409716802884616 0.07812114182692308 0.635 0.07261188221153846 0.6293603509615384 0.0629128076923077 0.6306835937499999 0.05189814903846154 0.6393115240384616 0.04613040144230769 0.6535839855769231 0.04298611057692307 0.6648632812499999
0 0.10934413461538463 0.5011181634615385 0.1203549375 0.49992675721153845 0.12822144951923076 0.5023144543269231 0.13388503125 0.506298829326923 0.1426929014423077 0.5082861322115385 0.14458333413461538 0.500322266826923 0.14426697596153845 0.4855908197115385 0.14017746875 0.4776269543269231 0.1345138894230769 0.47005859375000003 0.1294791658653846 0.466875 0.11815200721153846 0.4648828125 0.10997299278846154 0.47005859375000003 0.10241898076923077 0.4808105480769231 0.10179012259615385 0.4931542956730769 0.10934413461538463 0.5011181634615385
0 0.5540200625 0.4884863269230769 0.5426929014423076 0.49565429807692307 0.5328780865384615 0.5037792980769231 0.5332561730769231 0.5147705072115385 0.5423148149038461 0.5209814447115385 0.54646990625 0.5305419927884615 0.5502430552884615 0.5353173822115385 0.55892746875 0.5228955072115384 0.5649691346153847 0.519072264423077 0.5721450625 0.518115233173077 0.5789390432692307 0.512861326923077 0.58611496875 0.505693360576923 0.5876234567307692 0.4985253894230769 0.5785609567307692 0.49183105528846155 0.5710108028846154 0.49230956971153844 0.5615702163461539 0.48801269471153846 0.5540200625 0.4884863269230769
0 0.38074845673076924 0.6471435552884616 0.36816357932692306 0.653515625 0.36092592548076924 0.659091795673077 0.3514891971153846 0.6722314447115385 0.3401620360576923 0.6821875000000001 0.3351273149038461 0.6949316418269231 0.33292438221153847 0.712451170673077 0.3310378076923077 0.7232031250000001 0.3275771610576923 0.7451074230769231 0.33009259375 0.7566552740384616 0.3338695985576923 0.7646191418269231 0.33890432211538457 0.7678027331730769 0.34834105048076924 0.7678027331730769 0.35903935096153844 0.7689990240384615 0.37099537019230766 0.7678027331730769 0.37508487740384616 0.7697949230769231 0.38704089423076926 0.7761669927884616 0.3971103389423077 0.7773583990384616 0.4115856490384615 0.7725830072115384 0.4317206778846154 0.7602392572115384 0.44053240625 0.7415234374999999 0.4443055552884615 0.7271875 0.44650848798076925 0.7156396490384616 0.4483950625 0.6977197259615384 0.44619598798076926 0.6893554687500001 0.44210262259615385 0.6786035144230769 0.4402160504807692 0.6674560552884615 0.4367554014423077 0.6598876947115385 0.4320370360576923 0.6495361322115384 0.42857253125 0.6451513677884615 0.4257445985576923 0.6435595697115384 0.4150462956730769 0.64634765625 0.4037191346153846 0.6471435552884616 0.3901890432692308 0.6471435552884616 0.38074845673076924 0.6471435552884616
0 0.1253896610576923 0.55009765625 0.11940972115384615 0.5568701177884615 0.12192901201923076 0.5640380865384615 0.13482638942307693 0.566826170673077 0.1467862644230769 0.5680175769230769 0.1577970673076923 0.5660302740384615 0.16597607932692307 0.5584619134615385 0.1691242283653846 0.5497021490384616 0.16597607932692307 0.5409423822115385 0.15842592548076923 0.5373583990384615 0.14615355048076922 0.5385498052884615 0.1364004639423077 0.5409423822115385 0.1253896610576923 0.55009765625
0 0.5487345673076923 0.5343603509615384 0.5494907403846153 0.547265625 0.55553240625 0.5549121081730769 0.5642168221153846 0.5582568365384616 0.5728973774038462 0.555390625 0.5781867283653847 0.5506103509615385 0.5823379639423076 0.5410546875000001 0.5823379639423076 0.5286279302884616 0.5774305552884615 0.5224169927884615 0.5710108028846154 0.518115233173077 0.5645910504807692 0.51763671875 0.5528896610576923 0.5262402355769231 0.5487345673076923 0.5343603509615384
0 0.6374151225961538 0.55173828125 0.6311226850961538 0.5533984375000001 0.6282368822115385 0.5610302740384616 0.6248302475961538 0.567333985576923 0.6185378076923077 0.5749707043269231 0.6198495360576923 0.5822705072115385 0.6277160504807693 0.58458984375 0.6350540120192308 0.5822705072115385 0.6442322524038461 0.5862499999999999 0.6505246923076923 0.5875781250000001 0.6557677475961537 0.59123046875 0.6586535504807693 0.5952099615384616 0.6712384254807693 0.5938818365384615 0.6796296298076924 0.5908984375 0.6830362644230769 0.5882421875 0.6885455240384615 0.5829345697115385 0.6940509254807693 0.5802783197115384 0.6927391971153847 0.574638670673077 0.6893325625 0.5686621081730769 0.6922145072115384 0.5616943365384615 0.6922145072115384 0.5587060552884615 0.68513503125 0.55173828125 0.6825154326923077 0.5487548822115385 0.6652083341346154 0.5484228509615384 0.6573418221153846 0.5460986322115384 0.6481674374999999 0.5484228509615384 0.6374151225961538 0.55173828125
0 0.09231867307692307 0.3118066418269231 0.09106095673076922 0.3213671875 0.08854552403846154 0.33490722596153844 0.08854552403846154 0.3464550793269231 0.0951504639423077 0.3536230480769231 0.10647762259615384 0.3508349615384615 0.11025462980769231 0.34485839903846155 0.11340277884615385 0.3440625 0.11466049278846155 0.33689453124999996 0.11780478365384615 0.33052246153846154 0.1231558653846154 0.3281347668269231 0.11937885817307693 0.3189746081730769 0.11686342548076922 0.30822265625 0.11308642067307692 0.303046875 0.11025462980769231 0.2962792956730769 0.10301697596153846 0.29587890624999996 0.09861496874999999 0.3002587884615385 0.09231867307692307 0.3118066418269231
0 0.2037114206730769 0.6293554687499999 0.18955246874999998 0.6283642572115385 0.1806404326923077 0.6293554687499999 0.16883873557692308 0.631015625 0.15442129567307694 0.6346679687500001 0.14603009375 0.6379833990384616 0.1342283942307692 0.6505957019230769 0.13134644951923077 0.6615478509615385 0.12924768509615386 0.67017578125 0.13344521634615386 0.6758154302884616 0.14 0.6811279302884615 0.1426195985576923 0.6910791009615385 0.14104938221153845 0.7046874999999999 0.14366898076923076 0.717626954326923 0.15048611057692307 0.7229394543269231 0.1646450625 0.7252587884615385 0.1806404326923077 0.7279150384615385 0.19794367307692307 0.7255908197115384 0.20843364182692306 0.7172949206730769 0.21157793269230768 0.7013671875 0.22206790144230767 0.6837792980769231 0.2241628076923077 0.671171875 0.2212808653846154 0.6588916009615384 0.21865740625000002 0.6515917956730769 0.2170833341346154 0.6406396490384616 0.21341435096153846 0.6333398437500001 0.2037114206730769 0.6293554687499999
0 0.4096913581730769 0.785732423076923 0.39723765384615384 0.7912646490384615 0.38849922836538464 0.7973486322115384 0.3819405865384615 0.8037109375 0.3867476850961538 0.8153222644230769 0.39024691346153845 0.8269384759615386 0.39832947596153845 0.8341259759615384 0.4140625 0.8402099615384616 0.4265162043269231 0.8410400384615385 0.4363503076923077 0.8357861322115384 0.44377700721153845 0.8261083990384616 0.4479282403846154 0.8153222644230769 0.44399691346153847 0.7995605480769231 0.4402816346153846 0.79513671875 0.43307098798076926 0.7896044927884615 0.4203973774038462 0.7843505865384616 0.4096913581730769 0.785732423076923
0 0.24319058653846154 0.6608837884615385 0.24067129567307693 0.6708398437499999 0.23941357932692306 0.688359375 0.2419328701923077 0.6951318365384616 0.2529436730769231 0.6991113269230769 0.26521605048076924 0.6959277355769231 0.27465277884615386 0.6911474615384615 0.2859799375 0.6887597668269231 0.2903858028846154 0.6859716802884616 0.29006944471153845 0.6740234375 0.28723765384615385 0.6648632812499999 0.28031635817307693 0.6576953125 0.27213734615384616 0.6572998052884615 0.26112268509615383 0.65849609375 0.2488541658653846 0.6596875 0.24319058653846154 0.6608837884615385
0 1 0.2932910144230769 0.9969984567307691 0.28731933653846153 0.9891319447115384 0.27537109374999996 0.9784375 0.2666113293269231 0.9674228389423077 0.2666113293269231 0.9605015432692308 0.2789550769230769 0.9557831778846153 0.2881152331730769 0.9548379639423078 0.29807128846153846 0.95861496875 0.30961914182692307 0.9605015432692308 0.32156738221153847 0.9633333341346154 0.33391113221153845 0.9705709879807691 0.350234375 0.9768634254807692 0.3526269543269231 0.9869328701923077 0.3538183581730769 0.9995177475961537 0.35302246153846156 1 0.33868652403846156 1 0.2932910144230769
0 0.9304166658653846 0.7253515625 0.9393402788461539 0.728115235576923 0.9458950625 0.7292675793269231 0.9513580240384615 0.7343408197115384 0.9520871923076922 0.7419433605769231 0.9533603389423077 0.7520849615384615 0.9570023149038461 0.7553124999999999 0.9661072524038462 0.75162109375 0.9708410504807692 0.7391796875 0.9726620360576923 0.730419923076923 0.9728433653846154 0.7170556634615385 0.9701118822115385 0.7110644543269231 0.9630092596153846 0.7025390625000001 0.9560918221153846 0.6960839855769231 0.9502662043269231 0.6956249999999999 0.9340586418269231 0.7016162115384615 0.9258641971153847 0.70830078125 0.9105709879807692 0.7200537115384615 0.9174884254807693 0.7223583990384616 0.9218595673076924 0.7230468750000001 0.9304166658653846 0.7253515625
0 0 0.587373048076923 0.0029629639423076923 0.58578125 0.01114197596153846 0.585380858173077 0.021840278846153846 0.5901611322115385 0.02750385817307692 0.5881689447115385 0.03222607932692308 0.5738330072115384 0.03505787019230769 0.565869141826923 0.03788966105769231 0.5535253894230769 0.03662808653846154 0.5467529302884615 0.03065200721153846 0.544765625 0.022469134615384617 0.5467529302884615 0.01334490625 0.5435693365384615 0.0023341057692307693 0.5503369134615385 0 0.5555175793269231 0 0.587373048076923
0 0.9481983028846154 0.6695947259615385 0.9421566346153847 0.6781982427884615 0.9463117283653847 0.6915771490384616 0.9599035504807693 0.69396484375 0.9772723774038461 0.6987451177884616 0.9870871923076923 0.6992236322115384 0.9916203701923076 0.69396484375 0.9810493822115384 0.6839306634615384 0.97236496875 0.6767626947115384 0.9610378076923076 0.6705517572115384 0.9481983028846154 0.6695947259615385
0 0.6197183653846154 0.5013916009615385 0.62915509375 0.5119042980769231 0.643881173076923 0.5142919927884615 0.6525655865384615 0.5138134759615385 0.6533217596153846 0.5004345697115384 0.6510532403846153 0.48514160096153847 0.6457677475961539 0.4679394543269231 0.6401041658653847 0.4679394543269231 0.6336882716346154 0.47224121153846155 0.6250038581730769 0.47988769471153847 0.6170756177884615 0.4884863269230769 0.6197183653846154 0.5013916009615385
0 0.4319714495192307 0.7699951177884615 0.43574845673076923 0.7747705072115385 0.44392746875 0.7779589855769231 0.4505362644230769 0.7680029302884616 0.4565123461538461 0.7668066394230769 0.46217592548076925 0.7719824206730769 0.46532407451923075 0.7879150384615384 0.4634375 0.8018505865384615 0.46815586538461534 0.8086181634615385 0.48262731490384614 0.8165869134615384 0.4914390432692307 0.81857421875 0.4980478389423077 0.8197705072115385 0.5081134254807692 0.8177783197115385 0.5178703701923077 0.82455078125 0.5298263894230769 0.8249462884615385 0.5370601850961538 0.816982423076923 0.5487037043269231 0.81021484375 0.5581442908653846 0.804638673076923 0.5619174375 0.7962744134615385 0.5565702163461539 0.7907031250000001 0.5534220673076923 0.7771630865384616 0.5540509254807693 0.773974608173077 0.5512191346153846 0.7644189447115385 0.542411264423077 0.7632226562500001 0.5342283942307693 0.7660107427884615 0.5257330240384616 0.7668066394230769 0.5184992283653846 0.763623048076923 0.5140625 0.7528710937499999 0.5078009254807692 0.7457031249999999 0.49203703605769233 0.7361474615384616 0.48483024759615384 0.7325634759615384 0.47728009375 0.7317675793269232 0.4684722211538462 0.7309667956730769 0.46217592548076925 0.7309667956730769 0.4539969134615385 0.7341552740384615 0.4432986105769231 0.74052734375 0.43795138942307693 0.7500830072115385 0.43291666586538463 0.7620312499999999 0.4319714495192307 0.7699951177884615
0 0.25483024759615386 0.39089355528846154 0.2507407403846154 0.39328124999999997 0.25011188221153846 0.40443359375 0.2519984567307692 0.42036132692307693 0.25514660576923076 0.4295214831730769 0.26143904326923073 0.43509765625 0.27244984615384615 0.43230956971153844 0.28283564903846153 0.42792968750000004 0.28503472115384615 0.4171777355769231 0.28535107932692305 0.40522949278846154 0.27780092548076923 0.40044921875 0.27244984615384615 0.3976660144230769 0.2639544759615385 0.3948779302884615 0.25483024759615386 0.39089355528846154
0 0.7962808653846154 0.8156298822115384 0.7916936730769231 0.8286230456730769 0.7864506177884615 0.8446630865384616 0.7884143509615384 0.8568310552884615 0.8002160504807693 0.8612548822115385 0.8187885793269231 0.8637451177884615 0.8288387355769231 0.8640234375 0.8338618822115385 0.8504736322115385 0.8340817908653846 0.8424511706730768 0.8334259254807692 0.83470703125 0.8327700625 0.8250292980769232 0.8240316346153846 0.8211572259615385 0.8157291658653846 0.8164599615384615 0.8067708341346154 0.8145214831730769 0.7962808653846154 0.8156298822115384
0 0.34261574038461534 0.802646483173077 0.33915509374999997 0.8106103509615384 0.3476504639423077 0.8213623052884615 0.3539429014423077 0.8229541009615384 0.3567746923076923 0.8321142572115385 0.35803240625000005 0.840078125 0.36243827163461534 0.8528222668269231 0.37439429086538467 0.8476464855769231 0.3838310192307692 0.8396826177884615 0.38823688221153846 0.8337060552884614 0.3876080240384615 0.8209667956730768 0.3857214495192308 0.8122021490384616 0.3819444447115385 0.8042382812500001 0.37250771634615387 0.7954785144230769 0.3636959879807692 0.7926904302884614 0.3526851850961539 0.7950830072115385 0.34261574038461534 0.802646483173077
0 0.7965007716346153 0.8604248052884615 0.7903819447115384 0.8673388677884616 0.7798958341346154 0.8792333990384615 0.7763966057692309 0.8949951177884615 0.7932214495192308 0.91794921875 0.8030555552884615 0.930390625 0.8076427475961538 0.9350927740384616 0.8113580240384616 0.9309423822115386 0.8146373461538462 0.9204345697115385 0.8198804014423077 0.9079931634615386 0.8277469134615385 0.899140625 0.8417283942307693 0.8925048822115385 0.8452237644230769 0.8880810552884615 0.8297106490384615 0.87646484375 0.8141975312499999 0.8698291009615384 0.8021797836538462 0.8634667980769231 0.7965007716346153 0.8604248052884615
0 0.07261188221153846 0.6057958990384615 0.0629128076923077 0.60048828125 0.05635802403846154 0.5981640625 0.0469174375 0.59716796875 0.03249614182692308 0.5951757812499999 0.02043595673076923 0.596171875 0.021485338942307693 0.5898681634615385 0.015192901442307692 0.5868798822115384 0.0096875 0.5868798822115384 0.0020833341346153844 0.5865478509615385 0 0.5908642572115385 0.0028703701923076925 0.6038037115384616 0.004965278846153846 0.6087841802884616 0.0070640432692307695 0.616748045673077 0.010474536057692309 0.63533203125 0.013618826923076923 0.6452880865384615 0.01571759375 0.6559033197115384 0.019124228365384615 0.6661914062500001 0.021485338942307693 0.6741552740384615 0.03275848798076923 0.6837792980769231 0.04246142067307693 0.685107420673077 0.04586805528846154 0.6751513677884616 0.04508101923076923 0.6632080072115384 0.048229165865384616 0.647607420673077 0.05163966105769231 0.6399755865384615 0.057669752403846156 0.63400390625 0.06815586538461539 0.63001953125 0.07628472115384616 0.6316796875 0.08205246875 0.63533203125 0.0888695985576923 0.6409716802884616 0.09411265384615385 0.6432958990384615 0.09228009375 0.63267578125 0.0854629639423077 0.6190722668269231 0.08152777884615385 0.612763673076923 0.07261188221153846 0.6057958990384615
0 0.0281674375 0.40873535096153846 0.015578704326923078 0.40833496153846155 0.011489197115384615 0.4103271490384615 0.011805555288461538 0.4222753894230769 0.010860338942307693 0.4334228509615385 0.025019290865384618 0.43541503846153845 0.03194058653846154 0.43820312499999997 0.04043595673076923 0.4421826177884615 0.045154322115384615 0.43103515625 0.04452546394230769 0.4214746105769231 0.048618826923076924 0.41948730528846156 0.04830246875 0.41311523317307697 0.036346449519230765 0.40913085817307693 0.0281674375 0.40873535096153846
0 0.18 0.15376953125 0.1718441346153846 0.15102050721153845 0.17130015384615385 0.16478027403846152 0.1729320985576923 0.17166015625 0.17564814903846154 0.18335937500000002 0.18054398076923078 0.19368163942307692 0.2033796298076923 0.20812988221153847 0.2126195985576923 0.21019531249999998 0.21697144951923075 0.19918456971153847 0.2229513894230769 0.18611328124999998 0.21533950721153847 0.17372558653846154 0.2060956778846154 0.16546875 0.1968557091346154 0.15996581971153848 0.18 0.15376953125
0 0.1785416658653846 0.43124511778846153 0.17251157451923077 0.42294921875 0.1675308653846154 0.4169775384615385 0.1604513894230769 0.4060253918269231 0.15389660576923078 0.3964013677884616 0.15258487740384616 0.39042968749999996 0.14864969230769232 0.38644531249999997 0.14052469230769232 0.3818017572115385 0.13003472115384615 0.3768261730769231 0.12452932211538462 0.3751660168269231 0.11377700721153847 0.3794775384615384 0.10407793269230768 0.3841259759615384 0.0948996923076923 0.3891015625 0.09254243749999999 0.4017138677884615 0.0880825625 0.4239453125 0.08703317788461538 0.42892578124999997 0.0849382716346154 0.43688964903846156 0.08283950721153846 0.4514892572115385 0.08520061778846154 0.46111328125 0.094375 0.46874511778846156 0.10197916586538461 0.47173339903846156 0.11613811778846153 0.4664208990384615 0.12793595673076924 0.4657568365384615 0.1344907403846154 0.4684130865384616 0.14288194471153848 0.47405273557692307 0.14734182211538463 0.4694091802884615 0.15101080288461538 0.46078125000000003 0.15966435096153847 0.4574609375 0.16674382692307693 0.45845703125 0.17224922836538464 0.46111328125 0.17932870432692308 0.4690771490384616 0.18404706730769232 0.4664208990384615 0.1845717596153846 0.45978515625 0.1845717596153846 0.44850097596153843 0.18326003124999998 0.4388769519230769 0.1785416658653846 0.43124511778846153
0 0.8035185192307692 0.6548437500000001 0.7888348774038462 0.6575 0.7778240745192307 0.6634716802884615 0.7673341057692308 0.6740917980769231 0.7584182091346154 0.6837158197115384 0.7531751538461537 0.6916796875 0.7500308653846154 0.6993115240384615 0.7584182091346154 0.708935548076923 0.768121141826923 0.7112548822115384 0.77625 0.7129150384615385 0.7872608028846154 0.7165673822115385 0.800632716346154 0.7188916009615384 0.8058796298076923 0.7079394543269231 0.8103356490384616 0.6956591802884616 0.8145293221153846 0.69267578125 0.8200385793269231 0.6963232427884616 0.8223958341346154 0.69201171875 0.8244945985576924 0.6754199230769231 0.8210841057692307 0.6654638677884616 0.8103356490384616 0.6571679687499999 0.8035185192307692 0.6548437500000001
0 0 0.5164892572115385 0.00862654326923077 0.5256494134615385 0.016176697115384615 0.53162109375 0.02624614182692308 0.5280371105769232 0.030964507211538463 0.513701170673077 0.04040509375 0.5077294927884616 0.04229166586538462 0.500166014423077 0.0331674375 0.49737793028846156 0.023414350961538464 0.4937939447115385 0.012403550480769231 0.4886181634615384 0.002650463942307692 0.48104980528846153 0 0.4734814447115384 0 0.5093212884615385 0 0.5164892572115385
0 0.1604513894230769 0.3413183605769231 0.15546682211538462 0.3406542956730769 0.14707947596153848 0.33833007692307693 0.1386882716346154 0.3370019543269231 0.12872299278846155 0.33401367067307697 0.12216820913461539 0.3323583990384616 0.11666280769230769 0.3330224615384615 0.11482638942307692 0.3379980480769231 0.11535107932692308 0.34463378846153847 0.11928626442307692 0.35259765625 0.12400462980769231 0.36288574278846153 0.12662808653846153 0.36918945432692307 0.13055941346153846 0.3758300793269231 0.14078703605769233 0.38213378846153845 0.1531095673076923 0.38810546875 0.16123842548076925 0.39573730528846157 0.1675308653846154 0.3980615240384615 0.17932870432692308 0.4063574230769231 0.19217592548076923 0.4093457043269231 0.20240355048076925 0.4166455072115385 0.21341435096153846 0.4176416009615384 0.22442515384615386 0.41996581971153846 0.23465277884615385 0.42726562500000004 0.24461419711538462 0.43124511778846153 0.24618827163461537 0.42494140625 0.2456635793269231 0.41863769471153844 0.24645061778846153 0.4100097668269231 0.24933642067307693 0.40204589903846155 0.24540123557692306 0.39573730528846157 0.2391087956730769 0.39042968749999996 0.23045524759615385 0.3841259759615384 0.20869598798076924 0.3688574206730769 0.20135416586538463 0.36487793028846155 0.19532407451923076 0.35791015625 0.18562114182692308 0.35359375 0.17696759375 0.3482861322115385 0.1696257716346154 0.34330566346153846 0.1604513894230769 0.3413183605769231
0 0.6894637355769231 0.8187744134615385 0.6805478389423077 0.8201025384615386 0.6737307091346154 0.8197705072115385 0.6637654326923077 0.8187744134615385 0.6611458341346155 0.8204345697115384 0.6545910504807692 0.8201025384615386 0.6485570985576923 0.8227587884615384 0.6451504639423077 0.8343701177884615 0.6446257716346153 0.8439941394230769 0.6472492283653846 0.8499707019230769 0.6616705240384615 0.8486425769230769 0.6815972211538461 0.8459863293269231 0.697326389423077 0.8459863293269231 0.7162075625 0.8466503918269231 0.7282677475961539 0.8459863293269231 0.7366589495192308 0.8449902355769231 0.7489814807692308 0.8469824206730769 0.7592052475961538 0.8433300769230769 0.7641898149038462 0.8323828125 0.7665470673076923 0.8247460937500001 0.7628780865384616 0.8108105480769231 0.755798610576923 0.8074902331730769 0.7450462956730769 0.8051708990384616 0.7308873461538461 0.8035107427884616 0.7198765432692308 0.8048388677884616 0.7109606490384616 0.8061669927884616 0.7023109567307693 0.8071582019230769 0.701523920673077 0.8121386730769231 0.6994251538461539 0.814794923076923 0.6894637355769231 0.8187744134615385
0 0.049845677884615386 0.49140136778846155 0.056766975961538464 0.49498535096153845 0.06243055528846154 0.49140136778846155 0.06935185096153847 0.4882177740384615 0.07501543269230769 0.4858300769230769 0.07438657451923077 0.47905761778846156 0.06714892067307693 0.4698974615384615 0.057079475961538464 0.4615380865384615 0.047013889423076924 0.45795410096153844 0.04040509375 0.45795410096153844 0.033796295673076925 0.4615380865384615 0.03474151201923077 0.47229003846153844 0.03599922836538461 0.48224609375 0.04229166586538462 0.48941406249999997 0.049845677884615386 0.49140136778846155
0 0.5698765432692308 0.58119140625 0.5608179014423077 0.5783251947115384 0.5532638894230769 0.5807128894230769 0.5445833341346155 0.5917041009615385 0.5385416658653847 0.5998291009615385 0.5374074062499999 0.6074755865384616 0.5423148149038461 0.61607421875 0.5494907403846153 0.6208544927884615 0.5608179014423077 0.6232421875 0.5710108028846154 0.625634764423077 0.5766743822115384 0.6285009759615385 0.580451389423077 0.6304101562500001 0.5929089495192308 0.6141650384615385 0.5974421298076923 0.6055615240384615 0.6023495360576923 0.6007861322115384 0.6027276225961539 0.595048829326923 0.59857253125 0.5850146490384616 0.5910223774038461 0.58310546875 0.5808294759615384 0.5807128894230769 0.5698765432692308 0.58119140625
0 0.5211728389423077 0.63328125 0.5211728389423077 0.63853515625 0.5287229927884616 0.6495263677884615 0.5362731490384616 0.6562158197115384 0.5423148149038461 0.6605175769230769 0.54646990625 0.6657714855769231 0.5532638894230769 0.6595605456730769 0.5559066346153846 0.652392576923077 0.5559066346153846 0.6433154302884615 0.5528896610576923 0.6313671875 0.5509992283653846 0.6246777331730768 0.5460918221153845 0.6227636706730769 0.5370293221153847 0.6265869134615384 0.5253240745192308 0.6294580072115384 0.5211728389423077 0.63328125
0 0.6182060192307692 0.6805859375 0.6072569447115385 0.6791552740384615 0.5989506177884615 0.6786767572115384 0.5925308653846154 0.6853662115384616 0.5876234567307692 0.6887109375 0.5963078701923077 0.701611329326923 0.6072569447115385 0.7116455072115385 0.6151851850961538 0.7135595697115384 0.6219830240384615 0.70830078125 0.6314197524038462 0.703046875 0.6401041658653847 0.703525389423077 0.6446373461538462 0.70830078125 0.6453896610576924 0.701611329326923 0.6363310192307693 0.6934912115384615 0.62915509375 0.6848876947115384 0.6182060192307692 0.6805859375
0 0.027851079326923076 0.5301904302884616 0.027534721153846156 0.5421337884615385 0.029108795673076924 0.5445263677884615 0.036346449519230765 0.545322264423077 0.03980709855769231 0.5508984375 0.046099536057692306 0.5552783197115384 0.05113425961538461 0.55408203125 0.05585262259615385 0.5461181634615385 0.06057484615384615 0.536162108173077 0.059629629807692305 0.5289941418269231 0.05364969230769231 0.5222265625 0.051763117788461536 0.5154541009615385 0.0442129639423077 0.51306640625 0.03666280769230769 0.5118701177884616 0.030999228365384615 0.5178466802884615 0.030054012019230768 0.5222265625 0.027851079326923076 0.5301904302884616