0 0.9033256177884615 0.1985058605769231 0.8996103389423078 0.19905761778846154 0.8958950625 0.2029296875 0.893711420673077 0.20652831971153846 0.8869367283653846 0.21869628846153846 0.8867168221153846 0.22450195192307693 0.8860609567307692 0.23085937499999998 0.8882484567307691 0.23666992067307693 0.8952391971153847 0.2402636706730769 0.9041975312499999 0.24302734374999999 0.9103163581730769 0.24524414182692308 0.9142476850961538 0.24524414182692308 0.916871141826923 0.23888183653846154 0.9179629639423077 0.23334960817307693 0.92080246875 0.2269921875 0.9253935192307693 0.21896972596153846 0.9264853389423077 0.2134375 0.9203665120192308 0.20818359375 0.9155594134615386 0.20431640625 0.9087847211538461 0.20071777403846153 0.9033256177884615 0.1985058605769231
0 0.7003433653846154 0.09047363221153847 0.6979822524038461 0.09810546875000001 0.6945756177884616 0.11270996153846154 0.6895949062500001 0.12564941346153846 0.6856597211538461 0.1359375 0.6880208341346153 0.14920898317307693 0.6880208341346153 0.15850097596153848 0.6964120360576923 0.168125 0.7024421298076924 0.17343750000000002 0.7092592596153846 0.16381347596153845 0.7184336418269232 0.15949706971153846 0.7223688269230769 0.1565136730769231 0.7263001538461539 0.14489746153846153 0.7336419759615385 0.12863769471153846 0.7454398149038461 0.11138183653846154 0.7470138894230769 0.10109375 0.7409837956730769 0.08749023557692308 0.7380979927884616 0.07819824278846153 0.7378356490384615 0.067578125 0.7265625 0.06857421875 0.7150270072115384 0.07122558653846153 0.705586420673077 0.07886230528846154 0.7003433653846154 0.09047363221153847
0 0.68990740625 0.7892529302884616 0.6861304014423077 0.79880859375 0.6834876538461538 0.8088427740384615 0.6914158942307692 0.8174462884615384 0.69896990625 0.8260449206730769 0.7065200625 0.8341699230769231 0.7129398149038462 0.8394287115384615 0.7269097211538462 0.849462891826923 0.7371026225961538 0.8604541009615385 0.7499382716346153 0.8642724615384616 0.76013503125 0.8623632812500001 0.7710841057692307 0.8551953125 0.7741049375 0.8394287115384615 0.7729706778846155 0.8246142572115385 0.7665509254807692 0.8031103509615385 0.7563580240384616 0.7849511730769231 0.7469174375 0.7753955072115384 0.7299266971153846 0.771572266826923 0.7170910504807692 0.7749169927884616 0.7012345673076923 0.7820849615384616 0.68990740625 0.7892529302884616
0 0.5400115745192308 0.7051025384615385 0.5464313269230769 0.7189599615384614 0.551338735576923 0.72755859375 0.5656867283653846 0.7270800769230769 0.5785262355769231 0.7261279302884615 0.5883410504807692 0.7237353509615385 0.6011766971153846 0.7223046875 0.614016204326923 0.7146582019230769 0.6196797836538461 0.70701171875 0.6159027788461539 0.69888671875 0.6121296298076924 0.6907666009615384 0.6113734567307693 0.679775391826923 0.6053317908653846 0.6726074230769231 0.5966473774038461 0.6716503918269231 0.5894753076923077 0.6687841802884615 0.5777700625000001 0.659228514423077 0.5675771610576923 0.65779296875 0.5539814807692308 0.6601806634615385 0.5419020072115385 0.6616162115384616 0.5271759254807692 0.6620947259615384 0.5252893509615385 0.6706933605769231 0.5286844134615385 0.6792968749999999 0.5343479927884616 0.6907666009615384 0.5400115745192308 0.7051025384615385
0 1 0.8813037115384615 0.9878395072115385 0.8804736322115385 0.978881173076923 0.8799218750000001 0.9703587956730769 0.87826171875 0.95790509375 0.8749462884615385 0.9509143509615385 0.8741162115384615 0.9452314807692308 0.8774365240384616 0.9410802475961538 0.889599610576923 0.9399884254807692 0.8940283197115384 0.9406442908653846 0.9012158197115384 0.9482908942307693 0.90591796875 0.9596527788461539 0.9150439447115384 0.9771334879807692 0.9227880865384616 0.9828125000000001 0.9263818365384615 0.9930825624999999 0.9316357427884616 1 0.9391015625 1 0.8813037115384615
0 0.7810995360576923 0.166796875 0.7776929014423076 0.17774902403846154 0.770351079326923 0.18836913942307693 0.7616975312500001 0.19799316346153845 0.7533063269230769 0.20628906249999998 0.7485879639423078 0.21425293028846154 0.7459645072115385 0.22188476682692307 0.7459645072115385 0.23184081971153844 0.7556674375000001 0.23482910096153847 0.7624845673076923 0.23681640625 0.7690393509615384 0.23516113221153848 0.7779552475961539 0.23250488221153848 0.7868672836538462 0.22918456971153847 0.8023379639423076 0.23150878846153844 0.8096797836538462 0.23549316346153845 0.8141358028846154 0.2398046875 0.8206905865384615 0.23681640625 0.8259375 0.23018066346153845 0.829868826923077 0.2245410168269231 0.82803240625 0.20628906249999998 0.8256751538461539 0.19500488221153847 0.8206905865384615 0.18206543028846156 0.817808641826923 0.16348144471153844 0.8157098774038462 0.1551855456730769 0.8133526225961538 0.14622558653846154 0.8112538581730769 0.14224121153846153 0.8057484567307692 0.13792968749999998 0.8007638894230769 0.13792968749999998 0.7926388894230769 0.14920898317307693 0.7852970673076923 0.1558496105769231 0.7810995360576923 0.166796875
0 0.9606597211538461 0.2523291009615385 0.9546180552884616 0.248984375 0.94517746875 0.24994140625 0.9382716057692307 0.25439453125 0.9346064807692307 0.26093261778846155 0.93271990625 0.26762206971153846 0.9338503076923076 0.27574706971153845 0.9364930552884616 0.2876953125 0.9406481490384616 0.29629394471153847 0.9504629639423077 0.29820800721153845 0.9576388894230768 0.2986816418269231 0.96330246875 0.29533691346153845 0.9667013894230769 0.28864746153846155 0.9734953701923076 0.28673828125 0.9787808653846154 0.28912597596153844 0.9825578701923077 0.2919921875 0.9852006177884616 0.2876953125 0.9855787043269231 0.28052734375 0.9859567908653847 0.27574706971153845 0.9799151225961539 0.26666503846153844 0.9738734567307692 0.2604541009615385 0.9670794759615385 0.25472168028846154 0.9606597211538461 0.2523291009615385
0 0.5603433653846154 0.10804199278846155 0.5509066346153846 0.09928222596153846 0.54209490625 0.08853027403846155 0.5342283942307693 0.09569824278846153 0.5329706778846154 0.1020703125 0.5313966057692308 0.11321777403846153 0.530138889423077 0.1267578125 0.5310841057692308 0.13711425721153844 0.5376890432692307 0.1466699230769231 0.5524807091346153 0.15702148317307693 0.5638040120192308 0.16020996153846154 0.5713580240384615 0.16339355528846153 0.5757638894230769 0.17056152403846153 0.5789081778846155 0.16418945432692308 0.5798533942307692 0.15423339903846156 0.5829976850961539 0.14826171875 0.5892901225961539 0.15025390625 0.5883487644230769 0.1430859375 0.5891203701923077 0.13671875 0.5891203701923077 0.1279296875 0.5910493822115385 0.12255859375 0.5949537043269231 0.11759765625 0.58803240625 0.11640624999999999 0.5792245360576923 0.11520996153846154 0.5663233028846154 0.11162597596153846 0.5603433653846154 0.10804199278846155
0 0.8564120360576923 0.6401123052884615 0.8511265432692308 0.6434570312500001 0.8443325625 0.6530126947115384 0.8360262355769231 0.663525391826923 0.8250733028846154 0.6697412115384616 0.822056326923077 0.6730859375 0.8258294759615384 0.68455078125 0.8292283942307692 0.6931542980769231 0.8288503076923077 0.7079687499999999 0.8364004639423077 0.7146582019230769 0.8473533942307692 0.7170458990384615 0.8628317908653845 0.7237353509615385 0.8692515432692307 0.7318603509615385 0.8575462956730769 0.7390283197115385 0.8537692908653847 0.7409423822115385 0.8552816346153846 0.7533642572115385 0.8632098774038461 0.7729541009615384 0.8775578701923077 0.7595751947115384 0.883973764423077 0.7476318365384615 0.8990779326923076 0.7337744134615385 0.911161264423077 0.7246923822115385 0.921732252403846 0.7156152355769231 0.9224884254807691 0.7041455072115385 0.9209760793269232 0.6898095697115385 0.9164467596153846 0.6769091802884616 0.9092708341346154 0.665439451923077 0.9017206778846153 0.6539697259615385 0.8960570985576923 0.6487158197115386 0.8858641971153846 0.6534912115384616 0.8768016971153846 0.6549267572115384 0.8643402788461538 0.6477587884615384 0.8564120360576923 0.6401123052884615
0 0.09831018509615384 0.10227050721153846 0.0889120360576923 0.10144043028846153 0.07973765384615385 0.1050390625 0.07055941346153846 0.11029296875 0.06640817788461538 0.11443847596153846 0.07033950721153846 0.12494628846153846 0.07514660576923077 0.12964843750000002 0.08257716105769232 0.13158691346153845 0.08913194471153846 0.13296875 0.09852623557692307 0.13407226442307693 0.10682870432692308 0.13490234375 0.1186304014423077 0.1332421875 0.12562114182692308 0.13020019471153846 0.13152006249999998 0.12577636778846155 0.12846064903846155 0.11886230528846155 0.12278163461538462 0.11360839903846154 0.11338734615384616 0.10946289182692308 0.10552083413461538 0.1053125 0.09831018509615384 0.10227050721153846
0 0.6825154326923077 0.19600097596153845 0.6678317908653846 0.19799316346153845 0.6549845673076924 0.20396484374999999 0.6473804014423077 0.2089453125 0.6442322524038461 0.21757324278846155 0.639776235576923 0.22155273317307692 0.6379398149038462 0.23582519471153846 0.6392515432692308 0.24146484375000002 0.6382021610576923 0.24942871153846152 0.6342708341346154 0.2633642572115385 0.6434452163461538 0.27365234375 0.6570794759615384 0.28161621153846156 0.6662577163461538 0.2869287115384615 0.6814660504807691 0.29157226442307693 0.6903780865384616 0.29057617307692307 0.6998186730769231 0.2812841802884615 0.711878858173077 0.26934081971153845 0.7131905865384615 0.2593847668269231 0.7139776225961539 0.24810058653846154 0.7173842596153845 0.24113281250000002 0.7218441346153845 0.22155273317307692 0.7137152788461538 0.21425293028846154 0.7089969134615385 0.20695312500000002 0.7011304014423078 0.19799316346153845 0.6825154326923077 0.19600097596153845
0 0.8372955240384615 0.40814941346153844 0.8276813269230769 0.41451171875 0.8152237644230769 0.42280761778846154 0.8058294759615384 0.4272314447115385 0.7988387355769231 0.43303711057692307 0.7953433653846154 0.44050293028846155 0.7951234567307692 0.45211914182692303 0.7959992283653846 0.46677734374999996 0.796651235576923 0.4797753918269231 0.7940316346153846 0.4883447259615385 0.7975270072115385 0.49553711057692307 0.8053935192307692 0.5035546875 0.8158796298076924 0.5096386730769231 0.8219984567307693 0.5135107427884615 0.8368557091346154 0.50521484375 0.8514969134615384 0.49608886778846156 0.8593634254807692 0.4864111322115384 0.8643865745192307 0.4731347644230769 0.8744367283653846 0.44714355528846156 0.8740007716346153 0.4302734375 0.8766242283653847 0.41838378846153845 0.877496141826923 0.41174316346153844 0.8768441346153846 0.3957080072115385 0.8643865745192307 0.39210937500000004 0.8573958341346154 0.3926660168269231 0.84865740625 0.3993017572115385 0.8372955240384615 0.40814941346153844
0 0 0.889599610576923 0.003869598557692308 0.8891210937499999 0.006890432692307693 0.8838671875 0.010289350961538461 0.8771777331730769 0.02010416586538462 0.8676220697115385 0.027280093749999998 0.8604541009615385 0.03558642067307692 0.8537597644230769 0.043136574519230766 0.848984375 0.06201388942307692 0.8442041009615384 0.07749614182692308 0.8413378894230769 0.08089120432692307 0.8341699230769231 0.0820254639423077 0.8188769519230769 0.07862654326923077 0.8074121105769231 0.07258487740384616 0.7959423822115385 0.06729938221153846 0.78447265625 0.06579089423076924 0.7725244134615384 0.05937114182692308 0.7548437499999999 0.05332947596153846 0.742421875 0.04125 0.7190087884615385 0.03331790144230769 0.7099267572115384 0.020860338942307693 0.7027587884615384 0 0.6975048822115385 0 0.889599610576923
0 0.33127314903846156 0.2623046875 0.33302083413461536 0.27115234374999997 0.33389274759615384 0.27778808653846154 0.33324074038461543 0.2855322259615385 0.33039737740384617 0.29189453125 0.3297415120192308 0.2971484375 0.3325848774038462 0.29880859374999996 0.3395756177884615 0.3035058605769231 0.34547453605769235 0.3071044927884615 0.34984567788461535 0.30627441346153844 0.3566165120192308 0.3071044927884615 0.3662307091346154 0.30903808653846154 0.3651388894230769 0.3051660144230769 0.3657947524038461 0.30295410096153846 0.36710648076923075 0.2968701177884615 0.3679783942307692 0.293828125 0.3716936730769231 0.28276855528846156 0.37453703605769234 0.27640625 0.3706018509615384 0.27060058653846153 0.3651388894230769 0.2658984375 0.3585841057692308 0.25981445432692307 0.34940972115384616 0.24958496153846152 0.34285107932692305 0.24156249999999999 0.3371720673076923 0.23658691346153848 0.3288695985576923 0.22773925721153845 0.3251543221153846 0.2338183605769231 0.32209490625 0.24073242307692308 0.3218788581730769 0.24598632692307693 0.3266859567307692 0.25179687500000003 0.32908564903846155 0.25677246153846156 0.33127314903846156 0.2623046875
0 0.6227700625 0.02625 0.6149035504807693 0.027841795673076923 0.6060918221153846 0.03103027403846154 0.6001157403846153 0.03979003846153846 0.5953973774038461 0.046557617788461535 0.596026235576923 0.055317382211538466 0.5985416658653846 0.0652734375 0.6120717596153846 0.06447753846153846 0.6177353389423076 0.06009765625 0.6246566346153847 0.0529296875 0.6296913581730769 0.0529296875 0.6369290120192308 0.05651367067307692 0.6447955240384615 0.05969726682692308 0.6507716057692308 0.06408203124999999 0.6580092596153846 0.06328125 0.6611535504807692 0.05969726682692308 0.6658757716346154 0.05452148317307692 0.6671334879807692 0.051337889423076925 0.6687075625 0.047753906250000006 0.6649305552884616 0.042578124999999994 0.6573804014423076 0.03541015625 0.6463657403846154 0.028637694711538462 0.6227700625 0.02625
0 0.46908564903846156 0.08682617067307692 0.4567592596153846 0.08516601682692307 0.44601080288461536 0.08416992307692307 0.4318518509615385 0.08317382932692308 0.4155941346153846 0.08483398317307692 0.40798996875 0.08616211057692308 0.3982908942307692 0.09146972596153846 0.38963734615384615 0.09645019471153846 0.3828202163461538 0.10009765625 0.38045910576923075 0.10839355528846153 0.38098379567307694 0.11934570432692307 0.3820331778846154 0.131953125 0.3859683653846154 0.14257324278846153 0.38989969230769234 0.15551757692307694 0.39750385817307693 0.16314941346153844 0.40798996875 0.1687890625 0.41847993749999995 0.16978515624999999 0.4281828701923077 0.1701171875 0.4355208341346154 0.17111328125 0.4394560192307692 0.16514160096153846 0.4478472211538461 0.16049316346153847 0.45361496874999996 0.16115722596153845 0.46436342548076925 0.17376953125 0.4717052475961539 0.18173339903846156 0.48114583413461537 0.19334472596153846 0.4942554014423077 0.20330078125 0.5013348774038462 0.20761718750000002 0.5084143509615384 0.20595703124999998 0.5141820985576924 0.19799316346153845 0.5170679014423076 0.19699706971153846 0.5246682091346154 0.18571289182692308 0.5327970673076923 0.174765625 0.5330594134615384 0.16580566346153847 0.5275540120192308 0.1528613293269231 0.5178510793269231 0.14157714903846152 0.5065779326923077 0.13328125 0.5065779326923077 0.12697753846153848 0.5102507716346154 0.12200195432692308 0.50736496875 0.11801757692307692 0.5173302475961539 0.11536132932692308 0.5144444447115385 0.10938964903846153 0.5060532403846154 0.1004296875 0.4963541658653846 0.09479003846153847 0.4808834879807692 0.09014160096153846 0.46908564903846156 0.08682617067307692
0 0.20054398076923075 0.07045898557692308 0.19488040144230767 0.07858398317307692 0.1907253076923077 0.08813964903846154 0.19299382692307693 0.099609375 0.20054398076923075 0.10629882692307692 0.21262731490384615 0.10773437500000001 0.2216859567307692 0.10725585817307692 0.23188271634615384 0.1058203125 0.2394328701923077 0.10056640625 0.24811728365384617 0.08909668028846154 0.24736111057692306 0.07619140625 0.23565586538461536 0.0709375 0.22395447596153847 0.06759277403846155 0.2133796298076923 0.06663574278846154 0.20054398076923075 0.07045898557692308
0 0.9605092596153846 0.7072998052884615 0.9472916658653846 0.7092089831730769 0.9340779326923077 0.7116015625000001 0.9185995360576923 0.7192431634615384 0.9076504639423076 0.7278466802884616 0.8887692908653846 0.744091798076923 0.8812191346153846 0.7531738269230769 0.8725347211538461 0.7651171875 0.867627314903846 0.7756347644230769 0.8819753076923077 0.7885351562499999 0.8997183653846155 0.8100390625 0.9106674375 0.815771485576923 0.932191358173077 0.824853514423077 0.9420061730769231 0.8301074206730769 0.9620177475961539 0.8401416009615384 0.9820293221153846 0.8401416009615384 0.9839158942307692 0.829150389423077 0.9933564807692308 0.81625 0.999776235576923 0.8138623052884615 1 0.71876953125 0.9926003076923077 0.70873046875 0.9850501538461539 0.7049072259615384 0.9748572524038461 0.7082568365384615 0.9605092596153846 0.7072998052884615
0 0.8372955240384615 0.5737939447115384 0.8333603389423078 0.5771142572115384 0.8300848774038462 0.5834765625 0.8235300937500001 0.5912158197115385 0.8123842596153845 0.601171875 0.8104166658653846 0.6067041009615385 0.8145717596153846 0.6119580072115385 0.8193750000000001 0.6152783197115385 0.8263695985576922 0.6208056634615384 0.8324884254807692 0.6263378894230769 0.8370756177884615 0.636015625 0.8375115745192308 0.6415478509615385 0.8346720673076924 0.6498437499999999 0.82986496875 0.6581396490384616 0.8226543221153846 0.6658837884615385 0.8294290120192307 0.6680957043269231 0.8414467596153846 0.6589697259615386 0.8464699062500001 0.6503955072115384 0.8504050937500001 0.6440380865384616 0.8565200625 0.64126953125 0.8624228389423076 0.6434814447115385 0.8681018509615386 0.6473535144230769 0.877496141826923 0.6479101562499999 0.8855825625 0.6465234375000001 0.8879861105769231 0.6379541009615385 0.8875501538461539 0.629931639423077 0.8862384254807693 0.6199755865384616 0.8873302475961539 0.6080859375000001 0.8866743822115384 0.601728514423077 0.8860185192307692 0.5920458990384615 0.879683641826923 0.5718603509615384 0.8700694447115385 0.57158203125 0.8587075625 0.57296875 0.8488734567307692 0.5740722668269231 0.8372955240384615 0.5737939447115384
0 0.7955131177884615 0.43874511778846154 0.8000424375 0.43062011778846154 0.8079706778846153 0.42631836057692307 0.8109915120192308 0.4177197259615385 0.8091049375 0.40194824278846153 0.8083487644230769 0.3914355456730769 0.8049498461538461 0.38187988221153846 0.7909799375000001 0.37041015624999996 0.7751234567307693 0.3632421875 0.7637962956730769 0.35894043028846156 0.7494483028846154 0.3469970697115385 0.7415200625 0.3431738269230769 0.7324575624999999 0.3383935552884615 0.7260378076923076 0.33074706971153844 0.71584490625 0.3269238293269231 0.7109375 0.32549316346153845 0.701875 0.3321826177884616 0.693568673076923 0.34125976442307693 0.68790509375 0.34794921874999996 0.6773341057692307 0.3575097668269231 0.662986110576923 0.36754394471153845 0.6648726850961538 0.37519043028846155 0.6731790120192307 0.3866552740384615 0.6792206778846155 0.3976464855769231 0.6833757716346154 0.40625 0.69696759375 0.4210644543269231 0.7003665120192307 0.42631836057692307 0.7094251538461538 0.4406542956730769 0.7233950625 0.4573779302884615 0.7305709879807692 0.46741699278846155 0.7475617283653846 0.484140625 0.7543557091346155 0.4865283197115385 0.7615316346153846 0.4884423822115384 0.7713464495192308 0.48222656249999996 0.7785223774038462 0.47888183653846156 0.7838078701923077 0.4803173822115384 0.7940007716346155 0.47028320192307693 0.7958912043269231 0.45977050721153845 0.7962654326923077 0.44782226442307693 0.7955131177884615 0.43874511778846154
0 0.8236033942307692 0.3765722668269231 0.8152970673076924 0.3799169927884615 0.8088773149038461 0.3971240240384616 0.8103896610576923 0.40476562499999996 0.8149189807692309 0.41384765625000003 0.8179398149038462 0.4195800769230769 0.8341743822115385 0.41289062499999996 0.84361496875 0.40572265625 0.8507870360576923 0.40046875 0.8609799375 0.3937792956730769 0.8685339495192307 0.39330078125 0.8753279326923077 0.39520996153846155 0.8806134254807693 0.39138671875000003 0.8775964495192308 0.3880419927884615 0.8719328701923076 0.3827880865384615 0.8677777788461539 0.3780078125 0.8632484567307692 0.37179687499999997 0.852673610576923 0.3698828125 0.8428587956730769 0.3713183581730769 0.83455246875 0.3741845697115384 0.8236033942307692 0.3765722668269231
0 0.8530246923076923 0.7847949230769231 0.84865740625 0.7800927740384616 0.8436304014423077 0.77013671875 0.8381674375 0.7590771490384616 0.8364197524038463 0.7535449230769231 0.8331404326923076 0.7430371081730769 0.82986496875 0.7399951177884615 0.8185030865384615 0.7411035144230769 0.8036458341346153 0.744140625 0.7984027788461538 0.744970704326923 0.7935956778846154 0.7574169927884615 0.7881327163461538 0.7662646490384616 0.7817939807692308 0.7748388677884616 0.7796103389423077 0.7792626947115384 0.7844174375 0.785625 0.7929398149038461 0.804150391826923 0.7970910504807692 0.8149365240384616 0.8012422836538462 0.8273828125 0.8075771610576923 0.8290380865384616 0.8150077163461538 0.8279345697115384 0.81959490625 0.82765625 0.8270254639423077 0.82931640625 0.8473456778846155 0.8240625 0.8541165120192308 0.8124462884615385 0.8578317908653846 0.80470703125 0.8580516971153845 0.7950244134615385 0.8530246923076923 0.7847949230769231
0 0.19103009375 0.32931640624999997 0.17781249999999998 0.3125878918269231 0.16950617307692306 0.3058984375 0.1615779326923077 0.2977734375 0.1525154326923077 0.29108398317307693 0.14081404326923078 0.27914062500000003 0.13061728365384614 0.26480468749999997 0.12080246875 0.25667968750000003 0.11249614182692308 0.2509472668269231 0.10267746875 0.24616699278846152 0.09324074038461538 0.24234375 0.08229166586538463 0.24186523557692308 0.0743595673076923 0.24282226682692307 0.07625 0.25285644471153845 0.07775848798076922 0.26575683653846155 0.08002314903846154 0.27914062500000003 0.08002314903846154 0.2848730456730769 0.07511574038461538 0.29251953125 0.05963734615384615 0.3058984375 0.05397376442307692 0.3092431634615384 0.054726079326923076 0.3240576177884616 0.05359567788461538 0.3350488293269231 0.0569945985576923 0.35081543028846157 0.055104165865384615 0.36610839903846154 0.05359567788461538 0.37853515625 0.06567515384615384 0.36228515624999996 0.0796450625 0.35798339903846155 0.08908564903846153 0.3575097668269231 0.1004128076923077 0.3598974615384615 0.11249614182692308 0.36610839903846154 0.12533179086538462 0.37853515625 0.13288194471153847 0.39334472596153847 0.13439429086538462 0.41341796875000003 0.14156635817307692 0.4181933581730769 0.15667052403846154 0.4100732427884616 0.16611111057692307 0.4043359375 0.17479166586538464 0.40386230528846156 0.18423225240384616 0.40625 0.19782407451923076 0.41055175721153847 0.20575231490384616 0.414375 0.2201003076923077 0.41867187499999997 0.22161265384615386 0.4110253894230769 0.22161265384615386 0.4009912115384615 0.22387731490384616 0.38952636778846156 0.22614197596153846 0.38283203125000004 0.2325617283653846 0.3727978509615385 0.22425540144230768 0.36133300721153844 0.21330632692307694 0.34986328125 0.20424382692307694 0.34173828125 0.19103009375 0.32931640624999997
0 0.8440663581730768 0.5041064447115384 0.8324884254807692 0.511298829326923 0.8228742283653846 0.5162744134615385 0.815443673076923 0.524296875 0.8108564807692308 0.54005859375 0.8119483028846154 0.547802735576923 0.8152237644230769 0.555546875 0.8313927475961538 0.55056640625 0.8377314807692307 0.5466943365384616 0.8514969134615384 0.5516748052884616 0.8569598774038462 0.5378466802884615 0.8608912043269231 0.5309326177884615 0.8641705240384615 0.5312109374999999 0.8663541658653846 0.5251269519230769 0.8672299375 0.5151708990384616 0.8702854927884616 0.50521484375 0.8742206778846153 0.49470703125 0.8663541658653846 0.4941552740384615 0.8597993822115384 0.493046875 0.8501851850961538 0.4991308605769231 0.8440663581730768 0.5041064447115384
0 0.11449459855769231 0.8246142572115385 0.10618827163461539 0.8313037115384615 0.08882330288461539 0.8413378894230769 0.08013888942307693 0.8432470697115384 0.0665470673076923 0.8432470697115384 0.057106480769230764 0.8432470697115384 0.043136574519230766 0.848984375 0.03407407451923077 0.8537597644230769 0.024637346153846156 0.8604541009615385 0.019347992788461537 0.8652294927884616 0.01255401201923077 0.8728759759615384 0.007646605769230769 0.8805224615384616 0.004247685096153846 0.8886474615384615 0.0106674375 0.8986816394230769 0.024637346153846156 0.8958154302884616 0.04049382692307692 0.8891210937499999 0.04880015384615385 0.889599610576923 0.05332947596153846 0.9015478509615384 0.05899305528846154 0.906328125 0.07145447596153846 0.9077587884615385 0.0820254639423077 0.910625 0.08919753124999999 0.9144482427884615 0.1043016971153846 0.9025048822115385 0.11147376442307692 0.891513670673077 0.12242669711538462 0.8719189447115384 0.12884259375 0.8637988269230769 0.13979166586538463 0.8547167956730769 0.1473456778846154 0.8442041009615384 0.1382831778846154 0.8303466802884615 0.1292206778846154 0.8222216802884615 0.12317901201923077 0.8183984375000001 0.11449459855769231 0.8246142572115385
0 0.2771141971153846 0.23852050721153845 0.2684297836538462 0.23374511778846155 0.2563464495192308 0.23135253846153844 0.24501929086538463 0.24091308653846152 0.2325617283653846 0.2509472668269231 0.22576388942307693 0.2571582019230769 0.2159490745192308 0.2624121081730769 0.20764274759615386 0.26623535096153844 0.20008873557692308 0.27005859375 0.1982021610576923 0.27531738221153845 0.1989583341346154 0.2867871105769231 0.20424382692307694 0.29729980528846156 0.2095293221153846 0.30685546875 0.21443672836538463 0.31641113221153844 0.21934799278846157 0.32501464903846156 0.22878472115384613 0.32931640624999997 0.23709105048076923 0.32931640624999997 0.24690972115384616 0.33361328125 0.25295138942307693 0.3379150384615385 0.2563464495192308 0.34460449278846156 0.26238811778846155 0.3575097668269231 0.2695640432692308 0.3584619134615385 0.2778703701923077 0.3575097668269231 0.2861766971153846 0.3555957019230769 0.28994984615384617 0.3484277355769231 0.29108410576923077 0.3379150384615385 0.2941049375 0.32788086057692306 0.30089892067307694 0.3207128894230769 0.30731867307692307 0.3159326177884615 0.31638117307692304 0.3097216802884616 0.3133603389423077 0.29490722596153846 0.3027893509615385 0.2786621105769231 0.2903279326923077 0.25046874999999996 0.2771141971153846 0.23852050721153845
0 1 0.2094140625 0.9921257716346153 0.19689941346153847 0.9842168221153845 0.19689941346153847 0.9695794759615384 0.19790039182692307 0.9502006177884615 0.19740234375000001 0.9418942908653847 0.2009082019230769 0.943476079326923 0.20791503846153844 0.95178240625 0.21742675721153845 0.965625 0.21892578125 0.9806558653846154 0.2304394543269231 0.9814467596153846 0.23344238221153846 0.9857986105769231 0.23794921875 0.9897530865384615 0.23645019471153847 0.9948958341346154 0.2304394543269231 1 0.21542480528846156 1 0.2094140625
0 0.18052855048076924 0.20677734374999998 0.1796566346153846 0.19543945432692308 0.1770331778846154 0.19073730528846153 0.17266589423076925 0.1876953125 0.16916666586538462 0.17884277403846155 0.16130401201923078 0.17110351682692307 0.15452932211538462 0.16833496153846153 0.14753857932692307 0.16612304807692307 0.14119984615384615 0.15948730528846153 0.13420910576923076 0.15810546874999998 0.12831018509615386 0.15755371153846154 0.11804012259615385 0.15229980528846154 0.11039351923076923 0.1492578125 0.10427469230769232 0.14787109375000002 0.09706404326923077 0.153125 0.09094521634615385 0.15837890625 0.08264274759615384 0.16308105528846153 0.07717978365384615 0.16529296875000002 0.08198688221153846 0.17469726442307693 0.08679398076923077 0.1816113293269231 0.09881172836538463 0.18465331971153848 0.10493055528846154 0.18714355528846155 0.11956790144230768 0.19737304807692307 0.12809027884615384 0.20290527403846154 0.13180555528846155 0.20732910096153848 0.14185570913461537 0.21783691346153844 0.14513503125 0.22309081971153846 0.1492862644230769 0.23221679567307693 0.16042824038461537 0.22641113221153847 0.1678587956730769 0.22060058653846154 0.17572144951923077 0.21368652403846153 0.18052855048076924 0.20677734374999998
0 0.7506867283653846 0.02974609375 0.7346913581730768 0.026762694711538464 0.72053240625 0.0294140625 0.7066358028846154 0.03373046875 0.6969328701923078 0.038706055288461536 0.6843479927884615 0.043686524038461544 0.6720254639423077 0.04700195432692308 0.6670447524038461 0.051650391826923076 0.6675694447115385 0.05795410096153846 0.6641589495192307 0.07056640625 0.6625848774038462 0.07520996153846154 0.6618016971153846 0.08018554807692307 0.6646836418269231 0.08782226682692308 0.6715007716346153 0.08383788942307692 0.6775308653846154 0.08184570192307693 0.6848726850961538 0.08416992307692307 0.6877584879807692 0.08881347596153846 0.6893325625 0.097109375 0.6914274687499999 0.10640136778846153 0.6924768509615385 0.11104980528846155 0.6961496923076923 0.1030859375 0.6992939807692308 0.09346191346153845 0.7019174375 0.08715820192307693 0.7058487644230769 0.07819824278846153 0.7126658942307693 0.07354980528846154 0.7221064807692308 0.06990234375 0.728923610576923 0.06890625 0.7367901225961538 0.0695703125 0.7391473774038461 0.07255371153846155 0.7401967596153847 0.07985351442307692 0.7422955240384616 0.09047363221153847 0.7454398149038461 0.09744140625 0.749375 0.10541015625 0.7561921298076922 0.10208984374999999 0.7556674375000001 0.09412597596153846 0.7585493822115384 0.08350586057692308 0.7635339495192308 0.07587402403846154 0.7656288581730769 0.07388183653846153 0.7580285504807692 0.059614257211538464 0.7546180552884615 0.04700195432692308 0.7527816346153846 0.038041992788461536 0.7506867283653846 0.02974609375
0 0.9026234567307692 0.39210937500000004 0.8971643509615385 0.39515136778846155 0.8897337956730769 0.3929394543269231 0.8831790120192308 0.39210937500000004 0.8792438269230769 0.3954296875 0.8783719134615384 0.4031738293269231 0.87553240625 0.42197753846153846 0.8740007716346153 0.4416113269230769 0.8726890432692307 0.44879882692307693 0.87553240625 0.4535009759615385 0.8833989206730769 0.45765136778846155 0.8888580240384615 0.461796875 0.8936651225961539 0.4640087884615385 0.9065586418269231 0.45626953124999997 0.9111458341346155 0.45460937500000004 0.922943673076923 0.46373535096153845 0.9358371923076922 0.4728613269230769 0.9522260793269232 0.4839208990384615 0.9585609567307691 0.4811572259615385 0.9565933653846154 0.46456543028846153 0.9568132716346154 0.44603515625 0.9530979927884615 0.42501953124999997 0.9506944447115384 0.41672363221153846 0.9504745360576923 0.41091308653846154 0.9504745360576923 0.39764160096153844 0.9469791658653846 0.39044921875 0.9343055552884615 0.38796386778846154 0.9242554014423077 0.38906738221153847 0.9096180552884616 0.38851562500000003 0.9026234567307692 0.39210937500000004
0 1 0.35698242307692307 0.9938850312499999 0.3608056634615385 0.9833140432692308 0.36797363221153845 0.9765162043269231 0.37274902403846155 0.9734953701923076 0.38421875 0.9719868822115385 0.39138671875000003 0.9753858028846154 0.40142089903846156 0.9799151225961539 0.40763671875 0.9859567908653847 0.41575683653846157 0.9889776225961538 0.42197265625 0.9923726850961538 0.40954589903846156 0.9972839495192307 0.3937792956730769 1 0.3827880865384615 1 0.35698242307692307
0 0.5883410504807692 0.5493212884615384 0.5785262355769231 0.5650878894230769 0.577013889423077 0.5736914062499999 0.5811689807692308 0.5889794927884615 0.5856983028846154 0.595673829326923 0.5943827163461538 0.6061865240384615 0.5989120360576923 0.6147851562500001 0.6075964495192308 0.6080957043269231 0.6238310192307692 0.6057080072115385 0.6325154326923077 0.6076171875 0.6423341057692308 0.6109619134615385 0.6453549375 0.6162207019230769 0.6540393509615385 0.615263670673077 0.6581905865384615 0.6123974615384615 0.6574344134615384 0.6042724615384615 0.65290509375 0.595673829326923 0.6476195985576924 0.5837255865384615 0.6419560192307692 0.5698681634615385 0.6249652788461538 0.5627001947115384 0.6147723774038462 0.556962891826923 0.6060879639423077 0.5545751947115385 0.5883410504807692 0.5493212884615384
0 0.6302507716346154 0.8427734375 0.6177932091346154 0.8528076177884615 0.6068402788461539 0.86140625 0.60080246875 0.8700097644230769 0.6026890432692308 0.883388673076923 0.6072183653846154 0.90345703125 0.6174151225961538 0.9154052740384616 0.6317631177884616 0.926875 0.6430902788461539 0.9340429687499999 0.652148920673077 0.9397753918269232 0.6642322524038462 0.9316503894230769 0.6782021610576923 0.9173193365384615 0.6846219134615384 0.9048925793269231 0.6831095673076923 0.889599610576923 0.6785802475961538 0.8709667956730769 0.6751813269230769 0.8585400384615384 0.6729166658653847 0.8470703125000001 0.6623456778846154 0.8375146490384615 0.6510185192307693 0.8394287115384615 0.6389351850961538 0.84181640625 0.6302507716346154 0.8427734375
0 0.5553086418269231 0.91083984375 0.5609529326923077 0.92236328125 0.56478009375 0.9350390625 0.5687847211538462 0.9384912115384616 0.590451389423077 0.9334228509615384 0.6037422836538462 0.9301953125 0.6073842596153847 0.923974608173077 0.6021064807692308 0.9101464855769231 0.6033796298076923 0.8977050769230769 0.6021064807692308 0.8907910144230768 0.5946412043269231 0.8799609375 0.5838966057692307 0.859912108173077 0.5766126538461539 0.8536865240384616 0.5706057091346154 0.854150389423077 0.5640509254807692 0.8679785144230769 0.5573148149038462 0.8815722644230769 0.5538541658653846 0.891943360576923 0.5553086418269231 0.91083984375
0 0.29119598798076923 0.699365233173077 0.2828896610576923 0.6883740240384615 0.2670331778846154 0.6907666009615384 0.2564621923076923 0.69267578125 0.2289004639423077 0.6955419927884615 0.21455246875 0.6979345697115384 0.20096064903846156 0.7017578124999999 0.18434413461538462 0.7012792980769231 0.1722646610576923 0.7027099615384615 0.1620679014423077 0.7051025384615385 0.15527392067307694 0.7093994134615385 0.14583333413461538 0.7098779302884615 0.1360185192307692 0.7093994134615385 0.13110725240384616 0.7180029302884615 0.13299768509615384 0.7256494134615384 0.14356867307692306 0.7361621105769232 0.14583333413461538 0.7471533197115385 0.1488541658653846 0.7552734375000001 0.15565200721153843 0.7677001947115384 0.16848765384615383 0.7925488269230769 0.17415123557692308 0.797802735576923 0.18736496875 0.799716795673077 0.1994483028846154 0.8030615240384615 0.21039737740384615 0.8083154302884614 0.21908179086538462 0.81453125 0.22852237740384615 0.8193066418269231 0.23871527884615384 0.8130957043269231 0.24588734615384616 0.814052735576923 0.2564621923076923 0.8169189447115385 0.26854166586538464 0.8102294927884616 0.27420524759615383 0.79923828125 0.2840239206730769 0.7791699206730769 0.29006558653846154 0.7686572259615385 0.29723765384615386 0.757666016826923 0.2976157403846154 0.7504980456730769 0.29723765384615386 0.7414160144230769 0.29799382692307697 0.7347265625 0.3074305552884615 0.7309033197115385 0.31611496875 0.72947265625 0.30894290144230774 0.7184814447115385 0.30705632692307694 0.7060546875 0.2968595673076923 0.7041455072115385 0.29119598798076923 0.699365233173077
0 0.91946759375 0.5196923822115385 0.9047415120192308 0.5048779302884616 0.8926581778846153 0.49388671875 0.883973764423077 0.4886328125 0.8783101850961538 0.4871972644230769 0.8730246923076923 0.4977099615384616 0.8722723774038462 0.5029687500000001 0.8681172836538462 0.5149121105769231 0.8662307091346153 0.5278173822115385 0.8688734567307693 0.5440625 0.8726466057692307 0.5583984375 0.8835995360576923 0.5846826177884615 0.8866165120192308 0.5947167956730769 0.8915277788461539 0.6080957043269231 0.8979436730769231 0.6224316394230769 0.9081404326923077 0.6061865240384615 0.9187114206730769 0.60044921875 0.9239969134615384 0.5994921875 0.9266396610576924 0.5875488269230769 0.9338155865384615 0.5756005865384616 0.9462731490384615 0.5689111322115384 0.963263889423077 0.5665234375 0.9636419759615384 0.5617431634615385 0.9557137355769231 0.5497949206730769 0.9447646610576924 0.5411962884615384 0.9300385793269231 0.529248048076923 0.91946759375 0.5196923822115385
0 0.1706404326923077 0.43062011778846154 0.15817901201923076 0.42440918028846153 0.14798611057692307 0.4181933581730769 0.13817129567307693 0.42393066346153846 0.13061728365384614 0.4334863269230769 0.1260879639423077 0.4468652355769231 0.12231095673076922 0.4559472644230769 0.12306712980769231 0.4745849615384615 0.12344521634615384 0.4884423822115384 0.13061728365384614 0.492265625 0.13930169711538462 0.49704101682692303 0.14760802403846154 0.50564453125 0.15289351923076924 0.5108984375 0.16119984615384614 0.519501954326923 0.17290509375 0.5185449206730769 0.1755478389423077 0.5128125 0.1797029326923077 0.5018212884615385 0.1876311730769231 0.49321777403846156 0.19555941346153846 0.4865283197115385 0.1989583341346154 0.4779296875 0.2031095673076923 0.467890625 0.20500000000000002 0.4588134759615385 0.19782407451923076 0.45308105528846154 0.19178240625 0.4468652355769231 0.1857445985576923 0.44017578125 0.1706404326923077 0.43062011778846154
0 0.5896064807692307 0.1391015625 0.5886612644230769 0.14905761778846155 0.5958989206730769 0.1554296875 0.601878858173077 0.15781738221153846 0.6106867283653846 0.16220214903846156 0.6163503076923077 0.16538574278846155 0.6182368822115384 0.16180175721153847 0.6194984567307693 0.15304199278846153 0.627361110576923 0.14348144471153848 0.6317669759615385 0.13989746153846155 0.6390046298076922 0.13631347596153848 0.6355439807692308 0.13353027403846154 0.6239004639423077 0.12915038942307694 0.6157214495192308 0.12516601442307693 0.6103742283653847 0.12118164182692308 0.6075424375 0.1183984375 0.5999884254807692 0.1183984375 0.5924382716346154 0.12277831971153846 0.5899189807692308 0.13113769471153847 0.5896064807692307 0.1391015625
0 0.74517746875 0.16082519471153847 0.7339043221153846 0.16082519471153847 0.7265625 0.16281738221153846 0.7179089495192308 0.16016113221153847 0.7131905865384615 0.16281738221153846 0.7082098774038462 0.169453125 0.7024421298076924 0.17675293028846153 0.6974575624999999 0.1840527355769231 0.6964120360576923 0.1893652331730769 0.6992939807692308 0.19633300721153846 0.7068981490384616 0.2049609375 0.7121412043269231 0.21259277403846152 0.72053240625 0.22022461057692308 0.7226311730769232 0.2242089855769231 0.7210570985576923 0.23117675721153846 0.7210570985576923 0.2384765625 0.7320679014423077 0.236484375 0.7417708341346153 0.23449706971153847 0.7459645072115385 0.23217285096153845 0.7464891971153846 0.22155273317307692 0.7519945985576922 0.20761718750000002 0.7601234567307693 0.19732910096153844 0.7669405865384615 0.19202148557692308 0.7658912043269231 0.19102539182692307 0.7630092596153847 0.17907714903846153 0.7603858028846153 0.166796875 0.7543557091346155 0.16215331971153846 0.74517746875 0.16082519471153847
0 0.8164969134615384 0.05330566346153846 0.8015509254807692 0.056293944711538466 0.7931597211538463 0.05795410096153846 0.7776929014423076 0.060942382211538464 0.7653665120192308 0.07354980528846154 0.7611728389423077 0.07985351442307692 0.7564544759615385 0.09014160096153846 0.7559297836538461 0.09876953125 0.7766435192307692 0.10706543028846155 0.7834606490384615 0.10938964903846153 0.7968325625 0.11005371153846154 0.80915509375 0.10905761778846154 0.8212152788461539 0.10673339903846155 0.8327546298076923 0.10408203125 0.8421913581730769 0.1030859375 0.8495331778846154 0.10541015625 0.8655285504807692 0.10541015625 0.87365740625 0.099765625 0.8783757716346153 0.09346191346153845 0.8812615745192307 0.08151367067307692 0.8815239206730769 0.07155761778846154 0.881786264423077 0.06591796875 0.8762770072115385 0.05861816346153846 0.8576620360576922 0.052314451923076925 0.8427160504807693 0.05198242307692307 0.82803240625 0.05264648317307692 0.8164969134615384 0.05330566346153846
0 0 0.25667968750000003 0.007530865384615384 0.2509472668269231 0.029054783653846155 0.2361328125 0.032827932692307694 0.2280078125 0.04831018509615385 0.20315918028846153 0.047175925480769224 0.19408203124999998 0.04641975240384615 0.18595703125000002 0.04151234615384615 0.18309081971153846 0.025655865384615388 0.17783203125000002 0.012438271634615385 0.17400878846153847 0 0.16827636778846153 0 0.25667968750000003
0 0.7994945985576922 0.5536083990384616 0.7911921298076923 0.54724609375 0.7796103389423077 0.54171875 0.76584490625 0.5381250000000001 0.7544830240384616 0.53646484375 0.7433410504807691 0.5359082043269231 0.7208333341346154 0.5372949230769231 0.7101273149038462 0.5381250000000001 0.701388889423077 0.5356347644230769 0.6937384254807692 0.5350830072115385 0.6860918221153847 0.5378466802884615 0.682816358173077 0.54171875 0.6832523149038461 0.54890625 0.6878395072115384 0.5549902331730769 0.691554783653846 0.5585839831730769 0.6963618822115384 0.5638427740384615 0.7037924375 0.5724121081730769 0.7083796298076923 0.5804345697115385 0.7140586418269231 0.5856884759615385 0.7217091057692309 0.5879003918269231 0.7269521610576923 0.5856884759615385 0.7365663581730769 0.5823681634615384 0.7516435192307692 0.58181640625 0.7606018509615384 0.5840283197115385 0.76759259375 0.5854101562499999 0.7772067908653846 0.5881738269230768 0.7850733028846153 0.5926025384615385 0.7900964495192307 0.5981298822115385 0.7984027788461538 0.6047705072115385 0.8077970673076924 0.6075341802884615 0.8123842596153845 0.6014501947115385 0.815443673076923 0.5972998052884615 0.8215625 0.593427733173077 0.8250578701923076 0.590390625 0.8281172836538461 0.58208984375 0.8311766971153846 0.5732421875 0.815443673076923 0.5638427740384615 0.7994945985576922 0.5536083990384616
0 0.4282870360576923 0.25345703125 0.4219483028846154 0.2512402331730769 0.4140817908653846 0.25041503846153845 0.4011921298076923 0.2520703125 0.3931095673076923 0.25373046875 0.3858989206730769 0.2581542980769231 0.3740972211538462 0.27668456971153843 0.37125771634615384 0.28304199278846154 0.36863425961538465 0.28885253846153847 0.36667052403846156 0.2968701177884615 0.3657947524038461 0.30461425721153845 0.37256944471153847 0.30599609375000003 0.3819637355769231 0.30765625 0.3968209879807692 0.3104199230769231 0.40293981490384617 0.31208007692307693 0.41277392067307694 0.3032324230769231 0.4180169759615385 0.30295410096153846 0.42653935096153844 0.30544433653846154 0.4383371923076923 0.3084863269230769 0.4440162043269231 0.3134619134615385 0.44991898076923076 0.31512206971153844 0.4562538581730769 0.3118066418269231 0.4612808653846154 0.30572265625 0.4634645072115384 0.29936035096153846 0.4625887355769231 0.293828125 0.46084105048076923 0.28498046875 0.4558179014423077 0.27447265625 0.4459837956730769 0.2647949206730769 0.4363695985576923 0.25843261778846155 0.4282870360576923 0.25345703125
0 0.4354320985576923 0.49799804567307693 0.4271296298076923 0.49329589903846155 0.4172955240384616 0.49025390625000004 0.4079012355769231 0.49191406249999997 0.4030941346153846 0.49716796875 0.4020023149038462 0.509609375 0.4028742283653846 0.51625 0.4083371923076923 0.5275878894230769 0.41641975240384616 0.5353271490384615 0.42253857932692307 0.5403076177884615 0.4258179014423077 0.54583984375 0.42843749999999997 0.5527490240384615 0.4369598774038461 0.5546875 0.4441705240384615 0.5582812500000001 0.4494135793269231 0.5621533197115385 0.4520370360576923 0.559111326923077 0.4500694447115385 0.552197266826923 0.44701003125 0.5422412115384615 0.4553125 0.54611328125 0.4601195985576923 0.5455615240384616 0.4599035504807692 0.5364355456730769 0.45553240625 0.5242675793269231 0.44766589423076925 0.5140380865384615 0.4422029326923077 0.5043554687499999 0.4354320985576923 0.49799804567307693
0 0.38439814903846153 0.7267480480769231 0.3746450625 0.7319238293269231 0.36898148076923076 0.7378955072115385 0.3677237644230769 0.7494482427884616 0.3680362644230769 0.75501953125 0.3680362644230769 0.7653759759615385 0.37086805528846156 0.7749316394230769 0.37369984615384616 0.7852832043269231 0.3784220673076923 0.7924511730769231 0.39163580288461536 0.7980273437500001 0.3991859567307693 0.7968310552884615 0.40799768509615386 0.7992236322115385 0.42121142067307693 0.8063916009615385 0.4271913581730769 0.8163476562499999 0.4359992283653846 0.81953125 0.4441820985576923 0.80201171875 0.4463811730769231 0.7880712884615384 0.4470138894230769 0.7693554687499999 0.4413503076923077 0.757412110576923 0.4319097211538461 0.7510400384615384 0.42561728365384616 0.7474560552884615 0.4215277788461539 0.7378955072115385 0.4202662043269231 0.729931641826923 0.4092554014423077 0.7235595697115385 0.40044753125 0.7215722644230769 0.3891203701923077 0.7251562500000001 0.38439814903846153 0.7267480480769231
0 0.9701851850961538 0.22062988221153848 0.9616628076923077 0.21979980528846152 0.9513927475961539 0.22062988221153848 0.9437461418269231 0.21952148317307693 0.9382831778846155 0.2175878918269231 0.9328202163461538 0.2131640625 0.9286689807692308 0.2134375 0.9238618822115385 0.21952148317307693 0.9205864206730769 0.22782226442307693 0.9173070985576923 0.23500976682692307 0.9146875 0.24109375 0.9133757716346154 0.24662597596153846 0.9190547836538462 0.25381347596153847 0.9240817908653847 0.25630371153846154 0.9308564807692308 0.26017578125 0.9354436730769231 0.25934570192307693 0.9404706778846154 0.25298339903846156 0.9483333341346154 0.24717773557692307 0.9531404326923076 0.24662597596153846 0.9614429014423076 0.2524316394230769 0.96821759375 0.2560253918269231 0.9752083341346154 0.2587939447115385 0.9813271610576924 0.25906738221153847 0.9771759254807691 0.24606933653846155 0.9741165120192308 0.2377734375 0.9714969134615384 0.22533203124999998 0.9701851850961538 0.22062988221153848
0 0.8892978389423077 0.3479052740384615 0.8802391971153847 0.3522021490384616 0.8719328701923076 0.35937011778846156 0.8666435192307692 0.37036132692307694 0.8677777788461539 0.3808740240384615 0.8757060192307692 0.3885205072115384 0.8825038581730769 0.38995605528846156 0.8911882716346154 0.39282226442307694 0.8979822524038461 0.39330078125 0.9059104927884616 0.38756347596153845 0.9153510793269231 0.3775292980769231 0.9202584879807693 0.36797363221153845 0.9240354927884616 0.355546875 0.9240354927884616 0.3436035168269231 0.9225231490384616 0.3292675793269231 0.91875 0.3259228509615385 0.9115740745192308 0.33213378846153846 0.9025154326923077 0.3373876947115385 0.8949614206730769 0.3436035168269231 0.8892978389423077 0.3479052740384615
0 0.6834876538461538 0.5459765625 0.6714043221153846 0.54501953125 0.6593248461538461 0.545498048076923 0.6491280865384615 0.545498048076923 0.6396913581730769 0.5440625 0.6283641971153846 0.5478857427884616 0.6260995360576923 0.5536181634615385 0.6264737644230769 0.5631787115384616 0.6408217596153847 0.5679541009615384 0.6449768509615385 0.5708251947115385 0.6472415120192309 0.5875488269230769 0.6536612644230769 0.5990185552884616 0.6574344134615384 0.6080957043269231 0.6638541658653847 0.6119189447115384 0.6744251538461538 0.6133544927884615 0.6827314807692308 0.6171728509615384 0.6872646610576923 0.6181298822115384 0.6936805552884615 0.6128759759615384 0.7019868822115385 0.6033154302884616 0.7061419759615385 0.5899365240384615 0.7087847211538462 0.579423829326923 0.7019868822115385 0.5689111322115384 0.6906635793269231 0.5574414062499999 0.6834876538461538 0.5459765625
0 0 0.37662109374999997 0.004888117788461538 0.3780566394230769 0.014328704326923077 0.38713378846153845 0.025655865384615388 0.39287109374999996 0.03811342548076923 0.39621581971153846 0.0467978389423077 0.3976464855769231 0.05435185096153846 0.38713378846153845 0.05736882692307692 0.3770996081730769 0.05623842548076923 0.36419921875 0.054726079326923076 0.3541650384615384 0.05359567788461538 0.3398291009615385 0.05246142067307692 0.3312255865384615 0.05321759375 0.3207128894230769 0.05397376442307692 0.3102001947115385 0.060389661057692307 0.3058984375 0.06492283894230769 0.3035107427884615 0.058124999999999996 0.2996875 0.04641975240384615 0.29060546875 0.042268519230769235 0.28965331971153846 0.03396219230769231 0.28965331971153846 0.028298610576923074 0.28583007692307694 0.02263503125 0.27818359375 0.01697144951923077 0.28296386778846155 0.01206404326923077 0.28726074278846153 0.003757716346153846 0.2877392572115384 0 0.3097216802884616 0 0.34173828125 0 0.37662109374999997
0 0.17894675961538462 0.49799804567307693 0.17781249999999998 0.5046875 0.17932484615384617 0.5161572259615385 0.1797029326923077 0.5247558605769231 0.18310185096153847 0.5309716802884615 0.19253857932692306 0.533359375 0.2031095673076923 0.533359375 0.21330632692307694 0.53431640625 0.22689814903846153 0.5324023437500001 0.2355825625 0.5304931634615385 0.25295138942307693 0.5166357427884616 0.2597453701923077 0.5051660144230768 0.25936728365384615 0.4927392572115385 0.2521952163461539 0.4807958990384616 0.2457754639423077 0.4745849615384615 0.2367129639423077 0.47123535096153846 0.23067515384615384 0.46263671875 0.21972222115384615 0.4526025384615385 0.2106635793269231 0.45451171875 0.20348765384615383 0.4631152331730769 0.19593750000000001 0.47697265625 0.18913966105769228 0.4908300793269231 0.17894675961538462 0.49799804567307693
0 0.8114891971153846 0.14253418028846154 0.8130169759615384 0.14723632932692307 0.8156404326923077 0.15249023557692307 0.8171682091346154 0.15608398317307692 0.8182638894230769 0.1635546875 0.82044753125 0.167421875 0.8272222211538461 0.17212402403846155 0.8313734567307692 0.17406249999999998 0.8346489206730769 0.1671484375 0.8374922836538462 0.1594042956730769 0.8405478389423077 0.15249023557692307 0.843607252403846 0.14474609375 0.8433912043269232 0.1394921875 0.8385841057692307 0.13202636778846155 0.8300617283653846 0.125390625 0.8274382716346154 0.121796875 0.8213233028846154 0.12622070192307694 0.8158603389423077 0.13202636778846155 0.8128009254807692 0.13755859375 0.8114891971153846 0.14253418028846154
0 1 0.9376269543269231 0.9748572524038461 0.9223339855769231 0.9552237644230769 0.9118212884615384 0.9333217596153845 0.9017871105769231 0.9152006177884615 0.894619141826923 0.9023611105769231 0.88697265625 0.8868827163461539 0.874072264423077 0.8691358028846154 0.87263671875 0.8559220673076923 0.8731152331730769 0.8291165120192308 0.8707275384615384 0.8098611105769231 0.8731152331730769 0.7932445985576924 0.8783740240384615 0.781921295673077 0.8879296875 0.7728587956730769 0.8970068365384616 0.7573765432692308 0.9151660168269231 0.7468055552884615 0.9338037115384614 0.7351003076923077 0.9543505865384615 0.7245293221153847 0.9705957019230769 0.7226427475961539 0.9835009759615385 0.7188657403846155 0.9887548822115384 0.70603009375 1 1 1 1 0.9376269543269231
0 0.3108294759615384 0.757236326923077 0.2998804014423077 0.7558007812499999 0.2927083341346154 0.7696582043269231 0.28704475240384614 0.78447265625 0.28478009375 0.7945068365384615 0.2840239206730769 0.80693359375 0.28440200721153847 0.8203125 0.29346064903846153 0.8241357427884615 0.3055439807692308 0.8227001947115385 0.3225347211538461 0.8289111322115384 0.33839120432692305 0.8346484375000001 0.3497183653846154 0.8375146490384615 0.35765046394230765 0.8360791009615384 0.3614236105769231 0.8217480480769231 0.3652006177884616 0.80693359375 0.36670910576923077 0.79259765625 0.3674652788461538 0.7796923822115385 0.3693518509615385 0.7591455072115385 0.35689429086538466 0.7567578125 0.33574845673076925 0.757236326923077 0.3214004639423077 0.7577148437500001 0.3108294759615384 0.757236326923077
0 0.591211420673077 0.3754052740384616 0.5984490745192308 0.3837646490384615 0.6056828701923077 0.3917285144230769 0.6113464495192308 0.40208496153846157 0.6141782403846153 0.4132324206730769 0.6132368822115384 0.4204003894230769 0.6113464495192308 0.4327441394230769 0.6141782403846153 0.43632812499999996 0.6195293221153846 0.43632812499999996 0.6277083341346154 0.4295605480769231 0.6355748461538462 0.4152246105769231 0.6340007716346154 0.40646484374999997 0.62928240625 0.39013671875 0.6258217596153847 0.36744140625 0.62298996875 0.3598730480769231 0.6189004639423078 0.3527050793269231 0.6059992283653846 0.33956543028846153 0.5965586418269231 0.3379736322115384 0.5893248461538462 0.3431494134615385 0.5761072524038462 0.35390136778846154 0.5779976850961538 0.36106933653846157 0.5849189807692308 0.3670410168269231 0.591211420673077 0.3754052740384616
0 0.08542438221153846 0.67021484375 0.09750385817307693 0.6730859375 0.11147376442307692 0.67833984375 0.12431327163461538 0.6831201177884616 0.1360185192307692 0.6893310552884616 0.14847607932692308 0.6955419927884615 0.1579166658653846 0.6964990240384614 0.16055941346153846 0.6835986322115384 0.15829475240384616 0.6697412115384616 0.15413966105769233 0.657314454326923 0.14998842548076924 0.6434570312500001 0.14168209855769232 0.6372460937500001 0.1322415120192308 0.6343798822115385 0.1175154326923077 0.6305566418269231 0.1050578701923077 0.6267333990384615 0.08844521634615385 0.6248193365384616 0.06956404326923077 0.6205224615384615 0.07334105048076923 0.6362890625000001 0.07409722115384615 0.6448925769230769 0.07749614182692308 0.6620947259615384 0.08542438221153846 0.67021484375
0 0.6542631177884615 0.43720703125000004 0.6510030865384615 0.44821289182692303 0.6510030865384615 0.4578466802884616 0.66459490625 0.48468261778846156 0.6640509254807692 0.48950195192307694 0.661875 0.5080810552884615 0.6700308653846154 0.522529298076923 0.6814506177884615 0.5163378894230769 0.6939544759615385 0.5101464831730769 0.7070023149038461 0.5012011706730769 0.7135262355769231 0.5018896490384616 0.7167901225961538 0.5080810552884615 0.7222260793269231 0.5128955072115384 0.7309259254807692 0.5053271490384615 0.73146990625 0.49982421875 0.7195061730769231 0.47367675721153846 0.7026543221153846 0.4502783197115384 0.6944984567307693 0.43857910096153846 0.6885185192307692 0.4248193365384615 0.6847106490384616 0.4124316394230769 0.6819945985576923 0.4007324230769231 0.6754668221153846 0.3897265625 0.6656828701923078 0.39041503846153847 0.6591589495192308 0.4062402331730769 0.6591589495192308 0.42344238221153846 0.6542631177884615 0.43720703125000004
0 0.1360185192307692 0.564130858173077 0.12809027884615384 0.5789453125 0.12015817788461539 0.5990185552884616 0.12771219230769232 0.6080957043269231 0.14998842548076924 0.6009277355769231 0.1620679014423077 0.5999707043269231 0.18321373557692308 0.5899365240384615 0.18736496875 0.5818115240384615 0.17150848798076923 0.5665234375 0.15376157451923078 0.5588769519230768 0.14432484615384616 0.55314453125 0.1360185192307692 0.564130858173077
0 0.8663464495192308 0.19589843750000002 0.8643672836538462 0.19439941346153844 0.8564583341346155 0.20040527403846153 0.850131173076923 0.20791503846153844 0.8438001538461539 0.21592285096153846 0.8418248461538462 0.2204296875 0.84142746875 0.22693847596153846 0.8489429014423078 0.23244140625 0.8576466057692307 0.23294433653846153 0.8647646610576923 0.21942871153846152 0.8714891971153846 0.21091796875 0.8742592596153845 0.20391113221153848 0.8663464495192308 0.19589843750000002
0 0.9644328701923077 0.2986816418269231 0.9504629639423077 0.29772949278846156 0.94178240625 0.29677246153846154 0.9308294759615384 0.29772949278846156 0.9274344134615385 0.30441894471153846 0.9255439807692307 0.31349609375000004 0.9259220673076923 0.32400878846153847 0.9330979927884615 0.33069824278846155 0.9429128076923077 0.3383447259615385 0.9512191346153845 0.3436035168269231 0.9648109567307692 0.35315918028846155 0.9727430552884615 0.3517236322115384 0.9810493822115384 0.3488574206730769 0.9901080240384614 0.3498144519230769 1 0.34408203125000003 0.9984143509615385 0.30728515624999997 0.9935069447115384 0.30298339903846155 0.9870871923076923 0.3001171875 0.97236496875 0.30059570432692306 0.9644328701923077 0.2986816418269231
0 0.29787808653846154 0.20220214903846154 0.2861766971153846 0.19312500000000002 0.28051311778846155 0.185 0.2691859567307692 0.17400878846153847 0.2608796298076923 0.16779785096153846 0.24917438221153845 0.15967285096153847 0.2348263894230769 0.15250488221153846 0.22387731490384616 0.14629394471153845 0.21821373557692308 0.14963867067307693 0.20877314903846156 0.16015136778846153 0.2019791658653846 0.17544433653846153 0.19707175961538462 0.18691406249999998 0.19216049278846153 0.19790527403846153 0.18347607932692306 0.20937011778846154 0.18272376442307692 0.21797363221153845 0.18196759375000002 0.23135253846153844 0.1948032403846154 0.24234375 0.21028549278846154 0.24664550721153844 0.22047839423076926 0.25189941346153844 0.23067515384615384 0.25142578125 0.24501929086538463 0.24043456971153845 0.25823688221153845 0.23421875 0.2661651225961539 0.23374511778846155 0.2865547836538461 0.24473144471153846 0.2948611105769231 0.25524413942307694 0.3001466057692308 0.26958007932692307 0.3058101850961539 0.28057128846153845 0.3167592596153846 0.29347656250000004 0.32581790144230766 0.29108398317307693 0.3314814807692308 0.2800927740384615 0.3326157403846154 0.27005859375 0.32997299278846154 0.25811523557692306 0.32544367307692307 0.25046874999999996 0.32053240624999996 0.24616699278846152 0.30958333413461536 0.24138671875 0.3042978389423077 0.23421875 0.3012770072115385 0.22562011778846153 0.30165509375 0.21271484375 0.29787808653846154 0.20220214903846154
0 0.3319753076923077 0.5994921875 0.3293325625 0.6061865240384615 0.3281983028846154 0.6157421875 0.3312191346153846 0.6319873052884616 0.33990355048076926 0.6439355456730769 0.3497183653846154 0.6544482427884616 0.3644444447115385 0.6601806634615385 0.37652777884615385 0.6640039062499999 0.3844560192307692 0.663525391826923 0.3867206778846154 0.6487158197115386 0.38634259374999996 0.6276904302884615 0.3844560192307692 0.6061865240384615 0.3825694447115385 0.5923242187500001 0.3799266971153846 0.5803808581730769 0.36708719230769227 0.5837255865384615 0.35613811778846155 0.5918505865384616 0.3440547836538462 0.5966259759615384 0.3319753076923077 0.5994921875
0 0.7826736105769231 0.5921337884615384 0.7773881177884616 0.5864013677884615 0.7566242283653846 0.584013670673077 0.7456712956730769 0.582099610576923 0.7324575624999999 0.5849658197115384 0.7245293221153847 0.5926123052884615 0.7109375 0.61650390625 0.7022530865384616 0.6289306634615385 0.6988541658653846 0.6370556634615384 0.6977237644230769 0.6504345697115385 0.7014969134615385 0.6666796875000001 0.7094251538461538 0.6853173822115385 0.7218865745192308 0.6986962884615384 0.7279282403846155 0.6929638677884615 0.7418981490384616 0.6958300769230769 0.7528472211538462 0.6953515625000001 0.7671952163461538 0.6939208990384615 0.7804089495192308 0.6982177740384615 0.7898495360576923 0.7020410144230769 0.7955131177884615 0.7077783197115385 0.8064621923076923 0.7058642572115384 0.8106134254807693 0.6934423822115385 0.817411264423077 0.6776708990384616 0.8272260793269232 0.6623828125 0.8344020072115386 0.6518652331730769 0.8385532403846153 0.63896484375 0.831381173076923 0.626064454326923 0.8196759254807693 0.6155517572115384 0.8049498461538461 0.6069482427884615 0.7940007716346155 0.60408203125 0.7826736105769231 0.5921337884615384
0 1 0.6558837884615384 0.9908256177884615 0.6405908197115384 0.978746141826923 0.6190869134615385 0.9708140432692307 0.6037939447115385 0.9647762355769232 0.59423828125 0.9470293221153846 0.5951953125 0.9304166658653846 0.5947167956730769 0.9183333341346154 0.60044921875 0.9119135793269231 0.6052294927884615 0.9043634254807693 0.6114404302884615 0.8949266971153846 0.6243408197115384 0.89228009375 0.6372460937500001 0.8960570985576923 0.6477587884615384 0.91040509375 0.6649609375 0.9270177475961539 0.6726074230769231 0.9579783942307691 0.6855078124999999 0.9749691346153846 0.6950634759615385 0.99044753125 0.699365233173077 1 0.6831201177884616 1 0.6558837884615384
0 0.12495370432692308 0.3809228509615385 0.11664737740384615 0.3680224615384615 0.10003472115384615 0.36133300721153844 0.09097222115384616 0.35941894471153846 0.07738040144230769 0.3608544927884615 0.06530092548076924 0.36706543028846156 0.05774691346153846 0.37662109374999997 0.05208333413461538 0.38809081971153847 0.048688271634615386 0.40290527403846155 0.055482252403846154 0.4191503894230769 0.06530092548076924 0.43062011778846154 0.07662808653846154 0.43922363221153843 0.08606481490384615 0.44638671875 0.1004128076923077 0.45068847596153844 0.11438271634615385 0.45546875 0.12344521634615384 0.4526025384615385 0.1279745360576923 0.44543456971153844 0.13175154326923078 0.43730956971153845 0.1351504639423077 0.4296630865384615 0.13967978365384615 0.4220166009615385 0.13175154326923078 0.414375 0.12986496875 0.4043359375 0.12910879567307693 0.39334472596153847 0.12495370432692308 0.3809228509615385
0 0.7912307091346154 0.48990234374999997 0.7821682091346154 0.48474121153846156 0.77446759375 0.4813037115384615 0.7681250000000001 0.4939160168269231 0.7658564807692307 0.4979296875 0.7626851850961539 0.4962109375 0.7631404326923078 0.5151318365384616 0.7640470673076922 0.5225878894230769 0.7663117283653846 0.5306152355769231 0.7762770072115385 0.5369238269230769 0.7876041658653846 0.5438037115384615 0.7962152788461538 0.5501123052884616 0.8093518509615384 0.5518310552884615 0.8102584879807692 0.5438037115384615 0.8116203701923077 0.5334814447115385 0.8161496923076924 0.5243066394230769 0.8184143509615385 0.5134130865384615 0.8125231490384616 0.5071044927884615 0.8061805552884616 0.4979296875 0.7989313269230769 0.49506347596153844 0.7912307091346154 0.48990234374999997
0 1 0.5612646490384615 0.9893171298076923 0.55935546875 0.9738348774038462 0.5627001947115384 0.95986496875 0.56556640625 0.9489158942307692 0.56748046875 0.9364583341346153 0.5722558581730769 0.927773920673077 0.5789453125 0.923618826923077 0.59328125 0.9247530865384616 0.5980615240384616 0.939101079326923 0.5971044927884616 0.95646990625 0.595673829326923 0.9696836418269231 0.5971044927884616 0.9753472211538461 0.6104833990384615 0.9893171298076923 0.6415478509615385 0.9964891971153846 0.64966796875 1 0.6582714831730769 1 0.6267333990384615 1 0.5612646490384615
0 0.5732445985576923 0.19206543028846154 0.5792245360576923 0.19803710817307693 0.5848881177884615 0.19963378846153848 0.5889776225961538 0.2040136706730769 0.5902353389423077 0.20799316346153846 0.5977854927884615 0.20480956971153846 0.6031365745192308 0.20600097596153846 0.6116319447115385 0.21038574278846156 0.6138348774038461 0.21755371153846154 0.6132021610576923 0.22949706971153847 0.62138503125 0.22472168028846154 0.6267322524038461 0.21396972596153846 0.6317669759615385 0.20082519471153845 0.6327121923076924 0.18927734375 0.6298804014423076 0.18250976442307693 0.6198109567307692 0.17534179807692307 0.6103742283653847 0.16578125000000002 0.601246141826923 0.16020996153846154 0.5943248461538462 0.15662597596153846 0.581423610576923 0.15025390625 0.5789081778846155 0.15901367067307692 0.5776504639423077 0.16578125000000002 0.5760763894230769 0.17932128846153847 0.5732445985576923 0.19206543028846154
0 0.9699768509615385 0.13933105528846154 0.9683950625000001 0.12531738221153846 0.9616705240384615 0.11330078125 0.945848764423077 0.10729492067307692 0.9387307091346154 0.10779296875000001 0.9327970673076924 0.11330078125 0.9264660504807692 0.11830566346153847 0.920138889423077 0.12331543028846154 0.9197453701923077 0.12381347596153845 0.9229089495192307 0.12932128846153848 0.9323688269230769 0.13779296875 0.9519675937500001 0.14536132692307693 0.9676041658653846 0.14834472596153844 0.9699768509615385 0.13933105528846154
0 0.04256172836538462 1 0.05706018509615385 0.990390625 0.08469907451923077 0.96171875 0.10689814903846154 0.9445166009615384 0.10916666586538462 0.9244482427884615 0.0942129639423077 0.9169921875 0.07155864182692308 0.9152734375 0.06567129567307692 0.92673828125 0.04861111057692307 0.94970703125 0.028935185096153844 0.982421875 0.012206790865384617 1 0.04256172836538462 1
0 0.5388464495192308 0.44650390624999997 0.5421219134615385 0.45701171874999996 0.5416859567307692 0.47111816346153845 0.5423418221153846 0.4772021490384616 0.545181326923077 0.5015380865384615 0.5443094134615385 0.5106640625 0.5445254639423077 0.5181298822115384 0.5449652788461539 0.53001953125 0.5462770072115385 0.5330615240384615 0.5493325625 0.5344433605769231 0.5545794759615384 0.5352734375 0.5604783942307692 0.5416357427884615 0.562006173076923 0.5302978509615385 0.5650655865384615 0.5164697259615385 0.5724961418269231 0.5054101562500001 0.5897569447115385 0.4802441418269231 0.5945640432692307 0.45729003846153843 0.5923804014423077 0.45314453125000004 0.5851697524038462 0.44429199278846154 0.574023920673077 0.4329541009615384 0.5585108028846154 0.4246582043269231 0.5486805552884616 0.4257666009615385 0.5419058653846154 0.4299121081730769 0.5309799374999999 0.43378418028846155 0.5344753076923077 0.4368261706730769 0.5375347211538462 0.43903808653846155 0.5388464495192308 0.44650390624999997
0 0.6392515432692308 0.056958007211538465 0.6311226850961538 0.05198242307692307 0.6243055552884615 0.05330566346153846 0.6153896610576923 0.06127441346153846 0.6122453701923077 0.06525390625 0.6077854927884615 0.07089355528846154 0.6030671298076923 0.07919433653846154 0.6009683653846154 0.08549804567307692 0.5991358028846154 0.09512206971153846 0.5970370360576923 0.10474609375 0.6028047836538462 0.11702148317307692 0.6098842596153846 0.11901367067307692 0.6180131177884616 0.12398925721153847 0.6290239206730769 0.12996581971153848 0.6342708341346154 0.13328125 0.6429205240384616 0.134609375 0.6486882716346154 0.13361328125 0.6618016971153846 0.134609375 0.6654706778846153 0.134609375 0.6754359567307693 0.12963378846153845 0.6814660504807691 0.12863769471153846 0.6882831778846155 0.12664550721153847 0.6914274687499999 0.12332519471153845 0.6846103389423077 0.11668945192307692 0.676743826923077 0.11138183653846154 0.6694020072115384 0.10109375 0.6652083341346154 0.09379394471153847 0.6644212956730768 0.08450195432692308 0.6570794759615384 0.07056640625 0.6523611105769231 0.06658203125 0.6458063269230769 0.0629296875 0.6392515432692308 0.056958007211538465
0 0.41390432211538464 0.8102783197115385 0.4029552475961538 0.8021533197115385 0.39238425961538465 0.7997656249999999 0.3791705240384615 0.8078857427884615 0.36972993750000005 0.8160107427884615 0.3663310192307693 0.827001954326923 0.36482253125 0.8442041009615384 0.36368827163461537 0.8575830072115385 0.3644444447115385 0.8695312500000001 0.3663310192307693 0.8843457019230769 0.36670910576923077 0.8939013677884616 0.37048611057692304 0.8967675793269231 0.3791705240384615 0.8986816394230769 0.38596450721153847 0.9020263677884616 0.39804783894230766 0.9111035168269231 0.4048456778846154 0.9154052740384616 0.41579475240384617 0.9072802740384615 0.42145833413461536 0.8962890625 0.4263657403846154 0.8752636730769231 0.42900848798076924 0.8604541009615385 0.42372299278846154 0.8523291009615386 0.41919367307692307 0.832734375 0.4173032403846154 0.8183984375000001 0.41390432211538464 0.8102783197115385
0 0.5219907403846153 0.41602050721153844 0.5131790120192308 0.4128369134615385 0.5021682091346154 0.41204101682692307 0.4924151225961539 0.4132324206730769 0.48234567788461535 0.415625 0.47164737740384616 0.4192089855769231 0.46032021634615383 0.42438476442307693 0.4502546298076923 0.4295605480769231 0.4445910504807692 0.43354492067307693 0.44553240624999996 0.4423046875 0.4493094134615384 0.44748046874999997 0.4511959879807692 0.4546484375 0.4508834879807692 0.45982421875 0.4543441346153846 0.47097656250000003 0.4584336418269231 0.4646044927884615 0.4634683653846154 0.4574365240384616 0.4691319447115384 0.4518603509615385 0.4760532403846154 0.4478808581730769 0.4880092596153846 0.4427001947115385 0.4949305552884615 0.4403125 0.5062577163461538 0.4375244134615385 0.5134953701923076 0.43593261778846154 0.5229359567307692 0.43434081971153843 0.5298572524038462 0.43354492067307693 0.53709490625 0.43075683653846153 0.5427584879807692 0.4283642572115385 0.5550270072115384 0.42438476442307693 0.5682407403846154 0.42876464903846156 0.5732754639423077 0.43075683653846153 0.571388889423077 0.42717285096153845 0.5540817908653847 0.42159668028846153 0.5411844134615384 0.42080078125 0.5314313269230769 0.4192089855769231 0.5219907403846153 0.41602050721153844
0 0.545273920673077 0.38535644471153846 0.5418132716346153 0.39133300721153846 0.5440162043269231 0.39889648557692303 0.5474768509615384 0.40367675721153845 0.5518827163461538 0.40327636778846154 0.5575462956730769 0.40845703125 0.5600617283653846 0.4112451177884615 0.5663541658653846 0.4172167956730769 0.5698148149038461 0.4235888677884615 0.5754783942307692 0.42717285096153845 0.5827160504807692 0.42796875 0.5880632716346154 0.4283642572115385 0.596875 0.43234863221153846 0.6012808653846153 0.4339404302884615 0.6094598774038462 0.4295605480769231 0.6144945985576923 0.4172167956730769 0.6138657403846154 0.40566894471153847 0.6053703701923077 0.3917285144230769 0.5956172836538461 0.3789892572115384 0.5776813269230769 0.35788086057692303 0.5723341057692308 0.35429687499999996 0.5663541658653846 0.35947265625 0.5584876538461538 0.3670410168269231 0.5531404326923077 0.37580078125 0.545273920673077 0.38535644471153846
0 0.6581983028846154 0.15423339903846156 0.6519058653846154 0.16896972596153845 0.6462422836538462 0.18529785096153845 0.6427816346153846 0.20162109375 0.6443518509615385 0.21038574278846156 0.6490740745192307 0.2040136706730769 0.6585108028846154 0.20122558653846154 0.6717283942307692 0.19604980528846155 0.680223764423077 0.19564941346153847 0.6890316346153846 0.19525390625 0.6981558653846154 0.1968457019230769 0.6975270072115385 0.19206543028846154 0.6978433653846154 0.18609375 0.6984722211538461 0.17932128846153847 0.6965817908653846 0.1693652355769231 0.6921797836538462 0.16498535096153846 0.6871450625000001 0.15941406249999998 0.6861998461538461 0.1534375 0.6865162043269231 0.1466699230769231 0.6855709879807693 0.13950195192307693 0.6777044759615385 0.13472168028846154 0.6717283942307692 0.13233398317307693 0.6622878076923077 0.14626953125 0.6581983028846154 0.15423339903846156
0 0.5943441346153846 0.4556298822115385 0.5945640432692307 0.4617138677884615 0.5936882716346153 0.46945800721153846 0.5917245360576924 0.4769238293269231 0.5884452163461538 0.4843896490384615 0.5821759254807692 0.49169921875 0.5740740745192308 0.50244140625 0.565586420673077 0.51513671875 0.5637538581730769 0.527255858173077 0.5617901225961538 0.5408056634615385 0.5714043221153846 0.5416357427884615 0.5818904326923077 0.5399755865384616 0.6013387355769231 0.53859375 0.6116049375 0.537763670673077 0.6168518509615384 0.535 0.621875 0.530849610576923 0.6244984567307692 0.524765625 0.6290856490384615 0.5189599615384616 0.6369521610576924 0.517021483173077 0.6513734567307693 0.5192333990384616 0.6596759254807693 0.5172998052884615 0.6662307091346154 0.49711425721153846 0.665358795673077 0.48217773557692306 0.6585841057692308 0.47111816346153845 0.6504976850961538 0.458671875 0.6421952163461538 0.44650390624999997 0.6352044759615385 0.4384863293269231 0.6234066346153846 0.4384863293269231 0.61357253125 0.43793456971153844 0.6030864206730769 0.4362744134615385 0.5919405865384616 0.43185058653846153 0.5832021610576923 0.42742675721153844 0.5709645072115385 0.42908203125 0.5788310192307692 0.4384863293269231 0.5862615745192308 0.44512206971153845 0.5943441346153846 0.4556298822115385
0 0.6769174375 0.8306982427884615 0.6721103389423077 0.8359521490384616 0.6699228389423078 0.8409326177884615 0.670798610576923 0.8456298822115385 0.6749498461538461 0.851162110576923 0.6756057091346155 0.8572460937499999 0.6773533942307692 0.8644384759615384 0.6819405865384615 0.8760498052884615 0.6867476850961538 0.8840722668269231 0.6928665120192308 0.8898779302884615 0.7046643509615385 0.89181640625 0.7149344134615384 0.89208984375 0.7319791658653846 0.8940283197115384 0.7350347211538462 0.8862841802884615 0.7321952163461538 0.8735644519230769 0.724548610576923 0.8483984375 0.7173379639423078 0.8423144519230769 0.7051003076923077 0.8342919927884616 0.6998572524038462 0.82931640625 0.6913348774038461 0.8229541009615384 0.6867476850961538 0.8218505865384615 0.6810686730769231 0.8246142572115385 0.6769174375 0.8306982427884615
0 0.4179822524038462 0.048432617788461536 0.4103356490384616 0.048203125 0.40505401201923075 0.04705078125 0.39304012259615384 0.05442382932692307 0.3886689807692308 0.05880371153846154 0.3842978389423077 0.06571777403846155 0.38247685096153844 0.07102050721153846 0.3839351850961539 0.07954589903846153 0.3842978389423077 0.08553711057692308 0.3879398149038461 0.09198730528846154 0.39504243749999995 0.09383300721153846 0.4023263894230769 0.08830078125 0.41051697596153847 0.08599609375 0.4190779326923077 0.08369140624999999 0.42726851923076925 0.07954589903846153 0.4334606490384615 0.07747070192307692 0.43655478365384615 0.07401367307692308 0.4349189807692308 0.06479492067307692 0.4312770072115385 0.05626953125 0.42726851923076925 0.050737305288461536 0.4179822524038462 0.048432617788461536
0 0.45915894951923075 0.03819824278846154 0.44751543269230765 0.042578124999999994 0.43902006250000003 0.05452148317307692 0.43430169711538463 0.05730956971153846 0.43713348798076923 0.0652734375 0.4434259254807692 0.07363769471153846 0.4500308653846154 0.07363769471153846 0.4601003076923077 0.07125000000000001 0.47142746874999997 0.07044921875 0.49093749999999997 0.07323730528846153 0.49880015384615384 0.06806152403846154 0.5006905865384615 0.06168945432692308 0.4984876538461539 0.054921875 0.4918788581730769 0.050937500000000004 0.47897762259615384 0.04616210817307693 0.4676543221153846 0.04178222596153846 0.45915894951923075 0.03819824278846154
0 0.18997299278846155 0 0.18091049278846152 0.0049951177884615386 0.1726041658653846 0.01741699278846154 0.1726041658653846 0.03031738221153846 0.18091049278846152 0.03796386778846154 0.1880825625 0.04274413942307693 0.2009220673076923 0.04083007692307693 0.2179128076923077 0.034140625 0.22772762259615384 0.028886718750000002 0.22923996875 0.01598144471153846 0.21564429086538464 0 0.2073379639423077 0 0.18997299278846155 0
0 0.7134529326923077 0.24511230528846153 0.711878858173077 0.2620410144230769 0.7095216057692307 0.273984375 0.7045370360576922 0.28991210817307694 0.7013927475961539 0.30252441346153847 0.7011304014423078 0.30849609375 0.7074228389423076 0.3177880865384616 0.711878858173077 0.3244238269230769 0.7179089495192308 0.32641601442307694 0.7315432091346155 0.3310644543269231 0.741246141826923 0.3390283197115384 0.7504243822115384 0.346328125 0.7672029326923078 0.3562841802884616 0.7745447524038462 0.3609277355769231 0.7921141971153846 0.3652441418269231 0.8010262355769231 0.36125976682692307 0.8073186730769231 0.35063964903846156 0.8099421298076923 0.3403564447115385 0.8102044759615384 0.3300683581730769 0.8086304014423077 0.31513183653846155 0.8044367283653846 0.30451660096153843 0.794996141826923 0.29522461057692306 0.7887037043269232 0.27763671875 0.7845100312500001 0.2666845697115385 0.7761188269230769 0.25805663942307694 0.7724459879807692 0.24776855528846153 0.7708757716346154 0.2424609375 0.7624845673076923 0.236484375 0.7467515432692308 0.23150878846153844 0.7304976850961539 0.23449706971153847 0.7194830240384615 0.23880859375 0.7134529326923077 0.24511230528846153
0 0.5381250000000001 1 0.5158487644230769 0.9846923822115384 0.49621527884615385 0.96796875 0.4822453701923077 0.9536328125 0.4622337956730769 0.9397753918269232 0.44486496875000003 0.9349999999999999 0.43316357932692306 0.94216796875 0.42485725240384614 0.9569775384615385 0.41843749999999996 0.9651025384615385 0.4029552475961538 0.9713134759615384 0.3889853389423077 0.9756152331730769 0.3844560192307692 0.9846923822115384 0.38181327163461537 0.9937744134615384 0.3814351850961539 0.9980761706730769 0.5293209879807692 1 0.5381250000000001 1
0 0.8825000000000001 0.05017089903846154 0.8772569447115385 0.056254882211538466 0.8787885793269231 0.06150878846153846 0.8818441346153846 0.06399902403846154 0.8818441346153846 0.0698046875 0.8798804014423076 0.07671875 0.88446759375 0.08003906250000001 0.89080246875 0.08197265625 0.8997608028846155 0.08612304807692307 0.9015123461538461 0.08639648317307692 0.9060995360576923 0.08086913942307693 0.9104706778846154 0.08003906250000001 0.9183333341346154 0.08225097596153846 0.9205208341346154 0.08225097596153846 0.923796295673077 0.07616699278846153 0.923796295673077 0.06731933653846153 0.9240162043269231 0.060405274038461534 0.9240162043269231 0.05542480528846154 0.9203009254807692 0.050449218750000004 0.9178973774038461 0.04602539182692308 0.9106867283653847 0.04325683653846154 0.9002006177884615 0.04215331971153846 0.8897106490384614 0.044086913461538466 0.8825000000000001 0.05017089903846154
0 0.9893557091346155 0.44968749999999996 0.9938850312499999 0.44873046875 0.9942631177884615 0.43869628846153846 0.9885995360576924 0.42436035096153846 0.9825578701923077 0.4124121081730769 0.9787808653846154 0.4033349615384615 0.9708526225961538 0.3990332043269231 0.9599035504807693 0.40094726442307693 0.9534837956730768 0.40572265625 0.9481983028846154 0.4109814447115384 0.9497106490384616 0.42292480528846155 0.9531095673076924 0.43248535096153845 0.956882716346154 0.44395019471153846 0.9572608028846153 0.4492089831730769 0.9565046298076924 0.4597216802884615 0.9602816346153846 0.47023437500000004 0.9697222211538462 0.46879882932692307 0.9776504639423076 0.4645019519230769 0.9818016971153847 0.4578076177884615 0.9893557091346155 0.44968749999999996
0 0.30969907451923073 0.8633203125000001 0.28704475240384614 0.8790869134615384 0.26665509374999996 0.9010693365384616 0.25155092548076924 0.9154052740384616 0.23833719230769232 0.926875 0.21719521634615385 0.9455126947115384 0.20284722115384615 0.9579345697115385 0.19378472115384618 0.96796875 0.20020447596153845 0.97609375 0.21228394951923077 0.9813476562500001 0.22625385817307692 0.9756152331730769 0.23493827163461536 0.9780029302884615 0.24437885817307692 0.9803955072115385 0.2553279326923077 0.9756152331730769 0.2692978389423077 0.96796875 0.2810030865384615 0.9584130865384615 0.2904436730769231 0.9526806634615385 0.3021450625 0.9550683605769231 0.3149845673076923 0.9631933581730769 0.3176273149038461 0.9560253918269231 0.3168711418269231 0.9383447259615385 0.3157407403846154 0.9235302740384616 0.31385030769230765 0.9115820312499999 0.31158564903846153 0.9015478509615384 0.3108294759615384 0.8939013677884616 0.3168711418269231 0.889599610576923 0.3259336418269231 0.889599610576923 0.3417901225961538 0.8929443365384616 0.35085262259615385 0.8958154302884616 0.35576003125 0.8953369134615384 0.3534953701923077 0.8843457019230769 0.3429243822115385 0.8676220697115385 0.3304629639423077 0.8571093750000001 0.30969907451923073 0.8633203125000001
0 0.4735146610576923 0.4769238293269231 0.4857523149038461 0.4802441418269231 0.5047608028846153 0.48798828125000004 0.5185262355769231 0.4926855480769231 0.5191820985576923 0.4995996105769231 0.5137191346153845 0.51619140625 0.5078202163461538 0.535 0.5082561730769231 0.54025390625 0.5165586418269231 0.5341699206730769 0.5248611105769231 0.5297412115384615 0.5311998461538462 0.5280859375 0.5458371923076923 0.5325097644230768 0.5449652788461539 0.5211718750000001 0.5440895072115385 0.5078955072115384 0.5425617283653846 0.4857763677884615 0.54125 0.4614404302884615 0.5395023149038461 0.4437402331730769 0.5364429014423077 0.43737793028846156 0.5322916658653847 0.4351660168269231 0.5152469134615385 0.4348925769230769 0.5041049375 0.4384863293269231 0.49077546394230764 0.4404199206730769 0.4713310192307692 0.4489941418269231 0.46455632692307697 0.45756836057692307 0.45385030769230766 0.4677978509615385 0.45385030769230766 0.47028808653846155 0.46280864182692305 0.47443359375 0.4735146610576923 0.4769238293269231
0 0 0.5089892572115384 0.010929783653846153 0.5089892572115384 0.017727622596153847 0.5094677740384616 0.02452160576923077 0.5065966802884615 0.028298610576923074 0.5042089831730769 0.040381944711538456 0.5042089831730769 0.04528935096153846 0.5027783197115384 0.04641975240384615 0.49895507932692307 0.04944058653846154 0.49321777403846156 0.05850308653846154 0.4941748052884615 0.06869598798076923 0.49990722596153847 0.07549382692307692 0.5075537115384615 0.08493441346153846 0.50564453125 0.0955054014423077 0.5046875 0.10569830288461539 0.5018212884615385 0.11211805528846154 0.49799804567307693 0.11702546394230769 0.49561035096153844 0.12420138942307692 0.4884423822115384 0.12382330288461539 0.4836621105769231 0.1219328701923077 0.476015625 0.12268904326923077 0.4549902331730769 0.11476080288461538 0.45546875 0.1045679014423077 0.45308105528846154 0.09701388942307693 0.45116699278846156 0.09135030769230769 0.44782226442307693 0.07738040144230769 0.43826660096153847 0.06756558653846154 0.4315771490384615 0.062280093749999994 0.426796875 0.05586033894230769 0.41628418028846154 0.04981867307692308 0.40863769471153844 0.0490625 0.40051269471153844 0.04264660576923077 0.39669433653846153 0.033206019230769226 0.39430175721153843 0.019614197115384615 0.38856933653846154 0.008287036057692309 0.3842675769230769 0 0.37900878846153846 0 0.46502441346153844 0 0.5042089831730769 0 0.5089892572115384
0 0.5078047836538462 0.541962891826923 0.49798996875 0.5510400384615385 0.48930555528846154 0.566806639423077 0.49119212980769233 0.5835351562500001 0.5028973774038461 0.5993017572115384 0.5130941346153846 0.609814454326923 0.5206442908653846 0.6212841802884616 0.5300848774038461 0.6351416009615385 0.5406558653846154 0.6427880865384614 0.5516049375000001 0.6365771490384616 0.5599112644230769 0.6337109375 0.5689737644230769 0.6313183605769231 0.5799228389423077 0.6279736322115385 0.5874729927884615 0.6274951177884615 0.5942708341346153 0.6212841802884616 0.5923804014423077 0.61029296875 0.5855864206730769 0.5983496105769232 0.5799228389423077 0.5854443365384616 0.5735030865384615 0.5720654302884616 0.56821759375 0.5610742187500001 0.5640625 0.5500830072115385 0.5565123461538461 0.5376611322115384 0.5425424375 0.532880858173077 0.5304591057692307 0.5304931634615385 0.5191319447115385 0.5338378894230769 0.5078047836538462 0.541962891826923
0 0.8549922836538462 0.2709863269230769 0.8501851850961538 0.2812207043269231 0.8410069447115384 0.2936621081730769 0.8311766971153846 0.3041699230769231 0.8265856490384615 0.3072119134615385 0.8185030865384615 0.3108105480769231 0.8176273149038462 0.31689453125 0.817411264423077 0.32519043028846156 0.8193750000000001 0.33431640625000003 0.8320486105769231 0.33791015625000004 0.8392592596153846 0.3428857427884615 0.8477816346153847 0.3489697259615384 0.8517129639423077 0.3511816418269231 0.8613271610576922 0.34509765625 0.8746566346153847 0.3334863269230769 0.8818672836538461 0.3293359375 0.8877662043269231 0.32408203125 0.8890779326923077 0.31274413942307694 0.8882021610576923 0.30168456971153845 0.8871103389423076 0.2908984375 0.8862384254807693 0.28232421875 0.8772800937499999 0.27485839903846154 0.869413579326923 0.2729248052884615 0.8597993822115384 0.2707128894230769 0.8549922836538462 0.2709863269230769
0 0.3186226850961538 0.07760253846153847 0.30988040144230766 0.08092285096153845 0.2993942908653846 0.08203125 0.2943672836538461 0.08341308653846154 0.2878125 0.09806640625 0.28191357932692307 0.10940429807692308 0.27688657451923077 0.12295898317307692 0.27339120432692304 0.1406542980769231 0.27295524759615386 0.14978027403846153 0.2773263894230769 0.15116210817307693 0.2854089495192308 0.15420410096153844 0.2934953701923077 0.16028808653846155 0.29764660576923074 0.16886230528846152 0.3013618822115384 0.17854003846153846 0.3076967596153847 0.18296386778846155 0.3214621923076923 0.18296386778846155 0.3389429014423077 0.18158203125 0.3557677475961538 0.17937011778846154 0.35817129567307693 0.1771582019230769 0.3596990745192308 0.17024413942307692 0.37084105048076926 0.16194824278846154 0.3743402788461539 0.15890625 0.3769598774038462 0.15476074278846155 0.3728086418269231 0.14259277403846154 0.3712808653846154 0.13014648557692307 0.3739004639423077 0.11936035096153846 0.37783564903846156 0.1099609375 0.3714969134615385 0.10193847596153846 0.3666898149038461 0.09281249999999999 0.3651620360576923 0.08617675721153846 0.36232253124999997 0.08092285096153845 0.34527777884615385 0.08534668028846154 0.33522762259615385 0.08589843750000001 0.3284529326923077 0.08092285096153845 0.3186226850961538 0.07760253846153847
0 0.9078703701923078 0.816318358173077 0.8982561730769232 0.8121728509615385 0.8921373461538462 0.8121728509615385 0.8829591057692308 0.8168701177884615 0.8757484567307692 0.8232324230769231 0.8663541658653846 0.82931640625 0.8593634254807692 0.8459082019230769 0.8560841057692308 0.8542041009615384 0.8552121923076924 0.8622265625 0.8534645072115384 0.8705224615384615 0.8632947524038461 0.8741162115384615 0.8742206778846153 0.8735644519230769 0.8833989206730769 0.8741162115384615 0.8888580240384615 0.8760498052884615 0.8982561730769232 0.8832421874999999 0.9037191346153846 0.8871142572115385 0.9203240745192307 0.8962402355769231 0.9334336418269231 0.9012158197115384 0.9397685192307693 0.9039794927884616 0.9404243822115385 0.89734375 0.9434837956730769 0.883515625 0.9454513894230769 0.8779882812500001 0.9511304014423078 0.8732861322115385 0.9574691346153846 0.8738378894230769 0.9635879639423077 0.8757763677884616 0.9672993822115384 0.8702441418269231 0.9699228389423078 0.8611181634615386 0.9688310192307692 0.8542041009615384 0.9627121923076923 0.8445263677884616 0.9511304014423078 0.8342919927884616 0.9380208341346153 0.82765625 0.9198881177884615 0.8201904302884616 0.9078703701923078 0.816318358173077
0 0.49795524759615384 0.886181641826923 0.49048996875 0.88802734375 0.48611882692307695 0.8778857427884615 0.4808371923076923 0.8668261730769231 0.47555941346153846 0.8668261730769231 0.4704591057692307 0.8744287115384615 0.4690046298076923 0.8889453125 0.46754629567307693 0.8954003894230769 0.4660879639423077 0.90392578125 0.4679089495192308 0.9131445312500001 0.4802932091346154 0.9258203125000001 0.4893981490384615 0.933193360576923 0.504691358173077 0.9440234375000001 0.5119753076923077 0.9481738293269231 0.5303665120192307 0.9599267572115384 0.5389236105769231 0.9548535168269231 0.5520331778846154 0.9437939447115385 0.5549459879807692 0.9341162115384616 0.5560378076923077 0.9225927740384615 0.5538541658653846 0.9064599615384614 0.5513040120192307 0.8871044927884615 0.5462075625 0.8781152355769231 0.5349151225961538 0.8725830072115385 0.5245370360576923 0.8663623052884616 0.5174382716346154 0.8705126947115385 0.5059645072115384 0.8783447259615385 0.49795524759615384 0.886181641826923
0 0.5289506177884615 0.30494140625 0.5217746923076922 0.30016601442307694 0.5134683653846154 0.2982519543269231 0.5040316346153846 0.30064453125 0.49346064903846154 0.3035107427884615 0.4843981490384615 0.30828613221153844 0.47911265384615387 0.31354492067307693 0.4742013894230769 0.32549316346153845 0.4726929014423077 0.3379150384615385 0.4730709879807692 0.3469970697115385 0.4757137355769231 0.35703125 0.48477623557692306 0.3727978509615385 0.49459105048076923 0.37662109374999997 0.5044097211538461 0.3837890625 0.5134683653846154 0.38809081971153847 0.5232870360576923 0.3904785168269231 0.5368788581730769 0.3952587884615385 0.5417862644230769 0.39430175721153843 0.5429205240384616 0.3837890625 0.5470717596153846 0.36849609375000003 0.550848764423077 0.3575097668269231 0.5455632716346154 0.34125976442307693 0.5432986105769231 0.32788086057692306 0.5448070985576924 0.31927734375 0.5410339495192308 0.3116357427884615 0.5289506177884615 0.30494140625
0 0.30203317788461537 0.39 0.3001466057692308 0.4076806634615385 0.29750385817307695 0.41867187499999997 0.29750385817307695 0.42727538942307697 0.3027893509615385 0.44830078125 0.3114737644230769 0.4664599615384616 0.31373842548076925 0.4803173822115384 0.32468749999999996 0.48939453125 0.33752314903846153 0.49656249999999996 0.3409220673076923 0.49990722596153847 0.35149305528846153 0.48604980528846153 0.3631983028846154 0.47936035096153845 0.3658410504807692 0.4726708990384615 0.36810570913461543 0.4616796875 0.37490355048076923 0.4492578125 0.38094521634615386 0.4358740240384616 0.3877391971153846 0.4210644543269231 0.3911381177884615 0.4129394543269231 0.39415894951923075 0.4024267572115384 0.3983140432692308 0.39 0.4002006177884615 0.3699316394230769 0.40133487740384616 0.3575097668269231 0.39982253125 0.34460449278846156 0.3956712956730769 0.3331347644230769 0.3828317908653846 0.31927734375 0.3745254639423077 0.3116357427884615 0.36282021634615386 0.3073339831730769 0.3541358028846154 0.30685546875 0.34734182211538467 0.30685546875 0.33639274759615384 0.3011230480769231 0.32846450721153847 0.2992089831730769 0.32053240624999996 0.30446777403846154 0.3152469134615385 0.3102001947115385 0.30618827163461537 0.31641113221153844 0.2933487644230769 0.328359375 0.28919753125000003 0.33552734375 0.28806327163461537 0.3465185552884616 0.28919753125000003 0.35129394471153846 0.2971257716346154 0.35129394471153846 0.3027893509615385 0.3584619134615385 0.30391975240384617 0.3747119134615385 0.30203317788461537 0.39
0 0.04981867307692308 0.2074609375 0.043024692307692305 0.21797363221153845 0.036226850961538465 0.23087402403846152 0.029054783653846155 0.24712402403846154 0.025277778846153846 0.2571582019230769 0.040381944711538456 0.262890625 0.05208333413461538 0.2714941418269231 0.061145834134615384 0.28152831971153847 0.060389661057692307 0.2915625 0.06680941346153846 0.29729980528846156 0.07398148076923076 0.2929980456730769 0.07851466105769231 0.28726074278846153 0.07889274759615385 0.27818359375 0.07738040144230769 0.26623535096153844 0.07549382692307692 0.25189941346153844 0.07587191346153846 0.24282226682692307 0.08304398076923077 0.23899902403846152 0.09399305528846155 0.24043456971153845 0.11136188221153846 0.2480761706730769 0.11929012259615385 0.25524413942307694 0.12457561778846153 0.26193847596153846 0.13326003125 0.2705371081730769 0.13817129567307693 0.2767480456730769 0.15100694471153847 0.28965331971153846 0.15817901201923076 0.2944287115384615 0.16761959855769232 0.29204101682692307 0.16573302403846152 0.27914062500000003 0.1634683653846154 0.2643261730769231 0.15780478365384615 0.24760253846153846 0.1525154326923077 0.2356542980769231 0.14420910576923077 0.22131836057692308 0.13552855048076923 0.21176269471153847 0.12420138942307692 0.2007714855769231 0.11023148076923077 0.19025878846153846 0.10116898076923077 0.1854785168269231 0.09097222115384616 0.18309081971153846 0.08153549278846153 0.18117675721153845 0.07058642067307692 0.18022461057692307 0.060767747596153845 0.18834472596153845 0.05850308653846154 0.19599121153846152 0.04981867307692308 0.2074609375
0 0.3319753076923077 0.97609375 0.3387692908653846 0.9818261706730769 0.3614236105769231 0.9808740240384615 0.37312885817307695 0.9698828125 0.3833217596153846 0.9469433581730768 0.39540509375 0.9349999999999999 0.4018248461538461 0.9283056634615385 0.3946489206730769 0.9168408197115384 0.3833217596153846 0.9044140625 0.3776581778846154 0.8977246105769231 0.3610455240384616 0.898203125 0.3470756177884615 0.8962890625 0.3308410504807692 0.8919921875000001 0.3202700625 0.89103515625 0.31007330288461543 0.8934228509615385 0.3134722211538462 0.9015478509615384 0.32404706730769234 0.9302197259615385 0.3289544759615385 0.9536328125 0.3319753076923077 0.97609375
0 0.41124228365384613 0.2092089831730769 0.4046875 0.19316894471153848 0.3981327163461538 0.18266113221153846 0.39048611057692306 0.16911132932692308 0.3856790120192307 0.16772949278846155 0.3791242283653846 0.17408691346153848 0.3738811730769231 0.182109375 0.3688541658653846 0.18819336057692307 0.36055169711538465 0.19731933653846154 0.35596450721153844 0.20229492307692307 0.35290509374999995 0.21114257932692307 0.3520293221153846 0.21833496153846152 0.34984567788461535 0.22524902403846153 0.3461304014423077 0.23354492307692307 0.34569444471153843 0.2387988269230769 0.35071759375 0.2476464855769231 0.35465277884615387 0.24875488221153846 0.3596759254807692 0.2529003918269231 0.3662307091346154 0.26313476442307693 0.37300540144230765 0.2647949206730769 0.3786882716346154 0.26147461057692306 0.38239969230769233 0.26423828125 0.38611496875 0.25843261778846155 0.39332561778846153 0.25483886778846154 0.3998804014423077 0.25317871153846155 0.40796682211538465 0.25151855528846156 0.4143016971153846 0.2509667956730769 0.42326003125 0.25151855528846156 0.4293788581730769 0.25373046875 0.4348418221153846 0.25677246153846156 0.4263194447115385 0.24377441346153847 0.42063657451923075 0.23299316346153848 0.41473765384615385 0.21805663942307693 0.41124228365384613 0.2092089831730769
0 0.6583449062500001 0.628828125 0.6467631177884615 0.6194238293269231 0.6316859567307692 0.6108496105769231 0.6275347211538461 0.608916014423077 0.6229475312499999 0.6161083990384615 0.6163927475961538 0.6362939447115384 0.6142052475961539 0.6445898437500001 0.6128973774038461 0.6556494134615385 0.6124575624999999 0.6647753894230769 0.6205439807692308 0.6722412115384616 0.6281905865384616 0.67251953125 0.6338695985576923 0.6727978509615385 0.6386766971153846 0.667265625 0.6452314807692308 0.6636718749999999 0.6504783942307693 0.66560546875 0.6528819447115384 0.6714111322115385 0.6570331778846155 0.65869140625 0.6616203701923078 0.6465234375000001 0.6624961418269231 0.63767578125 0.6583449062500001 0.628828125
0 0.544336420673077 0.06890625 0.5464313269230769 0.07853027403846154 0.5535108028846154 0.08682617067307692 0.5658371923076924 0.08980956971153847 0.5731751538461538 0.09146972596153846 0.5802546298076924 0.09213378846153845 0.587858795673077 0.08118164182692308 0.5904822524038461 0.07089355528846154 0.5915316346153846 0.058950194711538464 0.5891705240384616 0.04899414182692308 0.5820910504807693 0.034726562499999995 0.5771103389423077 0.02841796875 0.5702932091346153 0.02543456971153846 0.5574459879807692 0.02410644471153846 0.5456442908653846 0.02410644471153846 0.5398765432692307 0.028085937499999998 0.5396141971153846 0.03505859375 0.5411882716346154 0.04302246153846154 0.5422376538461539 0.052978514423076925 0.544336420673077 0.06890625
0 0.0035956778846153847 0.90896484375 0 0.9181396490384616 0.005864197115384616 0.9468115240384616 0.012658177884615384 0.959423829326923 0.01809799278846154 0.9772021490384616 0.026705247596153843 0.9772021490384616 0.036670524038461536 0.965732420673077 0.04528163461538462 0.9577050793269231 0.049810956730769226 0.9491064447115385 0.05162422836538461 0.9387841802884616 0.049810956730769226 0.92501953125 0.05116898076923077 0.9112597668269231 0.052530865384615384 0.9003613293269231 0.04799768509615385 0.8888964831730769 0.04346836538461539 0.8877490240384615 0.030783177884615383 0.8934814447115385 0.02081404326923077 0.9003613293269231 0.014471449519230769 0.9032275384615385 0.0035956778846153847 0.90896484375
0 0.23607253125000002 0.6587500000000001 0.2519290120192308 0.6554052740384615 0.26325617307692306 0.6530126947115384 0.26891975240384614 0.6472802740384616 0.26891975240384614 0.6358105456730769 0.25721450721153843 0.6147851562500001 0.25155092548076924 0.6047509759615385 0.2390933653846154 0.5980615240384616 0.22210262259615382 0.5985400384615385 0.20813271634615382 0.6047509759615385 0.1926504639423077 0.613828125 0.17490740625 0.62291015625 0.15603009375 0.6315087884615385 0.1530092596153846 0.6554052740384615 0.1620679014423077 0.6563574230769231 0.17830632692307694 0.65779296875 0.20737654326923077 0.6620947259615384 0.23607253125000002 0.6587500000000001
0 0.3058101850961539 0.37707519471153844 0.29678626442307693 0.3604638677884615 0.28694444471153846 0.3604638677884615 0.27217978365384615 0.36150390625 0.2533179014423077 0.35735351682692307 0.2459375 0.35423828125 0.23445216105769232 0.36150390625 0.2246103389423077 0.375 0.21805169711538464 0.38849121153846156 0.21559027884615387 0.40717773317307693 0.2229706778846154 0.425859375 0.2311728389423077 0.4403955072115385 0.2377353389423077 0.45907714903846153 0.24183642067307692 0.4663427740384615 0.25249614182692304 0.48606933653846157 0.2672608028846154 0.4933349615384615 0.2902237644230769 0.4767236322115384 0.30252700721153847 0.4268994134615385 0.30252700721153847 0.39887206971153844 0.3058101850961539 0.37707519471153844