0 0.07942129567307693 0.37351562499999996 0.08772762259615385 0.38259765625000003 0.09716435096153846 0.39263183653846156 0.10245370432692308 0.40696777403846157 0.10245370432692308 0.41748046875 0.10169753125 0.4294238269230769 0.10811342548076924 0.42607910096153845 0.11189043269230768 0.4170019543269231 0.12133101923076922 0.41126464903846155 0.13076774759615384 0.4060107427884615 0.13945216105769231 0.39311035096153846 0.1439853389423077 0.38785156249999997 0.1371875 0.37447265625 0.12774691346153846 0.36539062499999997 0.11528935096153846 0.35631347596153845 0.10584876442307692 0.3486669927884615 0.09339120432692308 0.3424560552884615 0.08923611057692307 0.3443652331730769 0.07677855048076923 0.3453222668269231 0.06809413461538462 0.35153320432692303 0.07035879567307693 0.3615673822115385 0.07942129567307693 0.37351562499999996
0 0.6319135793269232 0.10567871153846155 0.6243595673076924 0.11810058653846153 0.6326658942307692 0.12526855528846154 0.6421064807692307 0.13147949278846155 0.6545679014423077 0.13817382932692307 0.6647608028846155 0.14486328125 0.6757098774038461 0.14963867067307693 0.6836381177884616 0.14438476442307693 0.6904359567307693 0.13912597596153847 0.6953433653846154 0.13004882692307693 0.700628858173077 0.12049316346153846 0.7017631177884615 0.11141113221153846 0.6998726850961539 0.10137695192307693 0.6953433653846154 0.09229492307692308 0.6877932091346154 0.08608398557692308 0.674953704326923 0.08273925721153846 0.6564544759615385 0.08751953124999999 0.6413503076923077 0.09564453125 0.6319135793269232 0.10567871153846155
0 0.7682137355769231 0.06792480528846154 0.7727430552884615 0.07509277403846154 0.7780285504807692 0.08178222596153846 0.7855825625 0.08704101682692308 0.7938888894230769 0.09468750000000001 0.7999305552884616 0.10185546875000001 0.8044598774038462 0.10950195432692308 0.8086149687499999 0.11857910096153847 0.8131442908653846 0.12765625 0.8191859567307692 0.13864746153846152 0.8237152788461538 0.14820800721153846 0.8320216057692308 0.16158691346153847 0.8354205240384616 0.16731933653846154 0.8388194447115385 0.17592285096153845 0.8399498461538462 0.18834472596153845 0.8478819447115384 0.18404785096153847 0.85165509375 0.17066406250000002 0.8558101850961539 0.16158691346153847 0.8490123461538462 0.14677246153846155 0.8395756177884616 0.1362597668269231 0.8323996923076924 0.12526855528846154 0.8282484567307692 0.11666992067307692 0.8233371923076922 0.10472168028846154 0.8180516971153846 0.09134277403846153 0.8123881177884615 0.0803515625 0.8089891971153846 0.074140625 0.802951389423077 0.06314941346153846 0.7961535504807693 0.057412108173076924 0.7908680552884615 0.05693359375 0.7825617283653846 0.057412108173076924 0.7734992283653847 0.06171386778846154 0.7682137355769231 0.06792480528846154
0 0.4320679014423077 0.4346826177884615 0.4230054014423077 0.42799316346153843 0.41130015384615387 0.4203466802884615 0.4003510793269231 0.41556640625 0.38713734615384615 0.41126464903846155 0.3792091057692308 0.41126464903846155 0.37429783894230767 0.414609375 0.36674768509615385 0.41748046875 0.3622183653846154 0.41413574278846155 0.3508912043269231 0.40839843750000004 0.34333719230769233 0.41126464903846155 0.3388078701923077 0.42177734375 0.3342785504807692 0.43754882932692307 0.32219521634615383 0.4557080072115385 0.3112461418269231 0.48151367067307693 0.30709105048076923 0.49632324278846157 0.3002970673076923 0.5254736322115384 0.2957638894230769 0.5469775384615384 0.3033179014423077 0.55796875 0.3116242283653846 0.5584472668269231 0.3157754639423077 0.5417236322115385 0.32785879567307696 0.5398095697115385 0.33842978365384613 0.5421972668269232 0.3557986105769231 0.5393310552884615 0.3727893509615384 0.5398095697115385 0.38298225240384615 0.5417236322115385 0.4014853389423077 0.53837890625 0.4230054014423077 0.5326416009615385 0.43508873557692307 0.52212890625 0.44263888942307694 0.51591796875 0.45358796394230766 0.5101806634615385 0.46491512259615386 0.509228516826923 0.4675578701923077 0.49966796874999997 0.47133487740384616 0.49011230528846156 0.4754861105769231 0.47291015625 0.46491512259615386 0.4580957043269231 0.44603780769230766 0.4528417956730769 0.44037422836538465 0.4408935552884615 0.4320679014423077 0.4346826177884615
0 0.52759259375 0.4714746105769231 0.5340084879807692 0.46526367307692307 0.5442052475961539 0.4471044927884616 0.5593055552884615 0.42369140625 0.5642168221153846 0.40553222596153843 0.5615702163461539 0.3840283197115385 0.5426929014423076 0.3677832043269231 0.5321219134615385 0.35344726682692307 0.5200385793269231 0.33767578125000003 0.5064467596153845 0.32190918028846155 0.4951195985576923 0.3123486322115384 0.4826620360576923 0.30231445192307693 0.47322144951923073 0.295625 0.4645370360576923 0.28893554567307694 0.4603858028846154 0.283203125 0.4486805552884615 0.27842285096153846 0.4365972211538462 0.2688671875 0.4271566346153846 0.26265136778846154 0.4120563269230769 0.25596191346153846 0.3984645072115385 0.24879394471153848 0.3867592596153846 0.2468847668269231 0.3739236105769231 0.24736328125 0.36184027884615383 0.24927246153846155 0.3539120360576923 0.2569189447115385 0.3459799375 0.26934081971153845 0.34220679086538464 0.27842285096153846 0.33994212980769234 0.2898925793269231 0.33465663461538464 0.3056591802884615 0.34258487740384613 0.31951660096153844 0.34975694471153845 0.3319433581730769 0.3557986105769231 0.3348095697115384 0.36032793269230773 0.34580078125 0.3614621923076923 0.3553564447115385 0.3448495360576923 0.3859423822115385 0.3418287043269231 0.3954980456730769 0.33994212980769234 0.4107910144230769 0.3482484567307692 0.40744140624999997 0.3523996923076923 0.4088769543269231 0.3595756177884616 0.41270019471153846 0.36599151201923075 0.414609375 0.37429783894230767 0.414609375 0.385625 0.4122216802884615 0.3961998461538461 0.41317871153846153 0.4154552475961539 0.42177734375 0.4196064807692308 0.42464843750000003 0.42980324038461537 0.4313378918269231 0.4411265432692308 0.43850585817307697 0.4445254639423077 0.44949706971153847 0.45585262259615383 0.45618652403846155 0.4656712956730769 0.45905273317307693 0.47586419711538464 0.4695654302884616 0.4754861105769231 0.4776904302884616 0.47322144951923073 0.48915527403846154 0.46982253124999995 0.5020605480769231 0.48341435096153845 0.49966796874999997 0.4988966057692308 0.4886816394230769 0.515131173076923 0.480078125 0.52759259375 0.4714746105769231
0 0.3780748461538461 0.21677734375 0.37769675961538457 0.23445800721153848 0.3852469134615385 0.24162597596153848 0.3973302475961538 0.24831543028846154 0.40639274759615385 0.2530957043269231 0.41922839423076924 0.25978515625000004 0.4320679014423077 0.26599609375 0.44037422836538465 0.2712548822115385 0.4498109567307692 0.27603515624999997 0.45774305528846154 0.2731640625 0.4600077163461539 0.2621777355769231 0.4584953701923077 0.25118652403846153 0.45358796394230766 0.24114746153846156 0.4464158942307692 0.23254882932692308 0.4456597211538461 0.22538085817307693 0.44150462980769234 0.21534668028846154 0.4381095673076923 0.21486816346153845 0.4271566346153846 0.21869140625 0.4188503076923077 0.21008789182692308 0.4120563269230769 0.19814453124999998 0.40337191346153844 0.1809375 0.3950655865384615 0.1742480480769231 0.3860030865384615 0.16660644471153846 0.3848726850961538 0.17950683653846153 0.38373842548076925 0.19145019471153846 0.3799614206730769 0.20531249999999998 0.3780748461538461 0.21677734375
0 0.7613040120192308 0.0557421875 0.7594174375 0.06577636778846153 0.7643248461538461 0.06768554567307693 0.7733873461538461 0.060517579326923074 0.7835802475961539 0.056220701923076925 0.7956635793269231 0.05765136778846154 0.8047260793269231 0.06529785096153846 0.8118981490384616 0.07819824278846153 0.8236033942307692 0.10448242067307692 0.8322878076923076 0.12168456971153846 0.838703704326923 0.13554199278846155 0.8507870360576923 0.14414550721153846 0.8670216057692308 0.15179199278846153 0.8877893509615385 0.16612793028846154 0.91384259375 0.17472656250000002 0.9251697524038461 0.17042480528846154 0.9342283942307692 0.16039062499999998 0.9383834879807692 0.1541796875 0.9432908942307693 0.1455761706730769 0.9432908942307693 0.1336328125 0.9527314807692308 0.11547363221153846 0.9572608028846153 0.10639160096153846 0.9651890432692307 0.09587890624999999 0.9595254639423078 0.08106933653846153 0.9519753076923076 0.06434081971153846 0.9364930552884616 0.06577636778846153 0.9315856490384615 0.07963378846153847 0.9225231490384616 0.10257324278846153 0.9085532403846154 0.10734863221153847 0.8979822524038461 0.09874999999999999 0.8859027788461538 0.09014648317307693 0.8711766971153847 0.07581054567307692 0.8624922836538461 0.06338867067307692 0.8553163581730769 0.05000488221153846 0.8477662043269232 0.039018555288461536 0.8402160504807692 0.0351953125 0.8281327163461539 0.03854003846153846 0.8232253076923077 0.0351953125 0.8183179014423078 0.02563476442307692 0.81303240625 0.015600586538461537 0.80396990625 0.01369140625 0.7964197524038461 0.015122069711538462 0.7835802475961539 0.02563476442307692 0.7684799375 0.044750975961538465 0.7613040120192308 0.0557421875
0 0.5794290120192308 0.06458007692307692 0.5681057091346153 0.07222656250000001 0.5639506177884616 0.08273925721153846 0.56357253125 0.09611816346153847 0.5764120360576923 0.09946288942307692 0.5832060192307693 0.1090234375 0.5835841057692307 0.11619140625 0.6032175937500001 0.11714355528846153 0.6171875 0.11379882932692308 0.6326658942307692 0.10950195432692308 0.6360648149038461 0.1028125 0.634556326923077 0.09516601682692308 0.6239853389423077 0.08130859375 0.6103896610576923 0.07126953125 0.5956674375 0.06505859374999999 0.5794290120192308 0.06458007692307692
0 0.33654320913461533 0.28559081971153844 0.3316358028846154 0.275078125 0.32710262259615386 0.26265136778846154 0.31879629567307693 0.24975097596153845 0.30596064903846154 0.24449218749999999 0.3021836418269231 0.23302734375 0.2912345673076923 0.2263378918269231 0.2772646610576923 0.21869140625 0.26518132692307694 0.22155761778846153 0.2538541658653846 0.22155761778846153 0.24139660576923075 0.22012206971153844 0.23006944471153845 0.21295410096153844 0.22176311778846153 0.21248046874999998 0.21043595673076923 0.2172558605769231 0.19722222115384616 0.22968261778846152 0.1885378076923077 0.23780273557692308 0.18098379567307693 0.25835449278846156 0.17721064903846154 0.27077636778846154 0.17532021634615386 0.28893554567307694 0.17267746875 0.3066162115384615 0.17079089423076924 0.3147412115384615 0.16966049278846154 0.33002929567307693 0.17192515384615387 0.35010253846153844 0.17645447596153846 0.3587011706730769 0.1840046298076923 0.37017089903846156 0.19722222115384616 0.38498535096153846 0.21194444471153845 0.4026660144230769 0.22176311778846153 0.40839843750000004 0.23648919711538463 0.41270019471153846 0.2531018509615385 0.414609375 0.27009259375 0.4189111322115385 0.28028549278846154 0.4203466802884615 0.2976543221153846 0.42177734375 0.31615355048076926 0.41986816346153844 0.3301234567307692 0.41413574278846155 0.33994212980769234 0.39740722596153844 0.34107253125000003 0.39071777403846153 0.3440933653846154 0.3840283197115385 0.3535339495192308 0.37017089903846156 0.3576851850961538 0.35917968749999996 0.3588194447115385 0.3443652331730769 0.3550424375 0.33385253846153845 0.3463580240384615 0.32955078125 0.3440933653846154 0.3209521490384616 0.33654320913461533 0.30805175721153844 0.33465663461538464 0.2951464855769231 0.33654320913461533 0.29037109375000003 0.33654320913461533 0.28559081971153844
0 0.7127121923076923 0.08178222596153846 0.7062924375 0.09086425721153847 0.700628858173077 0.09898925721153845 0.7032716057692308 0.11427734375 0.7123341057692307 0.10472168028846154 0.723661264423077 0.09659668028846154 0.74178240625 0.08130859375 0.7534876538461539 0.07079589903846153 0.7425385793269231 0.06314941346153846 0.7293248461538462 0.06123535096153846 0.7172415120192308 0.06649414182692308 0.7127121923076923 0.08178222596153846
0 0.5110918221153846 0.172578125 0.5133564807692308 0.19312500000000002 0.52392746875 0.2017285144230769 0.5397878076923077 0.20507324278846153 0.5473379639423077 0.19599121153846152 0.5533796298076923 0.19216796875 0.5579089495192308 0.21176269471153847 0.562816358173077 0.21558593750000002 0.5760339495192308 0.21128418028846155 0.5779205240384615 0.19503418028846153 0.5771643509615385 0.18022461057692307 0.5718788581730769 0.16875488221153848 0.5669714495192307 0.15107421875 0.5590432091346154 0.14104003846153848 0.5484722211538462 0.13673828125 0.5446952163461538 0.13291503846153846 0.5337461418269231 0.14390625 0.5254398149038462 0.15203125 0.5159992283653846 0.16349609375000002 0.5110918221153846 0.172578125
0 0.5126003076923077 0.229921875 0.5141126538461539 0.24568847596153848 0.5209066346153846 0.25906738221153847 0.5314814807692307 0.27388183653846154 0.5488464495192308 0.2810498052884615 0.5586651225961539 0.2800927740384615 0.5665933653846154 0.2772265625 0.5703703701923077 0.2643261730769231 0.5737654326923077 0.24760253846153846 0.5696141971153846 0.23421875 0.5647067908653847 0.22275390625000002 0.5530015432692308 0.21080566346153845 0.5443171298076923 0.20507324278846153 0.5386535504807692 0.20315918028846153 0.5303472211538461 0.20268066346153846 0.5197762355769231 0.20698242067307693 0.5144907403846154 0.2151074230769231 0.5126003076923077 0.229921875
0 0.8719328701923076 0.21534668028846154 0.8624922836538461 0.20770019471153847 0.8549421298076924 0.20101074278846154 0.8458796298076923 0.20244140625 0.837951389423077 0.20770019471153847 0.8315316346153847 0.21343261778846154 0.8296450624999999 0.22251464903846155 0.8254899687499999 0.2397167980769231 0.8205825625000001 0.25070800721153846 0.8126543221153846 0.27029785096153847 0.8084992283653847 0.28559081971153844 0.8054783942307692 0.3070947259615385 0.8100115745192308 0.32477538942307693 0.8179398149038462 0.3319433581730769 0.8455015432692308 0.3357666009615385 0.8556944447115384 0.33002929567307693 0.8707986105769231 0.3204736322115384 0.8783487644230769 0.3147412115384615 0.8885455240384614 0.3128271490384616 0.8979822524038461 0.30900390625 0.9081790120192307 0.2975390625 0.9221489206730769 0.2827246105769231 0.9213927475961537 0.27221191346153845 0.9134645072115385 0.25213867067307694 0.9081790120192307 0.24497070192307693 0.9017592596153846 0.23111328125 0.8919405865384615 0.22538085817307693 0.8783487644230769 0.22012206971153844 0.8719328701923076 0.21534668028846154
0 0.03788966105769231 0.4576171875 0.044683641826923075 0.4743457019230769 0.056766975961538464 0.47912109375 0.07111496875 0.4772119134615384 0.07224537019230769 0.4686083990384615 0.07111496875 0.4542724615384615 0.06847222115384616 0.43420410096153844 0.059787807692307696 0.4241699230769231 0.05110339423076923 0.41413574278846155 0.047704475961538456 0.4107910144230769 0.0374228389423077 0.4189453125 0.03433642067307692 0.4287109375 0.03637731490384615 0.44328125 0.03788966105769231 0.4576171875
0 0.735628858173077 0.3883300769230769 0.7216589495192308 0.38498535096153846 0.6929629639423076 0.37590331971153845 0.6782407403846153 0.3711279302884615 0.6620061730769231 0.3668261706730769 0.6412384254807691 0.3634814447115385 0.6280246923076922 0.36921386778846155 0.6125424375 0.38164062499999996 0.5951736105769231 0.4036230456730769 0.5834722211538461 0.42082519471153845 0.5664814807692308 0.43802734375 0.5570408942307693 0.45044921875 0.5521334879807692 0.46526367307692307 0.5630825625 0.4671777331730769 0.5781867283653847 0.46430663942307693 0.5914004639423077 0.4657421875 0.6144328701923076 0.4633544927884615 0.6336882716346154 0.46478515625 0.6548302475961538 0.46430663942307693 0.6654012355769231 0.46526367307692307 0.6733333341346154 0.44854003846153845 0.6808834879807691 0.4471044927884616 0.6922106490384615 0.4490185552884615 0.7008950625 0.4471044927884616 0.7107098774038462 0.4518847644230769 0.7133526225961538 0.4557080072115385 0.7318557091346154 0.4609619134615385 0.7431828701923078 0.4752978509615385 0.7552623461538462 0.48533203124999996 0.76696759375 0.49728027403846153 0.7888657403846153 0.5130517572115385 0.7990625 0.5149609374999999 0.7960416658653846 0.50158203125 0.7922646610576923 0.4886816394230769 0.7892438269230768 0.47291015625 0.7873572524038461 0.45666503846153844 0.7813155865384616 0.4404150384615385 0.775273920673077 0.422734375 0.7658333341346153 0.40935546875 0.7522415120192308 0.39406250000000004 0.735628858173077 0.3883300769230769
0 0.10320601923076923 0.4915478509615384 0.11000385817307692 0.5001464831730769 0.12925925961538462 0.50158203125 0.13567901201923077 0.503017579326923 0.15040123557692306 0.50970703125 0.16286265384615387 0.516875 0.17192515384615387 0.5154394519230769 0.1806095673076923 0.5154394519230769 0.18966820913461538 0.5197412115384615 0.20401620432692308 0.51591796875 0.21157021634615386 0.5054052740384616 0.21647762259615386 0.4948925793269231 0.21760802403846155 0.48485839903846156 0.2145871923076923 0.4700439447115385 0.20967978365384615 0.45666503846153844 0.20175154326923075 0.43754882932692307 0.19495370432692308 0.42464843750000003 0.1885378076923077 0.4064892572115385 0.1840046298076923 0.3988427740384616 0.1738117283653846 0.3897607427884615 0.16701388942307693 0.3730371081730769 0.15908564903846154 0.37351562499999996 0.14134259375 0.3859423822115385 0.13190200721153847 0.40218750000000003 0.1220871923076923 0.41031249999999997 0.11755401201923078 0.4098339855769231 0.10849151201923077 0.4179589831730769 0.10320601923076923 0.44854003846153845 0.10169753125 0.46765136778846156 0.10320601923076923 0.4915478509615384
0 0.2923688269230769 0 0.30180555528846154 0.0108203125 0.3055825625 0.022290038461538462 0.30293981490384614 0.03471679567307692 0.29954089423076924 0.046181639423076924 0.30142746875 0.056220701923076925 0.3093595673076923 0.06147461057692308 0.32408179086538463 0.06673339903846154 0.33465663461538464 0.06577636778846153 0.3508912043269231 0.05908691346153846 0.36032793269230773 0.051440430288461535 0.36372685096153845 0.04092773317307692 0.35655478365384613 0.02850097596153846 0.3463580240384615 0.009868163461538461 0.33050154326923076 0 0.2923688269230769 0
0 0.6190740745192307 0.31067871153846155 0.6224729927884615 0.32501464903846156 0.6281365745192308 0.3398291009615385 0.6371990745192307 0.35607421875 0.64928240625 0.3603759759615385 0.6674035504807693 0.36276367307692303 0.6775964495192308 0.36372070192307693 0.6779745360576922 0.3565527355769231 0.6692901225961538 0.3350488293269231 0.6606057091346155 0.32644531250000003 0.6560763894230769 0.31927734375 0.6504128076923077 0.3073339831730769 0.64928240625 0.30398925721153847 0.6447492283653846 0.2977734375 0.635308641826923 0.2929980456730769 0.6243595673076924 0.29108398317307693 0.6171875 0.29634277403846154 0.6190740745192307 0.31067871153846155
0 0.5847183653846154 0.64087890625 0.5847183653846154 0.6609472644230769 0.5877391971153846 0.681015625 0.6013310192307693 0.7001318365384616 0.6247376538461539 0.7068212884615386 0.6470138894230769 0.7006103509615385 0.6519251538461539 0.6848388677884615 0.6436188269230769 0.6556884759615385 0.6371990745192307 0.6303662115384616 0.6243595673076924 0.603125 0.6137885793269231 0.595 0.5956674375 0.5935693365384616 0.5767862644230769 0.60408203125 0.5767862644230769 0.61841796875 0.5847183653846154 0.64087890625
0 0.9097993822115384 0.19121581971153848 0.9052700625000001 0.2007714855769231 0.9018711418269232 0.21128418028846155 0.9033834879807692 0.21653808653846152 0.9211265432692308 0.21176269471153847 0.9290586418269231 0.20650390625 0.9381172836538462 0.1993359375 0.9415162043269232 0.19742675721153846 0.9350964495192307 0.19073730528846153 0.9275462956730769 0.1854785168269231 0.9188618822115384 0.18309081971153846 0.9097993822115384 0.19121581971153848
0 0 0.12257324278846153 0.012368826923076922 0.1265332019230769 0.031161264423076925 0.13248046875 0.05386574038461538 0.13743652403846154 0.08048225240384616 0.14536132692307693 0.09457561778846155 0.14337890625 0.10084105048076923 0.13248046875 0.09614197596153845 0.11166992067307692 0.08283179086538461 0.09284668028846153 0.0569945985576923 0.07500976442307693 0.03507330288461538 0.056181639423076926 0.021763117788461538 0.05023925721153846 0 0.03339355528846154 0 0.12257324278846153
0 0.2753780865384615 0.5976318365384615 0.27688657451923077 0.61435546875 0.28670524759615384 0.6258251947115384 0.30369598798076924 0.6296484375 0.3218171298076923 0.6172216802884616 0.3369212956730769 0.6119677740384616 0.34749228365384616 0.6057519519230768 0.3471141971153846 0.5985888677884615 0.3429629639423077 0.5880761730769231 0.3218171298076923 0.5751708990384615 0.3082253076923077 0.5756494134615384 0.2874575625 0.58759765625 0.2753780865384615 0.5976318365384615
0 0.8984722211538462 1 0.9030054014423077 0.9901904302884615 0.8935648149038461 0.9734667980769232 0.8773302475961539 0.9581738269230768 0.8694020072115385 0.94431640625 0.8535455240384615 0.9271142572115385 0.8414621923076923 0.91564453125 0.8263580240384615 0.9051318365384616 0.8105015432692307 0.8993994134615384 0.7961535504807693 0.902744139423077 0.7806751538461539 0.9137353509615385 0.7678356490384615 0.9295019519230769 0.7708564807692307 0.95052734375 0.7697222211538463 0.9734667980769232 0.7772762355769232 0.9897119134615384 0.8135223774038463 1 0.8984722211538462 1
0 0.8720447524038462 0.5758886730769232 0.871288579326923 0.5964355480769231 0.8837499999999999 0.6160302740384616 0.8996064807692308 0.6241503918269231 0.9226388894230768 0.6332324230769231 0.9328317908653846 0.63896484375 0.9422723774038461 0.6279736322115385 0.9434027788461539 0.609814454326923 0.9403819447115385 0.5911816418269231 0.9369868822115385 0.5677636706730769 0.9339660504807692 0.5586865240384615 0.9301890432692308 0.5548632812500001 0.9154629639423076 0.5567724615384615 0.8999845673076923 0.555341795673077 0.8845023149038462 0.5582080072115384 0.8720447524038462 0.5758886730769232
0 0.27084490625 0.6917675769230769 0.2531018509615385 0.7127929687500001 0.24743827163461538 0.726650391826923 0.2655594134615385 0.74337890625 0.2795293221153846 0.7510205072115385 0.30142746875 0.7514990240384616 0.31615355048076926 0.742421875 0.3225733028846154 0.7276074206730769 0.3274807091346154 0.7113623052884616 0.3293672836538461 0.6970263677884615 0.3320138894230769 0.6745654302884615 0.31615355048076926 0.6654882812499999 0.29878472115384613 0.6688330072115385 0.2851929014423077 0.6802978509615384 0.27084490625 0.6917675769230769
0 0.7217746923076922 0.010107420673076923 0.71384259375 0.020620117788461536 0.7100694447115384 0.036865235576923075 0.71044753125 0.052636718750000006 0.7161111105769231 0.0641015625 0.7289467596153846 0.06123535096153846 0.7364969134615384 0.06028320432692307 0.7451813269230769 0.06267089903846154 0.751601079326923 0.0641015625 0.7591512355769231 0.059326173076923075 0.7621720673076923 0.052636718750000006 0.772368826923077 0.041645507211538466 0.7765200625 0.03590820432692308 0.7799189807692308 0.026352538461538462 0.7712345673076922 0.01870605528846154 0.7663271610576923 0.006284180288461538 0.7512229927884615 0 0.7217746923076922 0.010107420673076923
0 0.4256481490384615 0.15179199278846153 0.4320679014423077 0.16469238221153845 0.4373533942307692 0.17138183653846153 0.44792438221153846 0.17329589903846154 0.4513233028846154 0.15752441346153848 0.4539660504807692 0.14987793028846152 0.4528317908653846 0.13554199278846155 0.4475462956730769 0.11308593750000001 0.44037422836538465 0.10113769471153847 0.4347106490384615 0.09014648317307693 0.4248919759615385 0.0844140625 0.4169637355769231 0.08393554807692308 0.4067708341346154 0.08393554807692308 0.4014853389423077 0.09827148557692308 0.40110725240384615 0.11165038942307692 0.4188503076923077 0.13888671875 0.4256481490384615 0.15179199278846153
0 0.6518094134615384 0.2817675769230769 0.646523920673077 0.29466796875 0.6533217596153846 0.31378418028846156 0.6638927475961538 0.3285986322115385 0.6740856490384615 0.3491455072115385 0.6812615745192308 0.3577490240384616 0.6925887355769231 0.3673046875 0.7080671298076923 0.36634765625 0.7144868822115384 0.3577490240384616 0.7352507716346154 0.34818847596153846 0.7397839495192307 0.3381542980769231 0.7367631177884615 0.3185644519230769 0.7333641971153846 0.3070947259615385 0.7265663581730769 0.295625 0.7201504639423076 0.28511230528846154 0.7125964495192308 0.27603515624999997 0.7061805552884616 0.2688671875 0.6993827163461539 0.2612207019230769 0.6827700625 0.25835449278846156 0.6755979927884616 0.2554833990384615 0.66125 0.27221191346153845 0.6518094134615384 0.2817675769230769
0 0.7699884254807692 0.4098339855769231 0.780181326923077 0.4265576177884615 0.7850925937500001 0.4346826177884615 0.7873572524038461 0.43563964903846153 0.7941512355769231 0.43085937500000004 0.8043479927884616 0.4251220697115385 0.810763889423077 0.4213037115384616 0.821338735576923 0.4179589831730769 0.8296450624999999 0.4170019543269231 0.8409722211538462 0.41748046875 0.8439930552884616 0.40505371153846154 0.8383294759615385 0.3720800793269231 0.838703704326923 0.3577490240384616 0.8315316346153847 0.3462792980769231 0.817183641826923 0.3400683581730769 0.8043479927884616 0.3371972668269231 0.7986844134615385 0.34054199278846153 0.7937731490384615 0.34054199278846153 0.7798032403846153 0.34149902403846155 0.7654591057692308 0.3429345697115384 0.7469560192307692 0.3434130865384616 0.7337422836538461 0.35010253846153844 0.7352507716346154 0.36252441346153846 0.7394058653846154 0.37351562499999996 0.7454475312500001 0.39167480528846155 0.7552623461538462 0.3954980456730769 0.7624382716346154 0.40218750000000003 0.7699884254807692 0.4098339855769231
0 1 0.3443652331730769 0.9863348774038462 0.33385253846153845 0.9746296298076923 0.3357666009615385 0.9599035504807693 0.33911132692307694 0.9448032403846154 0.33958984375 0.93271990625 0.3386328125 0.9304552475961538 0.3496240240384615 0.9357407403846154 0.36252441346153846 0.9334760793269231 0.37399414182692303 0.9293209879807692 0.39023925721153846 0.94178240625 0.39979980528846154 0.9606597211538461 0.39501953125 0.9731172836538462 0.3921533197115385 0.9923726850961538 0.3859423822115385 1 0.38498535096153846 1 0.3443652331730769
0 0.8437268509615384 0.34221679807692307 0.8410841057692308 0.3618066394230769 0.8441049374999999 0.38713378846153845 0.8471257716346153 0.3986035168269231 0.8531674375 0.40863769471153844 0.8629822524038461 0.4076806634615385 0.8795949062499999 0.40529296875000004 0.8905439807692308 0.40481445192307697 0.9052700625000001 0.40720703124999996 0.9162191346153846 0.4043359375 0.9158410504807691 0.39 0.9147106490384616 0.36610839903846154 0.9086689807692309 0.3431738269230769 0.8999845673076923 0.3297900384615385 0.8913001538461539 0.31975586057692307 0.8860146610576923 0.31354492067307693 0.878086420673077 0.31450195432692307 0.8660030865384616 0.3231005865384615 0.85165509375 0.3321826177884616 0.8437268509615384 0.34221679807692307
0 0.5517554014423077 0.29849121153846153 0.5434490745192307 0.3113964855769231 0.5434490745192307 0.32477538942307693 0.5615702163461539 0.3371972668269231 0.5815817908653846 0.34388671875 0.5932870360576923 0.34484375 0.6080131177884616 0.33671874999999996 0.6163194447115384 0.324296875 0.6159413581730769 0.316171875 0.6095216057692308 0.3099609375 0.597816358173077 0.29944824278846155 0.5830941346153846 0.29466796875 0.5691242283653846 0.29275878846153847 0.5517554014423077 0.29849121153846153
0 0.9197530865384616 0.21044921875 0.90625 0.21484375 0.8994945985576923 0.21629882692307692 0.9021373461538461 0.2263378918269231 0.9062885793269231 0.23589355528846154 0.9123302475961539 0.25118652403846153 0.9217708341346154 0.26360839903846156 0.9414043221153846 0.27603515624999997 0.9610378076923076 0.27746581971153844 0.9855787043269231 0.2712548822115385 1 0.2683886706730769 0.9999266971153846 0.25500976682692306 0.9942631177884615 0.23589355528846154 0.9874652788461538 0.2239453125 0.9814236105769231 0.21056640625 0.97576003125 0.2033984375 0.9704745360576923 0.19861816346153846 0.9553742283653845 0.19432128846153846 0.9440470673076924 0.19575195192307693 0.931963735576923 0.20196777403846153 0.9197530865384616 0.21044921875
0 0 0.41748046875 0.0008873461538461539 0.414609375 0.012214507211538463 0.40314453125 0.019386574519230766 0.4060107427884615 0.026562500000000003 0.4170019543269231 0.03449074038461539 0.4232128918269231 0.03713348798076923 0.4203466802884615 0.046570216346153846 0.4079199206730769 0.057523149038461535 0.41986816346153844 0.07149305528846153 0.43850585817307697 0.07111496875 0.4657421875 0.08092978365384615 0.45905273317307693 0.09225694471153846 0.43898437500000004 0.1005632716346154 0.42082519471153845 0.10245370432692308 0.40505371153846154 0.09414351923076923 0.39358398317307697 0.0854629639423077 0.38164062499999996 0.07300154326923078 0.36634765625 0.06243055528846154 0.35631347596153845 0.05298996875 0.3467578125 0.026940586538461538 0.3357666009615385 0.01712191346153846 0.32812011778846156 0 0.3133056634615385 0 0.41748046875
0 0.8447453701923078 0.4222558581730769 0.8371952163461539 0.41748046875 0.8228472211538461 0.41652343750000004 0.8047260793269231 0.42369140625 0.7915084879807692 0.4294238269230769 0.786601079326923 0.43945800721153844 0.7896219134615384 0.4542724615384615 0.7918865745192308 0.4724316418269231 0.7956635793269231 0.48198730528846156 0.8024575625 0.50158203125 0.8145408942307693 0.5116162115384616 0.8353086418269231 0.5101806634615385 0.8511651225961538 0.50970703125 0.8666435192307692 0.5120947259615385 0.8828819447115385 0.5183056634615385 0.9047800937499999 0.5206982427884616 0.9213927475961537 0.5249951177884615 0.94178240625 0.5249951177884615 0.9402700625 0.5173486322115385 0.9330979927884615 0.49011230528846156 0.9274344134615385 0.47100097596153845 0.9225231490384616 0.44806152403846156 0.9161072524038462 0.4294238269230769 0.9119521610576923 0.41748046875 0.9010030865384615 0.40553222596153843 0.8806134254807693 0.4040966802884615 0.8655131177884615 0.4088769543269231 0.8534297836538461 0.41748046875 0.8447453701923078 0.4222558581730769
0 0 0.3056591802884615 0.0008873461538461539 0.3123486322115384 0.011458334134615385 0.3228613293269231 0.01900848798076923 0.3305078125 0.026940586538461538 0.3357666009615385 0.03637731490384615 0.3400683581730769 0.047326389423076924 0.34484375 0.05110339423076923 0.34054199278846153 0.054502314903846154 0.32955078125 0.06129629567307692 0.31808593749999997 0.06847222115384616 0.30375 0.07035879567307693 0.29037109375000003 0.06998070913461539 0.27746581971153844 0.07035879567307693 0.2674316418269231 0.06545138942307692 0.25118652403846153 0.06205246875 0.23493652403846152 0.056766975961538464 0.21629882692307692 0.04619598798076923 0.20148925721153846 0.04279706730769231 0.18189453125000002 0.04015432211538462 0.1670800793269231 0.023919752403846153 0.15370117067307693 0.012966822115384616 0.14414550721153846 0 0.13124511778846154 0 0.3056591802884615
0 0.7927546298076924 0.6231982427884616 0.7920023149038461 0.6346630865384615 0.7980401225961539 0.6466113293269231 0.8063464495192308 0.6604687499999999 0.8172955240384615 0.6705029302884615 0.8278703701923077 0.681494141826923 0.838441358173077 0.68197265625 0.8493904326923077 0.6929638677884615 0.8565625 0.6996533197115385 0.8746875000000001 0.7116015625000001 0.8811072524038461 0.717333983173077 0.8837499999999999 0.6958300769230769 0.8811072524038461 0.6767138677884615 0.869023920673077 0.6494775384615384 0.8618518509615385 0.6346630865384615 0.8550540120192308 0.6222412115384616 0.8471257716346153 0.6150732427884615 0.829378858173077 0.61220703125 0.8093672836538462 0.6141162115384615 0.8018171298076923 0.6141162115384615 0.7927546298076924 0.6231982427884616
0 0.00013117307692307693 0.5163964831730768 0.007681326923076923 0.5407666009615385 0.023541665865384618 0.5488916009615384 0.04581790144230769 0.5436328125000001 0.056010802884615386 0.5355078125 0.06205246875 0.52833984375 0.06091820913461539 0.516875 0.04581790144230769 0.500625 0.029583334134615384 0.4948925793269231 0.015235338942307691 0.49441406250000003 0.00013117307692307693 0.5163964831730768
0 0.23913194471153845 0.13076660096153844 0.22554012259615386 0.14127929567307693 0.22025077163461537 0.15465820192307692 0.2296913581730769 0.16564941346153847 0.24139660576923075 0.16755859374999998 0.256875 0.17042480528846154 0.2731134254807692 0.17902831971153846 0.2882137355769231 0.18763183653846155 0.2953896610576923 0.19240722596153845 0.3120023149038461 0.19384277403846153 0.3267245360576923 0.18571777403846154 0.3354089495192308 0.17998535096153848 0.34749228365384616 0.1680371081730769 0.3580632716346154 0.16421386778846153 0.36674768509615385 0.16039062499999998 0.37090277884615386 0.15035644471153847 0.3697685192307692 0.13697753846153846 0.36486111057692305 0.12359863221153847 0.3508912043269231 0.11308593750000001 0.3327662043269231 0.10782714903846154 0.31804012259615383 0.10400390625 0.3044483028846154 0.10113769471153847 0.2957638894230769 0.09970214903846154 0.28557098798076924 0.0968359375 0.2761304014423077 0.09540527403846154 0.2636728389423077 0.09779296875 0.2580092596153846 0.10687011778846153 0.2538541658653846 0.11451660096153846 0.24932484615384617 0.12168456971153846 0.23913194471153845 0.13076660096153844
0 0.02240740625 0.48676757692307693 0.041284721153846154 0.48103515625 0.03826388942307692 0.46812988221153845 0.03599922836538461 0.44232910096153844 0.03411265384615385 0.4232128918269231 0.02844907451923077 0.4170019543269231 0.020898920673076922 0.40505371153846154 0.015235338942307691 0.4017089855769231 0 0.4170019543269231 0.00013117307692307693 0.4781689447115385 0.003908177884615385 0.4896337884615385 0.02240740625 0.48676757692307693
0 0.7258140432692308 0.09396972596153846 0.7137307091346153 0.103046875 0.7054243822115385 0.11499511778846154 0.69673996875 0.12885253846153846 0.6903202163461538 0.13840820192307693 0.6888117283653846 0.15322265625 0.697496141826923 0.1627832019230769 0.7076890432692308 0.17138183653846153 0.7190162043269231 0.17233886778846155 0.7360069447115385 0.16517089903846155 0.7461998461538462 0.15848144471153847 0.75790509375 0.15513671874999999 0.7722530865384616 0.15322265625 0.7816936730769231 0.15465820192307692 0.7975501538461539 0.16421386778846153 0.8017052475961539 0.17090331971153847 0.8032137355769231 0.1809375 0.7986844134615385 0.19814453124999998 0.7937731490384615 0.21391113221153846 0.7994367283653846 0.21534668028846154 0.817183641826923 0.21104492307692307 0.8303973774038462 0.20865722596153846 0.8319097211538462 0.20005371153846155 0.8394598774038461 0.1833300769230769 0.837951389423077 0.17568359374999998 0.8307754639423077 0.15848144471153847 0.8209606490384616 0.14223144471153845 0.8134066346153846 0.12598632692307693 0.8013271610576923 0.10448242067307692 0.7937731490384615 0.09922851682692307 0.790756173076923 0.09158203125 0.7835802475961539 0.08728027403846153 0.7764081778846154 0.0844140625 0.7711226850961539 0.08011230528846153 0.7714969134615385 0.07103027403846154 0.7597955240384615 0.07103027403846154 0.7495987644230768 0.07533203125 0.737141204326923 0.08584472596153846 0.7258140432692308 0.09396972596153846
0 0.8931867283653846 0.04403320432692308 0.8856365745192308 0.04116699278846154 0.8682677475961539 0.03782226442307692 0.8580748461538461 0.03973144471153846 0.8542978389423077 0.04689941346153846 0.8592052475961538 0.057412108173076924 0.8637384254807692 0.06505859374999999 0.8761959879807691 0.08130859375 0.8841280865384615 0.0884765625 0.8913001538461539 0.09420898317307692 0.8969637355769231 0.09851074278846153 0.9037615745192308 0.10424316346153846 0.9116898149038462 0.10758789182692308 0.9218827163461539 0.10424316346153846 0.9256597211538462 0.09516601682692308 0.9298109567307692 0.08512695432692308 0.9320756177884615 0.07604980528846153 0.932453704326923 0.06888183653846154 0.9264120360576923 0.06314941346153846 0.9154629639423076 0.05550293028846154 0.9018711418269232 0.04881347596153846 0.8931867283653846 0.04403320432692308
0 0.1749459879807692 0 0.1760763894230769 0.005566406249999999 0.1756983028846154 0.01990234375 0.17456790144230772 0.03328125 0.17230324038461536 0.0476171875 0.1738117283653846 0.06147461057692308 0.17645447596153846 0.06912109375 0.17645447596153846 0.08059081971153846 0.1768325625 0.08918945192307692 0.17834105048076923 0.09827148557692308 0.1858950625 0.10926269471153846 0.19080246875 0.11977539182692308 0.19080246875 0.12980956971153848 0.18966820913461538 0.13697753846153846 0.1979745360576923 0.1455761706730769 0.20967978365384615 0.14414550721153846 0.22478394951923075 0.13936523557692307 0.24366126442307692 0.1250292980769231 0.25423225240384617 0.11165038942307692 0.26518132692307694 0.09540527403846154 0.2765084879807692 0.07963378846153847 0.28972607932692307 0.06721191346153846 0.29425540144230766 0.05812988221153846 0.29954089423076924 0.039018555288461536 0.3021836418269231 0.02563476442307692 0.3010532403846154 0.015600586538461537 0.2957638894230769 0.0050878918269230775 0.28255015384615384 0 0.1749459879807692 0
0 0.7545100312499999 0.15465820192307692 0.7428047836538462 0.15895996153846154 0.7303433653846153 0.1670800793269231 0.7197723774038463 0.17376953125 0.7129745360576922 0.1809375 0.7144868822115384 0.19384277403846153 0.7193942908653846 0.20578613221153846 0.7258140432692308 0.22012206971153844 0.7314776225961539 0.23302734375 0.7386496923076924 0.24736328125 0.7443132716346154 0.2602636730769231 0.7563966057692307 0.2812890625 0.7654591057692308 0.2688671875 0.7733873461538461 0.24975097596153845 0.7782947524038462 0.23732910096153845 0.7892438269230768 0.217734375 0.7937731490384615 0.20531249999999998 0.7986844134615385 0.18667480528846153 0.7998148149038461 0.17807128846153847 0.7998148149038461 0.16564941346153847 0.7903780865384615 0.15991211057692306 0.7798032403846153 0.15370117067307693 0.76696759375 0.15227050721153848 0.7545100312499999 0.15465820192307692
0 0.21723379567307693 0.4910693365384615 0.21647762259615386 0.5025390625 0.20741512259615383 0.5149609374999999 0.19344521634615383 0.5211718750000001 0.19344521634615383 0.5312109374999999 0.19495370432692308 0.5421972668269232 0.1979745360576923 0.550322264423077 0.20477237740384616 0.5560595697115385 0.21685570913461538 0.559404298076923 0.2293132716346154 0.5622705072115385 0.2531018509615385 0.5684814447115385 0.27160107932692307 0.5684814447115385 0.28557098798076924 0.5574902355769231 0.2885918221153846 0.544111326923077 0.2965200625 0.53025390625 0.2984066346153846 0.5211718750000001 0.29803240625 0.5054052740384616 0.2976543221153846 0.4925 0.29878472115384613 0.47577636778846155 0.28972607932692307 0.4695654302884616 0.2772646610576923 0.4700439447115385 0.26933642067307695 0.4690869134615384 0.2598958341346154 0.46239746153846156 0.25461033894230767 0.45857421875 0.24479552403846153 0.4571386730769231 0.23535493749999997 0.45236328124999997 0.22214120432692308 0.44423828125 0.21685570913461538 0.4451953125 0.21005787019230768 0.4547509759615384 0.21307870432692308 0.46430663942307693 0.21685570913461538 0.480078125 0.21723379567307693 0.4910693365384615