0 0.5148842596153846 0.48255859375 0.5126157403846153 0.45960449278846155 0.4986882716346154 0.45796386778846154 0.48476080288461537 0.46124511778846156 0.46565200721153843 0.4698535144230769 0.4539930552884615 0.48748046875 0.4530208341346154 0.5079736322115385 0.4698611105769231 0.530927733173077 0.47310185096153845 0.5473242187499999 0.4880015432692308 0.5559326177884615 0.5126157403846153 0.5432275384615385 0.5223302475961538 0.5223193365384615 0.5207137355769231 0.4977246105769231 0.5148842596153846 0.48255859375
0 0.6576851850961538 0.582001954326923 0.6626658942307693 0.5899658197115385 0.6689583341346155 0.5916259759615385 0.674201389423077 0.5939501947115384 0.6797067908653845 0.5909619134615385 0.6841666658653847 0.5806738293269231 0.6862615745192309 0.5756982427884615 0.6915084879807692 0.57072265625 0.6980632716346153 0.5627587884615385 0.7025192908653846 0.5511425793269231 0.7077623461538463 0.5388623052884616 0.7124845673076923 0.5282470697115385 0.7127469134615385 0.5222705072115384 0.71353009375 0.5123144543269231 0.709336420673077 0.500703125 0.7059297836538462 0.4920751947115385 0.697013889423077 0.48245117067307697 0.6833796298076924 0.47614257692307693 0.6713194447115385 0.47581543028846157 0.66607253125 0.47747070432692307 0.6582060192307692 0.47680663942307694 0.6521759254807692 0.47747070432692307 0.6416898149038462 0.4804589831730769 0.6309375 0.4811230480769231 0.6222878076923077 0.4817871105769231 0.6170408942307692 0.4851025384615385 0.6141589495192308 0.49107910096153845 0.6094405865384616 0.5000390625000001 0.6013117283653846 0.5099951177884615 0.5973765432692308 0.514970704326923 0.5958063269230769 0.5232666009615385 0.5979012355769231 0.53255859375 0.6036689807692308 0.5448388677884616 0.6081288581730769 0.554130858173077 0.6097029326923077 0.5571142572115385 0.6141589495192308 0.5730419927884616 0.6201890432692309 0.5747021490384616 0.6285802475961538 0.5723779302884615 0.6401157403846154 0.5683984375000001 0.6516512355769231 0.5727099615384615 0.6576851850961538 0.582001954326923
0 0.8373842596153847 0.68326171875 0.8351195985576924 0.6780078125 0.8268132716346154 0.6694042980769231 0.8234143509615385 0.6674951177884616 0.8192592596153846 0.664150391826923 0.8139737644230769 0.6651025384615384 0.8083101850961539 0.6679736322115384 0.8022685192307691 0.6660595697115385 0.804911264423077 0.6588916009615384 0.806423610576923 0.6536376947115384 0.8075578701923077 0.6474218749999999 0.8086882716346153 0.6407324230769231 0.8060455240384615 0.6311767572115384 0.8026466057692307 0.6249658197115384 0.8007600312500001 0.6187499999999999 0.7958526225961537 0.6163623052884616 0.7867901225961538 0.6187499999999999 0.778483795673077 0.6220947259615385 0.7731983028846153 0.6254443365384615 0.7652700625000001 0.6292626947115385 0.7565856490384615 0.63404296875 0.7490316346153846 0.6354785144230769 0.7407253076923077 0.6397753918269231 0.7343094134615384 0.6440771490384616 0.7237345673076923 0.6488574230769231 0.7195833341346154 0.6579345697115385 0.7165625 0.6665380865384616 0.7135416658653846 0.6746630865384616 0.7097646610576922 0.6827832019230768 0.7071219134615384 0.6899511706730769 0.7056134254807692 0.6985546874999999 0.7059915120192308 0.7133691418269231 0.7056134254807692 0.7257910144230769 0.7056134254807692 0.7386962884615385 0.7075 0.7496826177884616 0.7101427475961538 0.7606738293269231 0.7108989206730769 0.7678417980769231 0.7192052475961539 0.7716650384615384 0.7278896610576923 0.7754882812499999 0.7316666658653846 0.7788330072115385 0.7350617283653846 0.78361328125 0.7373302475961538 0.7903027355769231 0.7426157403846154 0.7931689447115384 0.7494097211538461 0.8027246105769231 0.7524305552884616 0.8065478509615385 0.7573379639423077 0.8156298822115384 0.7580941346153847 0.8213623052884615 0.7607368822115385 0.8347412115384615 0.7618711418269231 0.8419091802884615 0.7637577163461539 0.8500341802884616 0.7667785504807691 0.8562451177884616 0.7675347211538461 0.8615039062500001 0.7660223774038462 0.8720166009615385 0.7648919759615385 0.88109375 0.7637577163461539 0.887783204326923 0.7686651225961539 0.8887402331730769 0.7731983028846153 0.8844384759615385 0.7818827163461539 0.8777490240384616 0.7864120360576923 0.8739257812500001 0.7898109567307692 0.8710595697115384 0.7958526225961537 0.8701025384615384 0.801516204326923 0.86962890625 0.806423610576923 0.8710595697115384 0.8105748461538462 0.868671875 0.8147299375 0.8681933581730769 0.82228009375 0.868671875 0.8230362644230769 0.8662841802884615 0.8234143509615385 0.8610253918269231 0.8253009254807692 0.852421875 0.8260570985576923 0.848125 0.8268132716346154 0.8462109375 0.8313425937500001 0.8423876947115385 0.8320987644230768 0.8356982427884615 0.8351195985576924 0.8304443365384616 0.837006173076923 0.8261425793269231 0.8373842596153847 0.818017576923077 0.8366280865384615 0.811328125 0.8362499999999999 0.804638673076923 0.8377623461538461 0.7926904302884614 0.844556326923077 0.7783544927884616 0.8479552475961539 0.7687988269230769 0.8494675937499999 0.76115234375 0.8513541658653847 0.7506396490384616 0.8517322524038462 0.7429931634615384 0.8521103389423076 0.7348730456730769 0.8524845673076923 0.72626953125 0.8505979927884616 0.71814453125 0.8441782403846154 0.7124121081730769 0.844556326923077 0.7085888677884615 0.8422916658653846 0.7033349615384614 0.8422916658653846 0.69951171875 0.84040509375 0.6918652355769231 0.8373842596153847 0.68326171875
0 0.2761959879807692 0.29054199278846154 0.2700038581730769 0.28870117307692306 0.2692785504807692 0.2847802740384615 0.2630864206730769 0.2829394543269231 0.25853394951923075 0.276484375 0.2596257716346154 0.27349121153846156 0.2643595673076923 0.26357910096153847 0.2700038581730769 0.25689941346153844 0.2749228389423077 0.25251953125 0.2794753076923077 0.24998535096153846 0.2882137355769231 0.2490625 0.29531635817307694 0.2520605480769231 0.30059413461538464 0.25505371153846157 0.30951774759615386 0.2589697259615385 0.3153433653846154 0.25874023317307693 0.3217168221153846 0.26242675721153846 0.3311844134615385 0.25989257932692306 0.33246142067307694 0.25712890625 0.33391589423076923 0.24698730528846152 0.33446373557692305 0.24030761778846152 0.33446373557692305 0.23108886778846155 0.33246142067307694 0.22232910096153846 0.33155092548076925 0.21195800721153846 0.32772376442307694 0.20896484375 0.3208063269230769 0.20228027403846155 0.31425154326923077 0.19651855528846152 0.3087885793269231 0.19467773317307693 0.30096064903846154 0.19398437500000001 0.29531635817307694 0.19075683653846154 0.2834799375 0.18799316346153847 0.28020061778846156 0.18845703125 0.2751041658653846 0.1916796875 0.26690972115384615 0.19490722596153848 0.25999228365384613 0.19698242307692307 0.2525270072115385 0.19997558653846154 0.24597222115384615 0.20228027403846155 0.23959876442307693 0.20873535096153845 0.2372299375 0.21104003846153846 0.23376929086538462 0.21518554567307693 0.2310416658653846 0.22048828125 0.22758101923076923 0.2239453125 0.21829475240384613 0.22693847596153846 0.21647376442307692 0.23108886778846155 0.21701774759615383 0.23776855528846155 0.21738425961538463 0.24330078125000001 0.2162924375 0.2520605480769231 0.21701774759615383 0.26150878846153847 0.2172029326923077 0.26634765625 0.21738425961538463 0.271875 0.21829475240384613 0.27901855528846153 0.22084490625 0.2861669927884615 0.22357638942307692 0.2921582043269231 0.22721450721153846 0.30068359375 0.2310416658653846 0.30782714903846153 0.2399614206730769 0.3170458990384616 0.24669753125 0.31912109375000003 0.2530709879807692 0.31451171875 0.26017361057692306 0.3115136706730769 0.2710995360576923 0.31105468750000004 0.2791087956730769 0.3092089831730769 0.2887615745192308 0.3048291009615384 0.28584490625 0.30045410096153846 0.28129629567307696 0.294921875 0.2761959879807692 0.29054199278846154
0 0.3243981490384616 0.1962890625 0.3199922836538462 0.19110839903846152 0.3130709879807692 0.18633300721153848 0.3055208341346154 0.18035644471153847 0.30016975240384614 0.1759765625 0.29167438221153846 0.17040527403846153 0.28475308653846154 0.16801269471153846 0.2762577163461538 0.16801269471153846 0.2690200625 0.1672167956730769 0.26178626442307695 0.16602050721153847 0.2558063269230769 0.16323730528846153 0.2536033942307692 0.15965331971153846 0.2504591057692308 0.15168456971153846 0.24762731490384615 0.14491699278846154 0.24353394951923077 0.14372070192307693 0.23346836538461538 0.15049316346153846 0.2233989206730769 0.15726074278846153 0.2145871923076923 0.16323730528846153 0.20515046394230768 0.17040527403846153 0.19633873557692308 0.17796874999999998 0.18627314903846154 0.18912109375 0.17525848798076923 0.2030566418269231 0.17211419711538462 0.21102050721153848 0.1677083341346154 0.21978027403846154 0.16487654326923076 0.22854003846153845 0.1639313269230769 0.23889648557692308 0.16456018509615383 0.24805664182692308 0.16141589423076924 0.2611962884615385 0.16456018509615383 0.26677246153846157 0.1683371923076923 0.27234375 0.17557484615384616 0.2747363269230769 0.1834413581730769 0.2743359375 0.19602623557692309 0.27672363221153845 0.20609182211538463 0.27672363221153845 0.2098688269230769 0.2747363269230769 0.21395833413461537 0.27075195192307694 0.21710648076923075 0.26239257692307694 0.21773533894230768 0.25402831971153844 0.21679012259615385 0.24686035096153847 0.21616126442307693 0.24168456971153846 0.21616126442307693 0.23570800721153845 0.21647762259615386 0.22934081971153847 0.21899305528846155 0.22694824278846154 0.2265470673076923 0.22456054567307693 0.2318942908653846 0.22137206971153847 0.23409722115384615 0.21778808653846154 0.23661265384615385 0.21301269471153847 0.23944444471153847 0.20743652403846152 0.24290509375 0.20265625 0.24699845673076923 0.20026855528846152 0.2539197524038462 0.19827636778846153 0.2665046298076923 0.19469238221153845 0.2737422836538462 0.19190429807692308 0.2775154326923077 0.18991699278846155 0.2834953701923077 0.1883203125 0.29136188221153847 0.18951660096153844 0.2985956778846154 0.19071288942307693 0.3058333341346154 0.19389648557692307 0.3118132716346154 0.19469238221153845 0.32125 0.20186035096153845 0.32502700721153843 0.20584472596153847 0.32974537019230765 0.2102246105769231 0.3319483028846154 0.21778808653846154 0.33226466105769226 0.2225683581730769 0.3350964495192308 0.22694824278846154 0.33918595673076923 0.22296875 0.3350964495192308 0.21261230528846153 0.33069058653846156 0.20425293028846153 0.3243981490384616 0.1962890625
0 0.2991396610576923 0.5889062500000001 0.3007754639423077 0.592822264423077 0.3027816346153846 0.5972021490384616 0.3044174375 0.6015771490384615 0.3071489206730769 0.6057275384615385 0.31370370432692307 0.6094140625000001 0.32044367307692306 0.6119482427884615 0.3259066346153846 0.616328125 0.3275424375 0.6124121105769231 0.3291820985576923 0.6121777355769231 0.3319135793269231 0.6073388677884616 0.33391589423076923 0.6041113293269231 0.33719521634615385 0.6008886706730769 0.34138117307692306 0.597890625 0.34375 0.5960498052884615 0.3466628076923077 0.5937451177884616 0.35030478365384615 0.5914404302884615 0.3515779326923077 0.5893652355769231 0.3510339495192308 0.58521484375 0.3512152788461539 0.5817578125 0.3544907403846154 0.5787646490384616 0.3579513894230769 0.5799169927884615 0.3595910504807692 0.57623046875 0.3586805552884615 0.5736962884615384 0.3588618822115385 0.5686230480769231 0.35922453605769233 0.5628613293269231 0.36013503124999996 0.5573339855769232 0.3610455240384616 0.5531835937499999 0.36050154326923073 0.5488037115384615 0.3574035504807692 0.54396484375 0.35521990625 0.5326757812499999 0.35540123557692305 0.5282958990384615 0.35521990625 0.5236865240384615 0.3548572524038462 0.5197705072115385 0.34975694471153845 0.5140087884615384 0.34502314903846154 0.5110107427884615 0.3353742283653846 0.50525390625 0.33209490625 0.5043310552884616 0.3213541658653846 0.5034082019230769 0.3153433653846154 0.5047900384615385 0.3126118822115385 0.5075537115384615 0.3086072524038462 0.512626951923077 0.30423611057692307 0.5135498052884615 0.2975 0.5135498052884615 0.2956790120192308 0.5147021490384616 0.2945871923076923 0.518388673076923 0.2920370360576923 0.5202294927884615 0.28948688221153845 0.5216113269230769 0.2865740745192308 0.5209228509615385 0.28366126442307693 0.5216113269230769 0.28275077163461537 0.5248388677884616 0.28329861057692307 0.5306005865384615 0.2823881177884615 0.5347509759615384 0.28020061778846156 0.5395898437500001 0.28092978365384613 0.5481152355769231 0.28220679086538464 0.5504199206730769 0.28074845673076926 0.5552587884615384 0.28129629567307696 0.5617089855769231 0.28384259375 0.567705079326923 0.28548225240384617 0.5730029302884615 0.2840239206730769 0.5799169927884615 0.2834799375 0.5856787115384615 0.2885763894230769 0.5833740240384615 0.2927662043269231 0.582451170673077 0.2975 0.585908204326923 0.2991396610576923 0.5889062500000001
0 0 0.7099609375 0.0003240745192307692 0.7220410144230769 0.006095677884615384 0.7303369134615385 0.009502314903846154 0.7356494134615384 0.019205247596153847 0.7485888677884615 0.02261188221153846 0.7539013677884616 0.027330247596153844 0.758876954326923 0.03205246875 0.7628613269230768 0.034409721153846155 0.7701611322115384 0.03939429086538461 0.77712890625 0.04883101923076923 0.7824365240384614 0.051454475961538466 0.789404298076923 0.050667437499999995 0.7983642572115385 0.05302855048076923 0.8066650384615385 0.05381558653846154 0.81529296875 0.05434027884615385 0.825244139423077 0.061415894230769236 0.8235888677884616 0.07190586538461538 0.8202685552884615 0.08160879567307691 0.8162841802884616 0.09655092548076924 0.81296875 0.10048611057692308 0.81263671875 0.1036304014423077 0.81529296875 0.10887731490384615 0.8146289062500001 0.11385802403846154 0.80931640625 0.11988811778846155 0.8069921875 0.12880401201923078 0.8063330072115384 0.13876543269230768 0.8060009759615384 0.14400848798076923 0.8060009759615384 0.1487307091346154 0.8020166009615385 0.1526620360576923 0.7950488293269231 0.15947916586538463 0.7847607427884615 0.16236496874999998 0.77845703125 0.16996913461538463 0.7655126947115385 0.17311342548076925 0.760205079326923 0.17783564903846155 0.7525732427884615 0.17809799278846153 0.7469287115384616 0.17783564903846155 0.74162109375 0.17573688221153846 0.7359814447115384 0.17311342548076925 0.7293408197115384 0.17049382692307694 0.7230371081730769 0.16813271634615384 0.7160693365384615 0.16682098798076922 0.7107617187499999 0.16629629567307694 0.7051171875000001 0.1649845673076923 0.7014697259615384 0.16708333413461537 0.6958251947115385 0.16813271634615384 0.6911816418269231 0.16918209855769228 0.6858691418269232 0.16996913461538463 0.6812255865384615 0.1723263894230769 0.6785693365384616 0.17678626442307693 0.6689453125 0.1759992283653846 0.6646337884615385 0.16708333413461537 0.6659619134615385 0.16052855048076922 0.6659619134615385 0.1531867283653846 0.6649658197115385 0.14400848798076923 0.6643017572115385 0.13667052403846153 0.6593212884615384 0.13299768509615384 0.657666016826923 0.1285416658653846 0.6550097644230769 0.12381944471153847 0.6546777331730769 0.12015046394230769 0.6546777331730769 0.11569444471153846 0.6506933581730769 0.11202160576923077 0.6477099615384615 0.10730324038461539 0.6450537115384616 0.10887731490384615 0.6423974615384616 0.1078279326923077 0.63376953125 0.10704089423076923 0.6271337884615384 0.10101080288461538 0.616845701923077 0.098125 0.6115380865384615 0.09078317788461539 0.6151904302884615 0.08658950721153845 0.6158496105769231 0.08344135817307692 0.622158204326923 0.08370370432692308 0.6277978509615385 0.08265432211538461 0.6327734374999999 0.08212962980769231 0.63443359375 0.07924768509615385 0.63443359375 0.07583719230769231 0.6314501947115385 0.07374228365384615 0.6277978509615385 0.07059413461538461 0.6251416009615384 0.06325231490384615 0.623486329326923 0.05800925961538461 0.6228222668269231 0.051454475961538466 0.623486329326923 0.04542438221153847 0.6224902355769231 0.04044367307692308 0.6268017572115384 0.03703317788461538 0.6304541009615385 0.03362654326923077 0.63708984375 0.029953704326923077 0.6453857427884616 0.028904322115384615 0.6490380865384615 0.02418595673076923 0.6520214831730768 0.022349536057692306 0.6530175793269231 0.01999228365384615 0.6566699230769231 0.016844134615384615 0.6629736322115385 0.01553240625 0.6669580072115384 0.011338735576923078 0.67591796875 0.011338735576923078 0.6815576177884615 0.010551697115384616 0.6871972668269231 0.008190586538461539 0.6915136730769231 0.003472221153846154 0.693505858173077 0 0.6961572259615385 0 0.7099609375
0 0.40555169711538464 0.6555078125 0.4113233028846154 0.6438916009615384 0.4152546298076923 0.6369238269230769 0.42076003125 0.6312841802884616 0.42521990625 0.6276318365384616 0.4302006177884615 0.6193359375 0.42469521634615387 0.61634765625 0.41944830288461543 0.6057324230769231 0.41551697596153847 0.5954443365384615 0.4123688269230769 0.5964404302884615 0.4084375 0.5987597644230769 0.40476851923076923 0.5944482427884615 0.4029320985576923 0.5884765625 0.39716435096153846 0.5878125 0.3903472211538462 0.58482421875 0.38274305528846153 0.586484375 0.3748765432692308 0.5884765625 0.3675347211538461 0.5894677740384615 0.36071759374999995 0.5897998052884615 0.3523263894230769 0.5904638677884615 0.3449845673076923 0.5957763677884615 0.33554783894230766 0.6024121105769231 0.33135030769230767 0.6090478509615385 0.32558256249999995 0.61734375 0.32243827163461536 0.62033203125 0.3150964495192307 0.6259716802884616 0.30827932211538467 0.6319482427884615 0.30093749999999997 0.6452197259615384 0.2959529326923077 0.65650390625 0.29438271634615387 0.6657958990384615 0.29307098798076925 0.6744238293269231 0.2893981490384615 0.6847119134615384 0.28966049278846157 0.6916796875 0.28887345673076925 0.6996435552884616 0.2891358028846154 0.7102636706730769 0.29149691346153844 0.7168994134615385 0.2991010793269231 0.7165673822115385 0.3085416658653846 0.7139111322115385 0.3156211418269231 0.7099316418269231 0.3226967596153846 0.706943358173077 0.34026620432692306 0.7062792956730769 0.3518016971153846 0.7099316418269231 0.36334105048076926 0.7115869134615385 0.37120370432692307 0.7115869134615385 0.3877237644230769 0.7109277355769231 0.3950655865384615 0.7082714855769231 0.3976890432692307 0.6910156249999999 0.39952160576923074 0.6777392572115384 0.40188271634615386 0.6657958990384615 0.40555169711538464 0.6555078125
0 0.8520331778846154 0.7208691394230768 0.852411264423077 0.7256494134615384 0.852411264423077 0.7328173822115385 0.8527893509615385 0.7395068365384615 0.8520331778846154 0.7466748052884615 0.852411264423077 0.7533642572115385 0.8486342596153846 0.7672216802884615 0.8471257716346153 0.77869140625 0.844861110576923 0.7863378894230769 0.8414621923076923 0.7930273437500001 0.8403279326923077 0.8025830072115384 0.8391975312500001 0.8111865240384616 0.8414621923076923 0.8231298822115385 0.8395756177884616 0.83412109375 0.8373070985576923 0.8441552740384615 0.8369290120192308 0.8484570312499999 0.8323996923076924 0.8618359375 0.8237152788461538 0.86900390625 0.8259799375000001 0.876171875 0.8327777788461539 0.8809521490384615 0.8391975312500001 0.8833398437500001 0.8425925937500001 0.8905078125 0.8459915120192308 0.8967236322115385 0.8493904326923077 0.9043652331730769 0.8535455240384615 0.9124902331730769 0.8595833341346153 0.91822265625 0.8656250000000001 0.9282617187500001 0.8724228389423078 0.94068359375 0.8792168221153845 0.9507177740384616 0.8867708341346153 0.9636230480769231 0.8954552475961539 0.9650537115384614 0.8988503076923077 0.9588427740384616 0.8996064807692308 0.9502392572115385 0.8988503076923077 0.9234814447115384 0.8996064807692308 0.91392578125 0.8996064807692308 0.9043652331730769 0.8984722211538462 0.8938525384615384 0.8944714495192307 0.8830566394230769 0.8937152788461538 0.8696728509615385 0.8933371923076923 0.86107421875 0.8940933653846154 0.8500830072115384 0.8937152788461538 0.83765625 0.8933371923076923 0.8276220697115384 0.8925848774038462 0.8156787115384615 0.8918287043269231 0.8042089831730769 0.8918287043269231 0.79560546875 0.8974922836538461 0.76884765625 0.8948495360576924 0.7564208990384615 0.8944714495192307 0.7502099615384614 0.8952276225961538 0.73826171875 0.8971141971153845 0.7306201177884616 0.895983795673077 0.7205810552884616 0.8933371923076923 0.7138916009615385 0.89107253125 0.7105468749999999 0.8854089495192308 0.7081591802884616 0.8805015432692307 0.7072021490384616 0.8740817908653846 0.70625 0.8672878076923076 0.7067236322115384 0.8646450625 0.7072021490384616 0.8589814807692308 0.7081591802884616 0.8533179014423078 0.7091162115384615 0.8502970673076924 0.7072021490384616 0.8446334879807692 0.7076806634615385 0.8459915120192308 0.7141796874999999 0.8493904326923077 0.7165673822115385 0.8520331778846154 0.7208691394230768
0 0 0.5961328125 0.009224536057692308 0.6001171875 0.016774692307692306 0.6044970697115384 0.02873070913461538 0.61046875 0.04100308653846153 0.6116650384615384 0.052642747596153845 0.6136572259615385 0.06145447596153846 0.6148486322115384 0.0749845673076923 0.6148486322115384 0.0834799375 0.6132568365384615 0.08851466105769232 0.6128564447115384 0.09480709855769232 0.6116650384615384 0.10015432211538461 0.6136572259615385 0.1010995360576923 0.6100732427884615 0.1014120360576923 0.606884766826923 0.10267361057692306 0.60130859375 0.10361496875000001 0.5953369134615385 0.10456018509615385 0.59095703125 0.10644675961538462 0.5849853509615385 0.10864969230769231 0.5814013677884615 0.11179783894230769 0.5790087884615385 0.11525848798076922 0.5766210937499999 0.11242669711538461 0.5742333990384615 0.1121103389423077 0.5710449230769231 0.11242669711538461 0.5674609375 0.11242669711538461 0.5642773437499999 0.11242669711538461 0.56029296875 0.11305555528846155 0.5555175793269231 0.11619984615384617 0.5491455072115385 0.11777392067307693 0.54794921875 0.12217978365384616 0.5487451177884616 0.12910107932692308 0.54994140625 0.1344521610576923 0.5503369134615385 0.14137345673076923 0.5491455072115385 0.14263117307692308 0.5467529302884615 0.14137345673076923 0.5427734375 0.13979938221153845 0.5383935552884616 0.14011574038461538 0.535205076923077 0.14137345673076923 0.5324169927884616 0.14451774759615385 0.5296337884615384 0.14766589423076923 0.5272412115384616 0.1520717596153846 0.5244531250000001 0.15395833413461538 0.5244531250000001 0.15741898076923075 0.5276416009615384 0.1580478389423077 0.5320214831730768 0.15962191346153845 0.5356054687499999 0.16308256250000003 0.5383935552884616 0.1665432091346154 0.541181639423077 0.1687461418269231 0.535205076923077 0.17220679086538462 0.5296337884615384 0.1756674375 0.5236572259615385 0.1778703701923077 0.5184814447115385 0.1778703701923077 0.5125097644230769 0.17629629567307692 0.505341798076923 0.17378086538461537 0.500166014423077 0.16748842548076923 0.49658203125 0.16339892067307693 0.4937939447115385 0.1605671298076923 0.49259765625 0.15112654326923078 0.4921972668269231 0.1470370360576923 0.4929980456730769 0.14011574038461538 0.49578125 0.13602237740384615 0.4985693365384615 0.1294174375 0.5021533197115384 0.12438271634615385 0.500166014423077 0.1212345673076923 0.4981738269230769 0.1171450625 0.49697753846153847 0.11085262259615385 0.49737793028846156 0.10739197596153846 0.4981738269230769 0.10298611057692307 0.5021533197115384 0.09826774759615384 0.505341798076923 0.09511959855769231 0.5093212884615385 0.0922878076923077 0.5117138677884616 0.08851466105769232 0.513701170673077 0.08536651201923078 0.5129052740384615 0.08033179086538461 0.5117138677884616 0.0775 0.5125097644230769 0.07466820913461539 0.515693360576923 0.07246527884615385 0.5180859375 0.06523148076923077 0.5196777331730769 0.05988040144230769 0.52126953125 0.05295910576923077 0.522861326923077 0.04729552403846154 0.524853516826923 0.043206019230769235 0.5260498052884615 0.031878858173076924 0.53162109375 0.02873070913461538 0.5356054687499999 0.024641204326923075 0.5403857427884615 0.021496913461538463 0.5455615240384616 0.01488811778846154 0.5511376947115385 0.011427468750000001 0.5543212884615385 0.00513503125 0.5587011730769231 0.0016743822115384615 0.563876951923077 0 0.5710449230769231 0 0.5961328125
0 0.39417052403846153 0.4015185552884616 0.3974112644230769 0.38840331971153846 0.39287808653846157 0.35684081971153847 0.3750617283653846 0.32937500000000003 0.3543364206730769 0.31256835817307693 0.34559027884615384 0.30929199278846153 0.33587191346153844 0.3117480456730769 0.32291666586538464 0.3211767572115385 0.32712962980769233 0.3445410144230769 0.3361959879807692 0.3564306634615385 0.34526620432692307 0.3773339831730769 0.3507716057692308 0.39455078125000004 0.3825115745192308 0.4134082019230769 0.3922299375 0.4072607427884615 0.39417052403846153 0.4015185552884616
0 0.10465663461538462 0.3602099615384615 0.0986496923076923 0.3576708990384615 0.09118055528846154 0.3546777355769231 0.08444444471153846 0.3507568365384615 0.07952932211538462 0.34845703125 0.07406635817307693 0.34661132932692307 0.06860339423076924 0.34430663942307693 0.062229937500000006 0.3394677740384615 0.06004629567307692 0.3429248052884616 0.05840663461538462 0.3470703125 0.056766975961538464 0.3509912115384616 0.05367283894230769 0.3537548822115385 0.05221836538461539 0.35744140625000004 0.05112268509615384 0.3645849615384616 0.06059413461538461 0.3638964831730769 0.06277777884615385 0.3645849615384616 0.06988040144230769 0.37126953125 0.07880015384615385 0.3786425769230769 0.08826774759615384 0.38255859375 0.09974151201923077 0.3867089831730769 0.11376157451923077 0.3922412115384616 0.12359182211538461 0.39776855528846156 0.12723379567307694 0.3984619134615385 0.12905478365384615 0.38809081971153847 0.1303317908653846 0.38232910096153844 0.13124228365384616 0.3751855480769231 0.13105709855769232 0.3687353509615384 0.13105709855769232 0.3588232427884615 0.1265046298076923 0.3599755865384615 0.11885802403846155 0.3608984375 0.11048225240384615 0.3615917980769231 0.10465663461538462 0.3602099615384615
0 0.5868634254807692 0.027919923076923075 0.5808333341346154 0.02327636778846154 0.5729668221153846 0.01862793028846154 0.565625 0.013320312499999999 0.5588078701923077 0.009672850961538462 0.5504166658653846 0.005356444711538461 0.5443865745192308 0.0023681634615384615 0.5289158942307692 0 0.5029591057692308 0.001044923076923077 0.4927353389423077 0.0043603509615384615 0.48722993750000004 0.006020507211538462 0.4762152788461539 0.011328125000000001 0.46939814903846155 0.016640625 0.4644174375 0.025268555288461537 0.4589120360576923 0.03090820192307692 0.45209490625000004 0.033896485576923076 0.44422839423076926 0.035224610576923075 0.4303317908653846 0.039204100961538466 0.43216820913461534 0.0481640625 0.4389853389423077 0.057788086538461535 0.4499961418269231 0.06608398557692308 0.4623186730769231 0.07902831971153847 0.4707098774038462 0.0816796875 0.47385416586538465 0.07604003846153846 0.4775270072115385 0.07105956971153846 0.48460648076923074 0.06840820192307692 0.4977160504807693 0.07006836057692307 0.5089891971153846 0.07238769471153847 0.5176427475961538 0.07172363221153846 0.5244598774038461 0.07305175721153846 0.5365200625 0.07371581971153846 0.5433371923076923 0.07338378846153847 0.55330246875 0.07105956971153846 0.5637885793269231 0.06874023557692308 0.574016204326923 0.06674804567307692 0.5803086418269231 0.06575195192307692 0.5918441346153845 0.06409179567307692 0.5999729927884615 0.06110839903846154 0.6057407403846153 0.05745605528846154 0.6086265432692307 0.05413574278846153 0.608888889423077 0.05015625 0.6052160504807692 0.043852538461538464 0.6002353389423077 0.03953613221153846 0.5926311730769231 0.033232420673076926 0.5868634254807692 0.027919923076923075
0 0.43285493750000004 1 0.4142901225961539 0.9979736322115385 0.4120871923076923 0.9900048822115385 0.4095717596153846 0.984033201923077 0.40673996874999996 0.9756689447115385 0.4048495360576923 0.9673095697115385 0.4023341057692308 0.9581494134615384 0.39950231490384613 0.9521777331730769 0.3954128076923077 0.94142578125 0.39163580288461536 0.9298779302884616 0.38817515384615386 0.9179296874999999 0.3828240745192308 0.91076171875 0.37684799278846154 0.9008056634615385 0.37086805528846156 0.8948339831730769 0.3620601850961539 0.8884619134615386 0.35482253125 0.88607421875 0.34160879567307695 0.9012060552884615 0.3236728389423077 0.919521485576923 0.30290894951923075 0.9406298822115384 0.28843364182692305 0.9561572259615385 0.27553626442307694 0.9708935552884616 0.26326388942307694 0.984033201923077 0.26357638942307693 0.9868212884615384 0.26735339423076926 0.99279296875 0.2717592596153846 1 0.43285493750000004 1
0 0.8974922836538461 0.40959472596153845 0.8888078701923077 0.40720703124999996 0.8827662043269231 0.40625 0.8755941346153846 0.4057714855769231 0.8672878076923076 0.4124609375 0.8586033942307693 0.4181933581730769 0.8484104927884615 0.42249511778846155 0.8431211418269231 0.4248876947115384 0.8348148149038461 0.43205566346153845 0.8317939807692307 0.4377880865384615 0.8276427475961537 0.44017578125 0.8253780865384616 0.4439990240384616 0.8238657403846154 0.44830078125 0.82009259375 0.4502099615384615 0.8114081778846154 0.4492578125 0.8027237644230769 0.45116699278846156 0.7963040120192308 0.4526025384615385 0.7932831778846154 0.4616796875 0.7929050937500001 0.4693261730769231 0.7910185192307692 0.47936035096153845 0.7902623461538462 0.4865283197115385 0.8004591057692308 0.4941748052884615 0.8023456778846154 0.5046875 0.8053665120192307 0.5132910168269231 0.807631173076923 0.52427734375 0.8072530865384615 0.5285791009615385 0.8091435192307692 0.5438720697115385 0.8121604927884616 0.5515185552884615 0.8132947524038462 0.5577294927884615 0.8148070985576923 0.5653759759615384 0.8155594134615385 0.5739746105769231 0.8148070985576923 0.5926123052884615 0.8261342596153847 0.5964355480769231 0.8363271610576923 0.5945263677884616 0.8499189807692308 0.5926123052884615 0.8559606490384616 0.5935693365384616 0.8657754639423078 0.5930908197115385 0.8774807091346154 0.588310545673077 0.8808796298076923 0.5792333990384615 0.8831442908653847 0.5696777355769231 0.8820138894230769 0.5586865240384615 0.8808796298076923 0.5496044927884616 0.8861651225961539 0.5362255865384615 0.89107253125 0.5304931634615385 0.8929629639423078 0.5238037115384615 0.8914506177884616 0.5147216802884615 0.8899421298076924 0.5089892572115384 0.8884297836538462 0.503251954326923 0.8854089495192308 0.49704101682692303 0.8812577163461538 0.48939453125 0.8789930552884615 0.4774511706730769 0.8793672836538462 0.46741699278846155 0.8778587956730769 0.4602490240384615 0.8767245360576923 0.45308105528846154 0.8774807091346154 0.44830078125 0.8812577163461538 0.44495605528846155 0.8861651225961539 0.44495605528846155 0.8922067908653847 0.4435205072115384 0.8944714495192307 0.4344433605769231 0.8952276225961538 0.42727538942307697 0.8971141971153845 0.41580566346153847 0.8974922836538461 0.40959472596153845
0 0.9722492283653845 0.9591845697115384 0.9827276225961538 0.93470703125 0.9867554014423077 0.9041064447115384 0.9835339495192308 0.877587889423077 0.9641898149038461 0.86228515625 0.9496836418269231 0.8490283197115385 0.9311496923076923 0.8388281249999999 0.8981057091346153 0.8327099615384616 0.8964930552884615 0.8327099615384616 0.8916589495192307 0.8714697259615385 0.9053587956730769 0.9204248052884616 0.9174498461538462 0.9520458990384615 0.9472685192307692 0.9632666009615385 0.9722492283653845 0.9591845697115384
0 0.6519945985576924 0.3059765625 0.6519945985576924 0.2963525384615385 0.6493711418269231 0.2907080072115385 0.6462268509615385 0.28374023557692307 0.6433410504807693 0.27577636778846154 0.6373109567307692 0.26880859375 0.6249884254807692 0.2628369134615384 0.6142361105769231 0.25619628846153847 0.6061072524038461 0.24922851682692307 0.5945717596153846 0.24392089903846154 0.5843479927884615 0.2376171875 0.5811998461538461 0.2362890625 0.5770061730769231 0.2309765625 0.5722839495192308 0.22467285096153844 0.5670408942307692 0.22201660096153847 0.5573418221153846 0.22600097596153848 0.5505246923076923 0.2296484375 0.5434452163461538 0.235625 0.5384606490384616 0.24026855528846153 0.5326929014423076 0.24889648317307692 0.5271875 0.2538769543269231 0.52115740625 0.2598486322115385 0.5182716057692308 0.26814453125 0.5153896610576922 0.27810058653846154 0.5135532403846154 0.2863964831730769 0.5109297836538461 0.29933593750000004 0.5111921298076922 0.30431640625 0.5127662043269231 0.3139404302884615 0.5161766971153846 0.3245605480769231 0.5161766971153846 0.3318603509615385 0.518796295673077 0.34115234375000003 0.5229938269230769 0.35110351442307697 0.5266628076923077 0.3587402355769231 0.5384606490384616 0.36803222596153845 0.5413464495192307 0.36404785096153847 0.5489506177884615 0.371015625 0.5526195985576924 0.37333984374999996 0.55603009375 0.3703515625 0.5591743822115385 0.36371581971153844 0.5625848774038462 0.3567480456730769 0.5659915120192308 0.3497802740384615 0.5699266971153846 0.34845214903846156 0.5728086418269231 0.34579589903846153 0.5780555552884615 0.34446777403846157 0.5906404326923077 0.34380371153846156 0.5985069447115385 0.34181640625000004 0.6000771610576924 0.3394921875 0.6008641971153846 0.3368359375 0.6053240745192308 0.33583984375 0.6155478389423077 0.33417968750000004 0.6255131177884615 0.33384765625 0.6370486105769231 0.33318847596153844 0.6443904326923077 0.3328564447115384 0.6540895072115384 0.33384765625 0.6561882716346153 0.32986816346153847 0.6556635793269231 0.3238964855769231 0.6546141971153846 0.3172558605769231 0.6527816346153846 0.3112841802884615 0.6519945985576924 0.3059765625
0 0.53678240625 0.16411132932692307 0.5394058653846154 0.15747558653846155 0.5396682091346153 0.14851562499999998 0.5380941346153846 0.1425390625 0.5339004639423077 0.13159179807692306 0.5302276225961539 0.12296386778846154 0.5291782403846154 0.115 0.5276080240384615 0.10637206971153847 0.5247222211538461 0.10039550721153846 0.5144984567307692 0.10139160096153846 0.5092515432692308 0.09807617307692308 0.5055825625 0.09077148557692308 0.4990277788461538 0.09010742067307692 0.4911612644230769 0.09276367067307692 0.4848688269230769 0.09110351442307693 0.4809336418269231 0.08745605528846154 0.47542824038461534 0.08247558653846153 0.46939814903846155 0.08347168028846154 0.4623186730769231 0.08911621153846154 0.4568132716346154 0.09840820192307692 0.45052083413461536 0.10670410096153846 0.4397685192307692 0.12263183653846153 0.4355748461538462 0.1289355480769231 0.4261342596153846 0.13889160096153846 0.4211535504807692 0.1478515625 0.4161728389423077 0.15647949278846152 0.4062075625 0.16842285096153847 0.4020138894230769 0.17672363221153847 0.40043981490384617 0.19099121153846152 0.39939043269230773 0.2002832043269231 0.4093557091346154 0.19497070432692307 0.41302469230769234 0.19032714903846154 0.4161728389423077 0.1840234375 0.42535107932692306 0.18037109375 0.4303317908653846 0.1813671875 0.4355748461538462 0.18369140625000002 0.44186728365384614 0.18236328124999998 0.4497337956730769 0.18169921875 0.4531442908653846 0.179375 0.4591743822115385 0.17473144471153848 0.46467978365384616 0.17174316346153845 0.4759529326923077 0.17041503846153847 0.48460648076923074 0.17373535096153844 0.49326003124999995 0.17837890625 0.5029591057692308 0.180703125 0.5113503076923077 0.1846875 0.5171180552884616 0.18833496153846155 0.52419753125 0.19762695192307692 0.5273456778846154 0.19530273317307692 0.5297029326923077 0.18899902403846153 0.5310146610576922 0.18169921875 0.5315393509615385 0.17539550721153846 0.53678240625 0.16411132932692307
0 0.6372839495192307 0.20625488221153845 0.6488194447115384 0.20725097596153846 0.6548533942307693 0.21023925721153847 0.6616705240384615 0.21388671875 0.67084490625 0.21853515625 0.67478009375 0.22251464903846155 0.6818595673076923 0.22849121153846155 0.685003858173077 0.23910644471153847 0.6926080240384616 0.23943847596153847 0.6999498461538463 0.23877441346153847 0.71201003125 0.2367871105769231 0.7196141971153847 0.2331347644230769 0.7280054014423077 0.2311425769230769 0.743213735576923 0.22882324278846153 0.7521257716346154 0.23047851682692308 0.7586805552884616 0.2347949230769231 0.7660223774038462 0.23612304567307693 0.7678587956730769 0.22981445192307692 0.7678587956730769 0.22583496153846155 0.768121141826923 0.21953125 0.7710069447115384 0.212890625 0.7736265432692307 0.20525878846153847 0.7757253076923077 0.19862304567307693 0.7820177475961538 0.18833496153846155 0.784641204326923 0.17705078125 0.7851658942307692 0.16842285096153847 0.7817554014423076 0.15847168028846154 0.7778240745192307 0.15249511778846153 0.7652391971153846 0.14088378846153846 0.7592052475961538 0.13424316346153847 0.7497685192307693 0.12561523557692308 0.7400655865384616 0.11931152403846154 0.7335108028846153 0.11400390625 0.7293171298076923 0.10835937500000001 0.720663579326923 0.09741211057692307 0.7093904326923077 0.08978027403846153 0.7007368822115385 0.08280761778846155 0.6947067908653846 0.07783203124999999 0.6878896610576923 0.0728515625 0.6808101850961539 0.06654785096153847 0.6711072524038462 0.05791992067307693 0.6637654326923077 0.051616211538461534 0.6572106490384615 0.04564453125 0.6490817908653846 0.0393359375 0.6438387355769231 0.0393359375 0.6372839495192307 0.041328125 0.6351851850961538 0.04431640625 0.6323032403846154 0.050952149038461535 0.6302044759615384 0.05725586057692308 0.6281057091346154 0.06256835817307692 0.6239120360576924 0.07020019471153846 0.6241743822115384 0.0808203125 0.6257484567307692 0.09906738221153846 0.6246990745192308 0.10703613221153846 0.6236496923076923 0.1143359375 0.6228626538461538 0.12063964903846153 0.6210262355769232 0.12926757692307692 0.6205054014423077 0.13789550721153845 0.6191936730769231 0.14751953125 0.618931326923077 0.1601269543269231 0.6178819447115385 0.16975097596153846 0.6191936730769231 0.178046875 0.6205054014423077 0.18667480528846153 0.6218132716346154 0.19663085817307693 0.6191936730769231 0.20127929807692307 0.6220756177884615 0.20691894471153846 0.6307291658653846 0.20592285096153845 0.6372839495192307 0.20625488221153845
0 0.5387307091346154 0.7800292980769231 0.5462808653846154 0.7547021490384616 0.5542091057692308 0.7518359375 0.5670447524038461 0.7594824206730769 0.5700655865384616 0.7532666009615384 0.5779976850961538 0.749921875 0.5866782403846154 0.7547021490384616 0.5961188269230769 0.7604345697115384 0.5964969134615384 0.7523144519230769 0.5946103389423076 0.7413232427884615 0.5863040120192308 0.7312890625 0.5806404326923077 0.7250732427884615 0.5708217596153846 0.7145605456730769 0.5670447524038461 0.7064404302884615 0.5617592596153846 0.6973583990384615 0.557986110576923 0.68828125 0.5670447524038461 0.685888673076923 0.5734645072115385 0.6873242187499999 0.5757291658653846 0.6863671875 0.5719560192307692 0.6772900384615385 0.56478009375 0.6715576177884616 0.5560956778846153 0.6701220697115384 0.5459027788461538 0.6653417956730769 0.5360879639423077 0.6619970697115385 0.5292901225961538 0.659130860576923 0.5198495360576924 0.6533984375 0.511921295673077 0.6519628918269231 0.5047492283653846 0.6519628918269231 0.49757330288461543 0.6500537115384616 0.4892669759615385 0.652919923076923 0.48473765384615386 0.6624755865384616 0.48398148076923075 0.6691650384615385 0.48398148076923075 0.6772900384615385 0.48624614182692305 0.6911474615384615 0.4873804014423077 0.6997509759615385 0.48775848798076926 0.7093066418269232 0.48888888942307696 0.7207763677884615 0.49040123557692306 0.7336767572115386 0.4915316346153846 0.7432324206730769 0.49644290144230774 0.7585253894230769 0.4994637355769231 0.7695166009615384 0.5089004639423077 0.766650389423077 0.5130555552884615 0.7633056634615384 0.5262692908653845 0.766650389423077 0.5387307091346154 0.7800292980769231
0 0.16745370432692308 1 0.1765586418269231 0.9945166009615385 0.18111111057692308 0.990869139423077 0.1906674375 0.9852978509615385 0.19673996875000002 0.9828027331730769 0.20189814903846154 0.9799218749999999 0.20675154326923076 0.9726220697115384 0.2137345673076923 0.9645556634615384 0.21964892067307693 0.9584130865384615 0.22116898076923078 0.9551464831730769 0.22283564903846154 0.9524609374999999 0.22723765384615383 0.9514990240384615 0.23179012259615384 0.9484277355769231 0.23573302403846152 0.944970701923077 0.23983024759615384 0.9417041009615384 0.24499228365384618 0.9370947259615385 0.24817515384615385 0.9361376947115385 0.2525771610576923 0.93748046875 0.2569791658653846 0.93978515625 0.26077160576923075 0.9407421874999999 0.26425925961538466 0.9436230480769231 0.2688117283653846 0.9453515625000001 0.27381944471153846 0.936328125 0.27609567788461536 0.9272998052884615 0.28034336538461535 0.916357423076923 0.28079861057692307 0.9104003894230769 0.2833796298076923 0.9002246105769232 0.2868711418269231 0.8899121105769231 0.2895987644230769 0.8822314447115385 0.28899305528846153 0.8751220697115384 0.2855054014423077 0.8662890625 0.28459490625 0.8611035168269231 0.2829243822115385 0.8497753894230768 0.2824691346153846 0.845166016826923 0.27852237740384617 0.84228515625 0.27412422836538464 0.8401708990384615 0.27351851923076925 0.8369091802884616 0.27366898076923074 0.8326855456730768 0.27048225240384616 0.829609375 0.2703317908653846 0.8253857427884616 0.2708757716346154 0.821142579326923 0.2645023149038461 0.8156103509615384 0.26158950721153845 0.80892578125 0.2595871923076923 0.8059326177884615 0.25776620432692304 0.8043212884615384 0.26013503125 0.8033984375000001 0.25885802403846153 0.7980957019230769 0.2555825625 0.794873048076923 0.25103009374999996 0.79072265625 0.2486612644230769 0.789111326923077 0.2455671298076923 0.7877246105769231 0.2399228389423077 0.7863427740384614 0.23573302403846152 0.7874951177884615 0.23263888942307692 0.7888769519230769 0.2284529326923077 0.7879589831730769 0.22335262259615385 0.7897998052884615 0.2186188269230769 0.7932568365384616 0.2084220673076923 0.7983251947115384 0.20295910576923076 0.8024755865384615 0.19949845673076924 0.8004003918269231 0.1960416658653846 0.8017822259615385 0.19112268509615385 0.8052392572115384 0.18729938221153847 0.8103125 0.18311342548076923 0.81376953125 0.1783796298076923 0.8163037115384615 0.17036651201923075 0.82044921875 0.16618055528846154 0.8222949206730769 0.16399305528846153 0.8195263677884616 0.16053626442307692 0.8206787115384616 0.1545254639423077 0.8266748052884616 0.14706018509615384 0.8347363293269231 0.14487654326923077 0.8372753894230769 0.14032407451923076 0.8421142572115384 0.1368634254807692 0.846953125 0.13395061778846154 0.8497167980769231 0.1314004639423077 0.8522509759615384 0.12229552403846154 0.856171875 0.11519675961538461 0.85962890625 0.1150154326923077 0.8653857427884616 0.11938271634615384 0.8746044927884615 0.1141049375 0.8815185552884616 0.1066396610576923 0.8856689447115385 0.09844521634615384 0.8976513677884616 0.09129629567307693 0.9011279302884615 0.08735339423076922 0.8992041009615386 0.08219521634615384 0.8919091802884616 0.07930941346153847 0.889990235576923 0.07673225240384615 0.8930615240384616 0.07703317788461539 0.8999755865384615 0.07809799278846154 0.90880859375 0.07855324038461539 0.9174511730769231 0.07824845673076923 0.9230175769230768 0.07764274759615385 0.9366552740384615 0.07733796394230769 0.9412646490384616 0.07688271634615385 0.9474072259615384 0.07627700721153846 0.9539355480769232 0.0752121923076923 0.9612353509615384 0.07278549278846154 0.9664208990384615 0.0627121923076923 0.9802099615384615 0.059872685096153844 0.9857763677884616 0.05705246875 0.99015625 0.05515432211538462 0.9941308605769231 0.05641203605769231 0.9985302740384616 0.06900848798076922 1 0.14797067788461538 1 0.16745370432692308 1
0 0.7411998461538462 0.5989599615384615 0.73521990625 0.6017480480769231 0.7317592596153847 0.6037402331730769 0.7251504639423078 0.6017480480769231 0.7235802475961539 0.5937841802884616 0.7191743822115384 0.5965722644230769 0.7135108028846153 0.6017480480769231 0.7078472211538462 0.6033398437499999 0.7031288581730769 0.6061279302884615 0.7009259254807693 0.6117041009615385 0.6927430552884615 0.6172802740384615 0.6855092596153847 0.6268359375 0.6817322524038462 0.6344042980769231 0.6814158942307693 0.6555078125 0.6817322524038462 0.6622753894230768 0.6842476850961539 0.6746191394230769 0.6870794759615385 0.6889550793269231 0.6927430552884615 0.710859375 0.6965200625 0.72001953125 0.7025 0.7331591802884615 0.7056442908653846 0.7383349615384615 0.7056442908653846 0.7224072259615385 0.7050154326923077 0.7092675793269231 0.7056442908653846 0.69970703125 0.7069020072115385 0.6913476562499999 0.7087924375000001 0.6853710937499999 0.7122530865384615 0.6746191394230769 0.7169714495192309 0.6634716802884615 0.7210609567307693 0.6559033197115384 0.7273533942307692 0.6487353509615384 0.7377391971153846 0.6443554687499999 0.748121141826923 0.6363916009615385 0.7547299375 0.6336035144230769 0.7616512355769232 0.6296240240384615 0.7701466057692308 0.62484375 0.7827314807692307 0.6196679687500001 0.7883950625 0.618076170673077 0.7984645072115384 0.6156835937499999 0.8038117283653846 0.62365234375 0.8066435192307692 0.630419920673077 0.8091589495192307 0.63599609375 0.8104205240384614 0.6419677740384616 0.8101041658653846 0.6503320312499999 0.8097916658653846 0.6578955072115384 0.81482253125 0.6618798822115385 0.8223765432692307 0.665859375 0.8274112644230769 0.6686474615384616 0.8362191346153847 0.6758154302884616 0.8377932091346154 0.6801953125 0.8418827163461539 0.6849755865384615 0.8491203701923078 0.6778076177884615 0.8532098774038462 0.66984375 0.8557253076923076 0.6598876947115385 0.8595023149038461 0.6523193365384615 0.86044753125 0.6411718750000001 0.861388889423077 0.6332080072115385 0.8639081778846154 0.6224560552884615 0.8632793221153846 0.6148876947115385 0.8566705240384616 0.60931640625 0.8488040120192307 0.6069238269230769 0.840625 0.604931641826923 0.8255208341346154 0.6025439447115384 0.8157677475961538 0.6033398437499999 0.8050694447115384 0.6021484375 0.7975192908653846 0.5981640625 0.7880787043269231 0.5941845697115384 0.7795833341346154 0.591396485576923 0.7666859567307692 0.5882080072115385 0.7603935192307693 0.5878125 0.7537847211538462 0.5906005865384615 0.7500077163461539 0.596171875 0.7474922836538462 0.6029443365384616 0.7411998461538462 0.5989599615384615
0 0.45986496875000005 0.3212988293269231 0.4706018509615385 0.3231347644230769 0.4865586418269231 0.3326806634615384 0.4961419759615385 0.33305664182692307 0.5112268509615384 0.3172363293269231 0.5100694447115385 0.30146484375 0.5161651225961539 0.2765136706730769 0.5207947524038462 0.2570361322115385 0.5361882716346154 0.24379882932692307 0.5463348774038461 0.22910156250000002 0.5501003076923077 0.22508788942307692 0.5524228389423077 0.22031250000000002 0.5437191346153847 0.20893066346153846 0.5376234567307692 0.2074609375 0.5234066346153846 0.22251464903846155 0.5115123461538462 0.23646972596153845 0.5030979927884616 0.24087890625 0.4914930552884615 0.25189453125 0.48075617307692303 0.28310546875 0.46915123557692306 0.29228515625 0.46451003125 0.29265625 0.4587037043269231 0.29889648317307693 0.4465200625 0.3047705072115385 0.44478009375 0.3172558605769231 0.45986496875000005 0.3212988293269231
0 0.16473379567307692 0.09707519471153846 0.1599266971153846 0.08822265625 0.15074845673076923 0.07992675721153845 0.14528549278846153 0.07661132932692308 0.13807484615384616 0.07412109375 0.13130401201923078 0.06997070432692308 0.12540123557692306 0.06831543028846153 0.11906635817307692 0.06720703125 0.11251157451923076 0.06554687499999999 0.1059567908653846 0.06112304807692308 0.10027392067307693 0.060014649038461536 0.09896605048076923 0.0652734375 0.09677855048076923 0.07190918028846154 0.08913194471153846 0.07771484375 0.0827970673076923 0.08490722596153846 0.07973765384615385 0.09292480528846155 0.07733410576923078 0.10951660096153847 0.07645833413461539 0.1178125 0.0812654326923077 0.131640625 0.0841049375 0.14353027403846152 0.08563657451923076 0.14989257932692307 0.08847607932692308 0.15846191346153848 0.09131558653846154 0.17201660096153845 0.09503086538461539 0.18362793028846153 0.09983796394230769 0.19165038942307694 0.11098379567307691 0.20021972596153845 0.11382330288461538 0.204921875 0.12103394951923077 0.21708984375 0.12584105048076924 0.21459961057692306 0.1323958341346154 0.21155761778846155 0.13982253125 0.21072753846153847 0.15052855048076924 0.20547363221153844 0.1597067908653846 0.20298828124999999 0.16494984615384614 0.20187988221153846 0.16364197596153846 0.18528808653846152 0.1632021610576923 0.17892578125 0.16735339423076923 0.17671386778846154 0.16866512259615385 0.16814453125 0.1701967596153846 0.16040038942307694 0.17150462980769232 0.15376464903846154 0.17150462980769232 0.15072265625 0.17063271634615385 0.13606445432692307 0.16888503125 0.12610839903846155 0.16800925961538463 0.1175390625 0.16779320913461537 0.10758300721153846 0.16473379567307692 0.09707519471153846
0 0.3349035504807692 0.4755078125 0.3698804014423077 0.47427734374999997 0.38704475240384617 0.4648535168269231 0.3906095673076923 0.4533740240384615 0.3912577163461538 0.44640625 0.38736882692307695 0.43533691346153847 0.3795987644230769 0.4238623052884615 0.3740895072115385 0.41525390624999997 0.34526620432692307 0.4037744134615385 0.32065200721153847 0.41606933653846156 0.3187075625 0.4423046875 0.32259259375 0.46812988221153845 0.3349035504807692 0.4755078125
0 1 0.4717138677884615 0.9994367283653846 0.47123535096153846 0.9888618822115384 0.4693261730769231 0.976026235576923 0.4655029302884615 0.9662075625 0.46263671875 0.9541280865384615 0.45977050721153845 0.9465740745192307 0.45977050721153845 0.935625 0.4573779302884615 0.9273186730769231 0.45546875 0.9190123461538462 0.45308105528846154 0.9084413581730769 0.4492578125 0.899378858173077 0.44734375 0.8884297836538462 0.44543456971153844 0.8805015432692307 0.4459130865384615 0.8778587956730769 0.45403320432692307 0.8782368822115385 0.46072265625000003 0.8793672836538462 0.467890625 0.8801234567307692 0.4779296875 0.8812577163461538 0.4889160144230769 0.8861651225961539 0.49704101682692303 0.8940933653846154 0.5018212884615385 0.895983795673077 0.5094677740384616 0.9016473774038462 0.51806640625 0.9069328701923076 0.5295361322115385 0.9129706778846154 0.5453076177884616 0.9175038581730769 0.5567724615384615 0.9227893509615386 0.5639404302884615 0.9273186730769231 0.5720654302884616 0.9348726850961538 0.5854443365384616 0.9382716057692307 0.6064453125 0.9517746923076923 0.6171875 0.954861110576923 0.6259765625 0.9610339495192307 0.640625 0.9660493822115386 0.65234375 0.9702932091346154 0.66455078125 0.9775347211538462 0.6709814447115385 0.9835763894230769 0.67384765625 0.9899961418269231 0.66859375 0.9960378076923077 0.66142578125 1 0.6571240240384615 1 0.6126855456730769 1 0.4717138677884615
0 0.1413233028846154 0.5319677740384615 0.14006558653846152 0.5399755865384616 0.14279706730769232 0.546640625 0.1382754639423077 0.5485009759615385 0.13288966105769232 0.5490380865384615 0.12858024759615383 0.5493115240384616 0.12261574038461538 0.5485791009615385 0.11697144951923076 0.54880859375 0.11442129567307693 0.5536474615384616 0.11205632692307692 0.559638673076923 0.1126003076923077 0.5647119134615385 0.11150848798076923 0.5730078125 0.1151504639423077 0.575771485576923 0.10877700721153846 0.5819921874999999 0.10477237740384616 0.5916748052884615 0.10277006250000001 0.603193358173077 0.10131172836538462 0.6105712884615385 0.10161651201923078 0.6166552740384615 0.10339120432692309 0.6209765625 0.10706404326923077 0.6262597668269231 0.1082021610576923 0.6352099615384615 0.10920138942307693 0.6421044927884616 0.10996142067307693 0.64625 0.11173611057692308 0.6483447259615385 0.1151504639423077 0.6502636706730769 0.1181867283653846 0.6521875 0.11996142067307693 0.6536230456730769 0.12299382692307693 0.6542578124999999 0.12513503125 0.6547412115384615 0.12830632692307692 0.6556982427884616 0.13271990625 0.6568115240384615 0.13803240625 0.6596923822115385 0.14056712980769231 0.6614599615384615 0.14511959855769233 0.6630566418269231 0.15081018509615385 0.6640332043269231 0.15447916586538463 0.66466796875 0.15801697596153846 0.6654541009615385 0.16143132692307693 0.66578125 0.16662037019230772 0.6653027355769231 0.17091435096153845 0.6654541009615385 0.17444830288461538 0.6649951177884615 0.1768595673076923 0.6593847644230769 0.17849922836538462 0.6536230456730769 0.1802739206730769 0.6473828125 0.18089892067307692 0.6430615240384616 0.18179398076923076 0.6401806634615385 0.18305169711538463 0.6374560552884615 0.18355324038461537 0.6320214855769231 0.1846913581730769 0.6288134759615385 0.18658564903846153 0.6254541009615384 0.18824074038461538 0.6222460937500001 0.18950231490384617 0.61984375 0.19101851923076923 0.6161767572115384 0.1937808653846154 0.6103955072115385 0.19560185096153845 0.6080908197115384 0.19742283894230767 0.606171875 0.20197530769230768 0.60060546875 0.2066782403846154 0.594267576923077 0.2092554014423077 0.5908105456730769 0.2132021610576923 0.590234375 0.21820987740384615 0.5908105456730769 0.22200231490384617 0.5938818365384615 0.22670524759615385 0.5967626947115384 0.2300462956730769 0.59599609375 0.2367206778846154 0.594267576923077 0.24127314903846153 0.5952246105769231 0.24521990625 0.59830078125 0.24764660576923078 0.6034814447115384 0.24961805528846154 0.6052099615384615 0.2525 0.6082861322115385 0.2576620360576923 0.6130859375 0.2609992283653846 0.6161572259615385 0.26069444471153846 0.621728514423077 0.26221064903846153 0.6269140624999999 0.2647916658653846 0.6198095697115384 0.2643364206730769 0.61078125 0.2647916658653846 0.6063623052884616 0.2625154326923077 0.60060546875 0.2546257716346154 0.59580078125 0.24764660576923078 0.5933056634615385 0.24278935096153847 0.58908203125 0.2371759254807692 0.5881201177884615 0.23505015384615383 0.5915771490384615 0.22943672836538462 0.5875439447115385 0.22807098798076925 0.5812060552884616 0.22746527884615386 0.5765966802884616 0.22321759375 0.5691064447115385 0.2145679014423077 0.5652685552884615 0.21047067788461538 0.5656542956730769 0.20682870432692307 0.565458983173077 0.20167052403846153 0.563154295673077 0.19833333413461537 0.5596972644230769 0.18740740625000002 0.5566259759615385 0.17708719230769232 0.5531689447115384 0.1720833341346154 0.548369139423077 0.16418981490384615 0.5397265625000001 0.1587307091346154 0.53396484375 0.1566049375 0.5291650384615385 0.1540239206730769 0.524365235576923 0.1507021610576923 0.5242285144230769 0.14712191346153847 0.5274365240384615 0.1413233028846154 0.5319677740384615
0 0.6910455240384615 1 0.6916743822115384 0.9918798822115384 0.6960802475961538 0.9771435552884615 0.6979668221153846 0.971171875 0.7058333341346154 0.9604199230769231 0.7099228389423077 0.9544482427884616 0.7209375 0.936923826923077 0.7325771610576923 0.9265722644230769 0.742330247596154 0.9126318365384616 0.7467361105769231 0.9030761730769231 0.7520871923076923 0.8947167980769231 0.7568055552884616 0.88197265625 0.760266204326923 0.8684326177884615 0.762152778846154 0.8600683581730769 0.7627816346153846 0.85330078125 0.7612114206730769 0.8441406250000001 0.7599498461538462 0.8357763677884615 0.7596373461538461 0.8250292980769232 0.7577507716346153 0.8114892572115384 0.7517708341346154 0.8035253894230769 0.7435918221153847 0.7955615240384616 0.7372955240384615 0.7875927740384616 0.7338348774038461 0.7808251947115384 0.7313194447115384 0.7772412115384615 0.7212500000000001 0.772861326923077 0.7108680552884615 0.7684814447115385 0.702056326923077 0.7637011706730769 0.6916743822115384 0.7629052740384614 0.6825501538461538 0.7641015624999999 0.669336420673077 0.7696728509615384 0.6580092596153846 0.772861326923077 0.6325231490384616 0.7864013677884615 0.6252854927884616 0.790380860576923 0.6174189807692307 0.7943652355769231 0.60955246875 0.7979492187499999 0.60326003125 0.8035253894230769 0.5953973774038461 0.8087011730769231 0.5812384254807692 0.8178613293269231 0.5677083341346154 0.8302050793269231 0.5636188269230769 0.8377685552884616 0.562986110576923 0.8449365240384614 0.5541782403846154 0.8580810552884616 0.5519753076923076 0.86564453125 0.5472569447115384 0.8728125 0.5415933653846154 0.8803808581730769 0.5381327163461539 0.8839648437500001 0.5343557091346154 0.8939160144230769 0.5280632716346154 0.9142285144230768 0.5242862644230769 0.9233837884615385 0.5230285504807692 0.9345361322115384 0.5183101850961539 0.9448876947115384 0.5145331778846154 0.9524560552884616 0.5110725312500001 0.9612158197115386 0.5085570985576923 0.9675878894230769 0.5082407403846154 0.9771435552884615 0.5135879639423077 0.9839160144230769 0.5186226850961538 0.98869140625 0.5217708341346154 0.99267578125 0.5315239206730769 1 0.5419058653846154 1 0.6278047836538462 1 0.6661882716346154 1 0.6910455240384615 1
0 0.8745756177884616 0.5965722644230769 0.8670216057692308 0.6021484375 0.8635609567307692 0.6069238269230769 0.8632484567307692 0.614091798076923 0.8638773149038462 0.62166015625 0.8638773149038462 0.6244482427884616 0.8632484567307692 0.6308203124999999 0.8629320985576924 0.6363916009615385 0.8601003076923077 0.6551074230769232 0.8572685192307692 0.6622753894230768 0.8556944447115384 0.6666552740384616 0.8578973774038462 0.6694433581730769 0.8616743822115385 0.6678515625 0.8670216057692308 0.665859375 0.8730015432692307 0.6674560552884615 0.8780362644230769 0.6686474615384616 0.8836998461538462 0.6694433581730769 0.8865316346153846 0.6686474615384616 0.8906211418269231 0.6682519543269231 0.8969135793269231 0.6706396490384615 0.9032060192307692 0.6718359374999999 0.9091859567307693 0.67501953125 0.9179938269230768 0.6801953125 0.9261728389423076 0.6821875000000001 0.9299498461538461 0.6849755865384615 0.9384452163461539 0.6929394519230769 0.9406481490384616 0.6981152331730769 0.9434799375 0.7040869134615384 0.9472569447115385 0.7096630865384616 0.9551195985576922 0.7156396490384616 0.9614158942307692 0.7216113293269231 0.9648765432692308 0.7251953124999999 0.9680208341346154 0.7255908197115384 0.9683371923076923 0.7224072259615385 0.9686496923076924 0.714443360576923 0.969911264423077 0.7060791009615385 0.9717978389423076 0.6977197259615384 0.9727430552884615 0.6913476562499999 0.9749421298076922 0.6829833990384616 0.9743132716346155 0.6754199230769231 0.9714814807692308 0.6686474615384616 0.9664467596153846 0.6570996081730769 0.9620447524038462 0.6479394543269231 0.9595254639423078 0.6423681634615386 0.9570100312500001 0.63599609375 0.9551195985576922 0.6296240240384615 0.9529205240384615 0.6228515625 0.9478858028846153 0.616484375 0.9409645072115385 0.6101123052884615 0.9362422836538461 0.6077197259615384 0.9308950625 0.6021484375 0.9249151225961539 0.5941845697115384 0.9189390432692307 0.589404295673077 0.9135879639423077 0.5858203125 0.9094984567307692 0.5818359375 0.9066666658653847 0.577060545673077 0.9025771610576924 0.5734765625 0.8965972211538461 0.5706884759615385 0.8931365745192308 0.5778564447115385 0.8884182091346153 0.5858203125 0.8811805552884615 0.591396485576923 0.8745756177884616 0.5965722644230769
0 0.4327160504807692 0.4169921875 0.4218865745192308 0.418515625 0.41286265384615384 0.42688964903846155 0.40263503125 0.4367871105769231 0.39962577163461543 0.4451660168269231 0.38879629567307694 0.466484375 0.38217592548076923 0.48247558653846156 0.37796682211538457 0.5045556634615385 0.38939814903846154 0.5068408197115384 0.39902392067307696 0.5037939447115385 0.42429398076923075 0.4900878918269231 0.4405362644230769 0.46724609375 0.4597878076923077 0.44440429567307693 0.4573842596153846 0.4306982427884615 0.4477546298076923 0.42536621153846155 0.4327160504807692 0.4169921875
0 1 0.27045410096153844 0.99923996875 0.23833984375 0.9860995360576923 0.23374999999999999 0.9697878076923078 0.22916503846153846 0.9571026225961539 0.23088378846153848 0.9480401225961538 0.23547363221153847 0.9380748461538461 0.24235351682692308 0.9276504639423078 0.25210449278846153 0.9108873461538463 0.2721728509615385 0.8995601850961539 0.29281738221153847 0.8850617283653845 0.3146044927884616 0.8769058653846155 0.32779296874999997 0.8637692908653847 0.3518798822115385 0.8587847211538461 0.3639208990384616 0.8524421298076923 0.3782568365384616 0.85017746875 0.39144531250000003 0.8456442908653846 0.41036621153846153 0.8451929014423077 0.41725097596153843 0.8551581778846155 0.42068847596153847 0.8642206778846154 0.41552734375 0.8710185192307692 0.4115136706730769 0.8791743822115384 0.40635253846153846 0.88959490625 0.40692871153846155 0.8968441346153846 0.41094238221153845 0.8968441346153846 0.4189697259615385 0.8959374999999999 0.4252783197115385 0.8936728389423076 0.437890625 0.8936728389423076 0.44305175721153844 0.9000154326923078 0.4470654302884615 0.9412461418269231 0.4591113269230769 0.9571026225961539 0.45968261778846153 0.9711496923076923 0.463125 0.9833796298076922 0.4688574230769231 0.9965200625 0.47000488221153847 1 0.47401855528846154 1 0.27045410096153844
0 0.17856481490384615 0.7707714855769231 0.1735378076923077 0.776025389423077 0.17047839423076921 0.7815576177884616 0.16829475240384614 0.78708984375 0.16960648076923077 0.7912353509615385 0.1685146610576923 0.7987060552884616 0.16676311778846153 0.8028515625 0.1665470673076923 0.8103173822115385 0.16873070913461538 0.8152978509615385 0.16960648076923077 0.8175097668269231 0.17747299278846154 0.8161279302884614 0.18228009375 0.8141894519230769 0.1864313269230769 0.810595701923077 0.19014274759615385 0.8064453125 0.19320216105769233 0.8036816418269231 0.19735339423076922 0.8006396490384616 0.2001967596153846 0.79953125 0.20238040144230768 0.80119140625 0.20543981490384616 0.8000878918269231 0.21111882692307693 0.7964892572115385 0.21308642067307693 0.7953857427884615 0.21854938221153847 0.7917919927884616 0.22138888942307694 0.7898535144230769 0.22466820913461538 0.7884716802884615 0.22750771634615383 0.7879199230769232 0.2305671298076923 0.7881933605769231 0.23515432211538462 0.7881933605769231 0.2379938269230769 0.7868115240384616 0.2434567908653846 0.7862597668269231 0.24979552403846156 0.78349609375 0.25154320913461536 0.7763037115384616 0.2541628076923077 0.7693896490384616 0.2563503076923077 0.7638623052884616 0.25853394951923075 0.7580517572115385 0.2631211418269231 0.7527978509615385 0.26923996875 0.7489257812500001 0.27667052403846154 0.7467138677884615 0.2871566346153846 0.7439501947115384 0.29174768509615384 0.7442236322115385 0.2980825625 0.7445019519230769 0.3022337956730769 0.74533203125 0.30485725240384615 0.7392480480769231 0.3074768509615385 0.7345458990384616 0.31119212980769234 0.7306738269230769 0.31425154326923077 0.7287402331730769 0.3076967596153847 0.725146483173077 0.30463734615384613 0.7215478509615385 0.29917438221153847 0.7182324230769231 0.2932754639423077 0.7168505865384615 0.29087191346153846 0.7157421875 0.28824845673076926 0.7102099615384615 0.28824845673076926 0.7049560552884616 0.2878125 0.6997021490384616 0.28978009375 0.6925146490384615 0.28956018509615383 0.6880908197115385 0.2893441346153846 0.6844921875 0.29109182211538465 0.6800683581730769 0.2921836418269231 0.6750927740384616 0.28849151201923073 0.66873046875 0.2862191346153846 0.6647216802884616 0.28442515384615386 0.6601318365384615 0.28079861057692307 0.6549853509615384 0.2767129639423077 0.652109375 0.27219135817307694 0.6515283197115385 0.2726273149038462 0.6469677740384616 0.27295524759615386 0.6430126947115385 0.27186342548076925 0.6386425793269231 0.2720370360576923 0.6333349615384616 0.27114197596153844 0.6266406250000001 0.27022376442307694 0.6264208990384615 0.26585262259615383 0.62849609375 0.26185570913461537 0.6268896490384616 0.2614853389423077 0.6241259759615385 0.26021605048076923 0.6174316394230769 0.25565200721153847 0.6109912115384616 0.2521990745192308 0.6075341802884615 0.2480015432692308 0.6038281249999999 0.2458179014423077 0.5994580072115384 0.2432831778846154 0.5971630865384616 0.24072530769230768 0.5953125 0.23744984615384615 0.5953125 0.23362654326923077 0.5966943365384615 0.22980324038461536 0.597607423076923 0.2248842596153846 0.5973828125 0.22379243750000002 0.5948388677884615 0.22123842548076922 0.591630860576923 0.2143325625 0.5911621105769231 0.20976466105769231 0.59185546875 0.20559027884615383 0.5964697259615385 0.19774691346153844 0.60615234375 0.19302855048076922 0.6102978509615384 0.1915625 0.6169628918269231 0.18992669711538462 0.6204199206730769 0.18555555528846154 0.6291845697115386 0.18500771634615384 0.6324218749999999 0.18374228365384615 0.6363232427884615 0.18210262259615384 0.6420996081730769 0.18155864182692308 0.6471630865384616 0.17917438221153845 0.6559277331730768 0.17663966105769233 0.6614599615384615 0.17572144951923077 0.66328125 0.17589892067307694 0.6669873052884616 0.1753510793269231 0.6706689447115385 0.17408564903846152 0.6757275384615385 0.1693441346153846 0.682890625 0.1687962956730769 0.68587890625 0.16770447596153845 0.6941748052884615 0.16661265384615384 0.6969384759615385 0.16534336538461536 0.6997021490384616 0.16497299278846153 0.7031591802884616 0.16571759375 0.7084716802884615 0.16698302403846155 0.7149121081730769 0.1695408942307692 0.7211328124999999 0.17152777884615386 0.7268847668269232 0.1742592596153846 0.7317285168269231 0.17644290144230768 0.73888671875 0.17790894951923075 0.74373046875 0.1786304014423077 0.7476269519230769 0.17922067788461538 0.7511376947115385 0.1796566346153846 0.7550097668269231 0.18009259375 0.75943359375 0.18096836538461536 0.7646875000000001 0.17856481490384615 0.7707714855769231
0 0.3191049375 0.34778808653846155 0.3135995360576923 0.341484375 0.3083564807692308 0.33650390625 0.30206404326923075 0.33351562500000004 0.2970833341346154 0.3311962884615385 0.28711805528846157 0.32953613221153844 0.2839737644230769 0.32920410096153846 0.2755825625 0.33252441346153844 0.26929012259615387 0.33849609375 0.26247299278846153 0.3461279302884615 0.2564429014423077 0.3534277331730769 0.2525077163461539 0.3607275384615385 0.24778935096153848 0.36869140625 0.24228394951923077 0.3769873052884615 0.2399228389423077 0.3839599615384615 0.2412345673076923 0.3909277331730769 0.24569058653846154 0.3949072259615385 0.25932484615384616 0.4002197259615385 0.2656172836538462 0.4025439447115385 0.2745331778846154 0.40685546875 0.2810879639423077 0.4105078125 0.28554398076923077 0.41249511778846154 0.2910493822115385 0.41150390625 0.29419753125 0.4091796875 0.30153935096153844 0.40818359374999996 0.31045524759615384 0.4078515625 0.31936728365384615 0.40552734375 0.32775848798076923 0.40287597596153846 0.335625 0.39922363221153845 0.34244212980769234 0.3942480456730769 0.34532793269230766 0.38793945192307694 0.34559027884615384 0.38196777403846155 0.34244212980769234 0.37333984374999996 0.3400810192307692 0.371015625 0.33614969230769226 0.36670410096153844 0.32907021634615385 0.36039550721153846 0.32277777884615383 0.3550878918269231 0.3191049375 0.34778808653846155
0 0.6466203701923077 0.38063964903846154 0.6398032403846153 0.3939160168269231 0.6350810192307693 0.40221191346153845 0.6295756177884615 0.41216308653846156 0.6243325625 0.4217871081730769 0.6209220673076923 0.43207519471153844 0.622233795673077 0.43572753846153844 0.6266898149038462 0.4373876947115385 0.6384915120192307 0.438046875 0.6455709879807692 0.44037109375 0.6497646610576923 0.43572753846153844 0.6529128076923078 0.43008300721153847 0.65553240625 0.42477539182692303 0.6571064807692307 0.4211230456730769 0.6594675937500001 0.41614746153846155 0.6623495360576922 0.4138232427884615 0.6670717596153846 0.41315918028846155 0.674151235576923 0.4138232427884615 0.6799189807692307 0.411171875 0.6825385793269232 0.40951171875000003 0.688306326923077 0.40818359374999996 0.6964351850961539 0.40751953124999996 0.7024652788461538 0.40818359374999996 0.7058757716346153 0.41083984375000004 0.7116435192307692 0.41481933653846154 0.7163618822115385 0.4181396490384615 0.7244907403846154 0.42211913942307694 0.7284259254807692 0.4254394519230769 0.7313078701923076 0.43340331971153845 0.73603009375 0.438046875 0.7389120360576923 0.4440234375 0.7425848774038462 0.44833496153846153 0.7478279326923077 0.45497558653846154 0.7512345673076923 0.4616113293269231 0.7543827163461538 0.472890625 0.7622492283653847 0.478203125 0.76696759375 0.47953125 0.775621141826923 0.48450683653846155 0.7853202163461539 0.4861669927884616 0.787943673076923 0.4841748052884615 0.7889930552884615 0.47787109375000003 0.7923996923076922 0.46625488221153844 0.7900424374999999 0.45629882692307694 0.7866319447115384 0.44568359375 0.7858449062499999 0.4387109375 0.7837500000000001 0.4290917956730769 0.7827006177884616 0.4231152355769231 0.7808641971153846 0.41481933653846154 0.7779783942307692 0.40818359374999996 0.7722106490384615 0.40154785096153844 0.7688040120192308 0.3965673822115384 0.7658179014423077 0.39111328125 0.7727623461538461 0.376953125 0.7662037043269231 0.3701171875 0.7611882716346153 0.36767578125 0.753472221153846 0.3671875 0.7457561730769231 0.365234375 0.73603009375 0.3653759759615385 0.727638889423077 0.36437988221153844 0.7205594134615385 0.36404785096153847 0.7066628076923076 0.3647119134615385 0.6974845673076923 0.3670361322115384 0.6906674375 0.37234375000000003 0.6851620360576922 0.3743359375 0.6786072524038461 0.37765136778846153 0.6710030865384616 0.37864746153846157 0.6649729927884616 0.37831543028846154 0.6576311730769231 0.3796435552884615 0.6500270072115384 0.37897949278846155 0.6466203701923077 0.38063964903846154
0 0.2361728389423077 0.12411132932692308 0.23945216105769232 0.1324121105769231 0.24454861057692306 0.13955566346153844 0.2501967596153846 0.1471582043269231 0.25402006250000003 0.15130859375 0.2716820985576923 0.15983398557692308 0.2809683653846154 0.16329101682692307 0.29462191346153843 0.16720703125 0.3055478389423077 0.16812988221153846 0.3137422836538461 0.16812988221153846 0.3270331778846154 0.16928222596153847 0.33467978365384615 0.16858886778846155 0.3434220673076923 0.16720703125 0.34469521634615385 0.16329101682692307 0.34578703605769234 0.15430175721153847 0.34669753124999997 0.145546875 0.34924768509615384 0.13148925721153845 0.3477893509615385 0.12227050721153845 0.3477893509615385 0.11512695192307693 0.3445138894230769 0.10729003846153845 0.34087191346153844 0.10061035096153846 0.33085648076923074 0.09369628846153846 0.32248070913461535 0.09023925721153846 0.31265046394230767 0.085859375 0.3066396610576923 0.08424804567307692 0.30063271634615385 0.08839355528846153 0.2895254639423077 0.09162109375000001 0.2824228389423077 0.0927734375 0.27823688221153847 0.09392578124999999 0.2694945985576923 0.09438476682692308 0.2614853389423077 0.095078125 0.25638503125 0.09807128846153847 0.25383487740384614 0.10061035096153846 0.2505594134615384 0.10106933653846153 0.24728009375 0.10037597596153845 0.24363811778846156 0.10314453124999999 0.23817901201923078 0.108671875 0.23526234615384614 0.11650878846153846 0.2361728389423077 0.12411132932692308
0 0.1526504639423077 0.4141503918269231 0.16707175961538462 0.4207861322115385 0.17777777884615384 0.42548828125000004 0.1832407403846154 0.43046874999999996 0.1869521610576923 0.42853027403846156 0.1878279326923077 0.4224462884615384 0.18848379567307694 0.4174707019230769 0.1878279326923077 0.4111083990384615 0.18564429086538461 0.40253418028846155 0.18258487740384616 0.39423828125000004 0.1799614206730769 0.38705078125000003 0.1788695985576923 0.38041503846153846 0.1784336418269231 0.37322265625 0.17777777884615384 0.3657568365384615 0.1775578701923077 0.35939453125000004 0.17471836538461538 0.3533105480769231 0.1692554014423077 0.3422509759615385 0.16597993749999998 0.3356152355769231 0.16292052403846155 0.3328466802884616 0.16138888942307691 0.32980468749999997 0.1581134254807692 0.3228955072115385 0.15221450721153845 0.3181933581730769 0.1460956778846154 0.3162548822115384 0.14281635817307692 0.32067871153846156 0.14150462980769232 0.32759277403846154 0.14106867307692308 0.33257324278846156 0.13954089423076924 0.34252929807692306 0.13145447596153848 0.3657568365384615 0.13254629567307694 0.3748828125 0.13123842548076922 0.381796875 0.12992669711538463 0.3878808605769231 0.1292708341346154 0.39285644471153847 0.12686728365384614 0.4022607427884616 0.12621142067307692 0.40917480528846156 0.12424382692307692 0.4163623052884615 0.1297067908653846 0.41525878846153846 0.1356057091346154 0.4135986322115385 0.14521990625 0.413046875 0.1526504639423077 0.4141503918269231
0 0.65678240625 0.3229589831730769 0.6596141971153846 0.3297265625 0.6627584879807693 0.335703125 0.6684220673076923 0.34087890625 0.6725115745192307 0.348046875 0.6737731490384615 0.35441894471153845 0.670625 0.36755859375 0.6693672836538462 0.37592285096153844 0.6721990745192308 0.37871093749999996 0.677233795673077 0.3771142572115384 0.6816396610576922 0.3751269519230769 0.6992592596153846 0.36835449278846155 0.7115277788461539 0.36556640625000003 0.7212808653846154 0.36357421874999996 0.7291473774038462 0.3627783197115385 0.7398456778846154 0.3639746081730769 0.7518016971153846 0.3667626947115385 0.7623456778846154 0.36767578125 0.768163579326923 0.3707421875 0.7725694447115384 0.3771142572115384 0.7697376538461539 0.38428222596153844 0.7659606490384616 0.3910546875 0.7700501538461538 0.40140625 0.7769714495192308 0.4077783197115385 0.7845254639423077 0.4073779302884616 0.7901890432692308 0.4049902331730769 0.8011998461538461 0.3998144519230769 0.8109529326923077 0.3974267572115385 0.8137847211538461 0.3934423822115385 0.8200771610576923 0.385078125 0.8194483028846153 0.37592285096153844 0.8181905865384616 0.3679589855769231 0.8159876538461539 0.3568066418269231 0.8147299375 0.3472509759615384 0.8118981490384616 0.32933105528846157 0.8071797836538461 0.3126074230769231 0.8049768509615384 0.303046875 0.8005709879807692 0.2887109375 0.7958526225961537 0.278359375 0.7927044759615385 0.26919921874999997 0.7860995360576923 0.2624316418269231 0.7791743822115385 0.2612353509615385 0.7694212956730768 0.26043945192307694 0.7574652788461538 0.25765136778846154 0.7565200625 0.26322753846153846 0.7527469134615384 0.26800293028846156 0.7480246923076923 0.26840331971153847 0.7382716057692308 0.2707910168269231 0.7282060192307692 0.27158691346153846 0.7187654326923076 0.2707910168269231 0.7077546298076923 0.27119140625 0.69673996875 0.27517089903846154 0.6895023149038462 0.2819433581730769 0.6847839495192307 0.28592285096153847 0.6762885793269231 0.2903027331730769 0.6693672836538462 0.2926953125 0.6545794759615385 0.29587890624999996 0.6526929014423076 0.3022509759615385 0.6530054014423077 0.3130029302884615 0.65678240625 0.3229589831730769
0 0.8533179014423078 0.6876123052884615 0.8495408942307693 0.6952587884615385 0.8491628076923077 0.7048144519230769 0.8548263894230769 0.7081591802884616 0.8623804014423077 0.7057714831730769 0.8672878076923076 0.7043359375 0.8767245360576923 0.7043359375 0.8861651225961539 0.7067236322115384 0.8918287043269231 0.7081591802884616 0.8974922836538461 0.7210595697115385 0.899378858173077 0.733486329326923 0.9012692908653845 0.7435205072115385 0.900891204326923 0.7564208990384615 0.8986265432692307 0.7702783197115385 0.8978703701923076 0.77697265625 0.9020216057692308 0.802294920673077 0.9012692908653845 0.8085107427884615 0.9023996923076923 0.8190234375000001 0.9073070985576923 0.82619140625 0.9178819447115385 0.8343115240384615 0.9284529326923077 0.8414794927884616 0.9375154326923076 0.845302735576923 0.9473302475961538 0.8467382812500001 0.9616782403846155 0.847216795673077 0.9650771610576924 0.83765625 0.96771990625 0.82619140625 0.9688541658653846 0.8152001947115385 0.9692283942307692 0.7922607427884615 0.9699845673076923 0.7827050793269231 0.9707407403846153 0.7726708990384614 0.9707407403846153 0.7664599615384616 0.9722492283653845 0.74734375 0.9662075625 0.7282275384615384 0.9624344134615386 0.7215380865384616 0.9541280865384615 0.7143701177884616 0.9477083341346154 0.7091162115384615 0.9397800937499999 0.6976464831730769 0.9371373461538461 0.6943017572115384 0.9326041658653845 0.68904296875 0.9288310192307693 0.6837890625 0.9137268509615384 0.6794873052884616 0.9088194447115385 0.6756640625 0.8940933653846154 0.6699316394230769 0.8880516971153847 0.6675390625000001 0.8846566346153846 0.669453125 0.8744598774038461 0.6684960937500001 0.8657754639423078 0.6665869134615385 0.8593595673076924 0.6718408197115384 0.8563387355769231 0.6747070312500001 0.8563387355769231 0.6823535144230769 0.8533179014423078 0.6876123052884615
0 0.9032060192307692 1 0.9089737644230769 0.9983691418269232 0.9084490745192307 0.9917333990384616 0.9058294759615385 0.98576171875 0.9034683653846154 0.9814453125 0.90084490625 0.9768017572115385 0.8974382716346153 0.9734814447115384 0.8929822524038461 0.9694970697115385 0.8874729927884615 0.965185548076923 0.8851157403846154 0.9615332043269231 0.8806558653846154 0.9539013677884616 0.8772492283653845 0.94892578125 0.873838735576923 0.94294921875 0.8712191346153847 0.9383056634615384 0.8685956778846153 0.9346533197115385 0.865451389423077 0.9280175793269231 0.8620408942307692 0.9237060552884616 0.8567978389423078 0.91341796875 0.8526003076923078 0.9064501947115384 0.8484066346153847 0.8994775384615384 0.8465702163461538 0.8958300793269232 0.8423765432692308 0.8881982427884616 0.838703704326923 0.8822216802884615 0.8350347211538461 0.8815576177884614 0.8284799374999999 0.8782421874999999 0.8250694447115384 0.8735937500000001 0.8216628076923077 0.8699462884615384 0.8164197524038461 0.8676220697115385 0.8114351850961538 0.8689501947115384 0.8048804014423077 0.8716064447115385 0.8006867283653847 0.8696142572115384 0.7959683653846154 0.8686181634615384 0.7899382716346154 0.8702783197115385 0.7839043221153846 0.87525390625 0.7778742283653847 0.88056640625 0.7721064807692308 0.8852099615384615 0.7676504639423077 0.8891943365384616 0.7626658942307691 0.893505860576923 0.7600462956730769 0.8971582043269231 0.7550655865384616 0.9041259759615384 0.7527044759615384 0.9084375 0.7458873461538461 0.91341796875 0.7430015432692307 0.9190576177884615 0.7367091057692308 0.9237060552884616 0.7335648149038462 0.9286816418269231 0.7275347211538462 0.9339892572115385 0.7230748461538461 0.9379736322115384 0.7194058653846154 0.9409619134615385 0.7173070985576923 0.944609375 0.7112770072115384 0.9535693365384615 0.7107523149038462 0.9585498052884615 0.7099652788461538 0.963525389423077 0.7073456778846154 0.9648535144230769 0.70419753125 0.9658496081730769 0.7000038581730769 0.9688330072115385 0.6976427475961539 0.9718212884615384 0.6968557091346154 0.9741455072115385 0.6963310192307692 0.9794531249999999 0.6947569447115385 0.9844335937500001 0.6931867283653846 0.9910693365384616 0.6929243822115385 0.9967089855769231 0.6939737644230769 1 0.6965933653846155 1 0.9032060192307692 1
0 0.7512345673076923 0.4606152355769231 0.7475655865384615 0.4536474615384615 0.7376003076923077 0.44501953125000004 0.7318325625 0.4343994134615385 0.727638889423077 0.4264355480769231 0.7213464495192308 0.4207910144230769 0.7116435192307692 0.41614746153846155 0.70298996875 0.40884765624999997 0.6987962956730769 0.40818359374999996 0.6919791658653847 0.40818359374999996 0.6835879639423077 0.40884765624999997 0.6749344134615385 0.4138232427884615 0.6678549375 0.41415527403846153 0.6633989206730769 0.41282714903846157 0.6584182091346154 0.4164794927884615 0.6571064807692307 0.4224511730769231 0.6521257716346154 0.42875976682692307 0.6474035504807693 0.43970703125 0.6400655865384616 0.45563476442307693 0.6374421298076923 0.46293945432692307 0.638753858173077 0.4702392572115385 0.641111110576923 0.476875 0.6468827163461538 0.478203125 0.6542206778846154 0.47787109375000003 0.6605169759615385 0.47654296874999996 0.6649729927884616 0.47654296874999996 0.6710030865384616 0.47587890624999996 0.6770331778846154 0.47587890624999996 0.6830632716346153 0.476875 0.6906674375 0.47853515625000004 0.6951273149038462 0.475546875 0.6995833341346154 0.47322265625 0.7074498461538461 0.47521484375 0.7179359567307693 0.47654296874999996 0.7247530865384615 0.47853515625000004 0.7334066346153846 0.48052734375 0.7431095673076923 0.4871630865384615 0.74861496875 0.48915527403846154 0.7520216057692307 0.4871630865384615 0.7546450625 0.47986328125 0.7535956778846155 0.47123535096153846 0.7512345673076923 0.4606152355769231
0 0.39207175961538465 0.5849853509615385 0.3949884254807693 0.5870605456730769 0.40081404326923076 0.588212891826923 0.40372685096153843 0.5909765625 0.4073688269230769 0.5958154302884615 0.4102816346153846 0.5972021490384616 0.41447144951923076 0.5955859375 0.41665509375 0.5976611322115384 0.41956790144230766 0.6052636706730768 0.4210262355769231 0.6091845697115384 0.42430169711538457 0.6154052740384616 0.42794367307692305 0.6179394543269231 0.43267746875 0.6186328125 0.43741126442307693 0.615634764423077 0.44269290144230766 0.6121777355769231 0.44706404326923077 0.6126416009615384 0.4516126538461539 0.6045751947115384 0.45635030769230767 0.5953564447115385 0.4610841057692308 0.5845263677884616 0.4685493822115384 0.567470704326923 0.4700038581730769 0.5607910144230769 0.4714621923076923 0.5527246081730769 0.4709143509615385 0.5428125 0.4696412043269231 0.5356689447115385 0.4670910504807692 0.5282958990384615 0.4645408942307692 0.5223046875 0.45944444471153845 0.5193066418269231 0.45125 0.5190771490384616 0.4436033942307693 0.5216113269230769 0.43759259375000004 0.5259912115384615 0.43122299278846155 0.5287548822115384 0.42339120432692307 0.5319824230769231 0.40518518509615387 0.5428125 0.3962615745192308 0.5522607427884615 0.39207175961538465 0.5582568365384616 0.38679398076923077 0.5681640625 0.3784182091346154 0.5799169927884615 0.37459490624999997 0.5861376947115384 0.37951003125 0.5866015625000001 0.38679398076923077 0.5847558581730768 0.39207175961538465 0.5849853509615385
0 0.5808063269230769 0.34347168028846153 0.5745138894230769 0.3451318365384616 0.5695331778846154 0.34845214903846156 0.5663850312500001 0.35077636778846155 0.5645486105769231 0.35375976442307694 0.5593055552884615 0.36371581971153844 0.5574729927884615 0.36803222596153845 0.5566859567307693 0.373671875 0.5572106490384615 0.37897949278846155 0.5608796298076923 0.3899316418269231 0.5629783942307692 0.39723144471153843 0.5663850312500001 0.40652343750000003 0.5711072524038461 0.4105078125 0.5734645072115385 0.41481933653846154 0.5787075625 0.4231152355769231 0.5842168221153846 0.4290917956730769 0.5928665120192307 0.43141113221153843 0.5965393509615384 0.43240722596153847 0.6025694447115385 0.4353955072115384 0.6088618822115385 0.43970703125 0.6151543221153847 0.44103515625 0.6211844134615384 0.43970703125 0.6251195985576923 0.43837890625 0.6227584879807692 0.4360595697115385 0.6217091057692308 0.4330712884615385 0.622496141826923 0.4270996105769231 0.6243325625 0.4217871081730769 0.6303626538461539 0.40984375 0.6358680552884616 0.4012158197115384 0.6379668221153847 0.3962353509615385 0.6405864206730769 0.3912597644230769 0.64294753125 0.38627929807692307 0.6460956778846154 0.38196777403846155 0.6500270072115384 0.37897949278846155 0.6550077163461538 0.37798339903846156 0.6597299375 0.37731933653846156 0.6647106490384616 0.37599609375000004 0.6689043221153846 0.37599609375000004 0.669953704326923 0.37001953125 0.6710030865384616 0.3657080072115385 0.6712654326923077 0.3587402355769231 0.6715277788461538 0.3524316394230769 0.6707407403846154 0.3454638677884615 0.6691666658653846 0.34115234375000003 0.6647106490384616 0.33916015624999996 0.6592052475961538 0.33583984375 0.6508140432692309 0.33417968750000004 0.6442592596153845 0.33517578124999997 0.6358680552884616 0.33351562500000004 0.6311496923076922 0.3321923822115384 0.6232831778846154 0.33318847596153844 0.6169907403846153 0.3328564447115384 0.6122723774038461 0.33318847596153844 0.6067631177884615 0.33451171875 0.6023070985576923 0.3355078125 0.599683641826923 0.33916015624999996 0.5960146610576923 0.341484375 0.5915586418269231 0.3421435552884615 0.5857870360576923 0.34347168028846153 0.5808063269230769 0.34347168028846153
0 0.3674305552884615 0.7113232427884615 0.36244598798076927 0.7113232427884615 0.35562885817307693 0.7126513677884615 0.35300925961538465 0.7139794927884615 0.34881172836538465 0.7153076177884615 0.3451427475961539 0.7153076177884615 0.3398996923076923 0.7149755865384615 0.3370138894230769 0.7156396490384616 0.3249537043269231 0.7245996105769231 0.3189236105769231 0.7292431634615385 0.3157754639423077 0.7335595697115385 0.3131558653846154 0.7372070312500001 0.3089583341346154 0.74185546875 0.30712577163461535 0.7438427740384616 0.30397762259615385 0.7468310552884615 0.30712577163461535 0.7498193365384616 0.3097453701923077 0.7524707019230769 0.31079475240384613 0.7581152331730769 0.3118441346153846 0.7657470697115384 0.31210648076923075 0.77404296875 0.31236882692307694 0.77669921875 0.3157754639423077 0.7803466802884615 0.32233024759615386 0.7823388677884615 0.3236419759615385 0.7816748052884616 0.32390432211538467 0.7770312500000001 0.3246913581730769 0.77171875 0.3278395072115385 0.7713867187500001 0.33150848798076926 0.77537109375 0.3338695985576923 0.7800146490384615 0.3372762355769231 0.7800146490384615 0.3401620360576923 0.7903027355769231 0.3414737644230769 0.7949462884615385 0.3446180552884615 0.8002587884615384 0.3493364206730769 0.80623046875 0.35615355048076924 0.8155224615384615 0.35982638942307693 0.8195068365384616 0.3621875 0.8271386730769231 0.3645447524038462 0.8314501947115385 0.36821759374999996 0.8334423822115385 0.3739853389423077 0.8344384759615384 0.37739197596153845 0.84041015625 0.38185185096153845 0.8483740240384615 0.3873572524038461 0.8540185552884616 0.39836805528846153 0.8467187500000001 0.40544753125 0.84572265625 0.4161998461538462 0.8354345697115384 0.41777006250000004 0.8327783197115385 0.4269483028846154 0.8291308581730769 0.43140432211538465 0.8297900384615384 0.4460879639423077 0.8271386730769231 0.45579089423076924 0.81154296875 0.45684027884615386 0.80822265625 0.4607716057692308 0.8009228509615384 0.46890046394230767 0.7946142572115384 0.47493055528846156 0.7866503894230769 0.48620370432692306 0.7806787115384615 0.4966936730769231 0.7770312500000001 0.49826774759615383 0.7697265625 0.49538194471153846 0.756787110576923 0.4927623461538462 0.7455029302884615 0.49092592548076924 0.7318994134615384 0.48568287019230766 0.7305712884615385 0.4835841057692308 0.721279298076923 0.4822723774038461 0.7133154302884616 0.47388117307692307 0.7189550769230769 0.46811342548076923 0.7222753918269231 0.46103394951923077 0.7182910144230769 0.45552855048076923 0.7086669927884616 0.44818672836538465 0.7050195312499999 0.44084490625 0.7076708990384616 0.43088348798076925 0.7123193365384615 0.42144290144230767 0.7136474615384615 0.41226466105769227 0.7129833990384615 0.4009915120192308 0.7103271490384616 0.39155092548076925 0.7109912115384615 0.3852584879807692 0.7119873052884615 0.37922839423076926 0.7116552740384615 0.3731983028846154 0.7116552740384615 0.3674305552884615 0.7113232427884615
0 0.5368094134615384 0.5683984375000001 0.5360223774038462 0.5783544927884615 0.5341898149038461 0.5893017572115384 0.5297299375 0.5936181634615385 0.5242245360576923 0.5956103509615385 0.519506173076923 0.5956103509615385 0.5205516971153846 0.60357421875 0.5281558653846153 0.6122021490384616 0.5320910504807692 0.6188378918269231 0.538121141826923 0.6231542980769231 0.5428395072115385 0.6238183605769231 0.54834490625 0.6224902355769231 0.5525424375 0.6161816418269231 0.5596219134615384 0.6098779302884615 0.5695833341346154 0.6065625 0.5787615745192307 0.60158203125 0.5863657403846154 0.59958984375 0.5926581778846154 0.5969384759615385 0.5971141971153846 0.5949462884615385 0.5989506177884615 0.5886425793269231 0.6052430552884616 0.588310545673077 0.610486110576923 0.581005860576923 0.6167785504807692 0.5760302740384615 0.614683641826923 0.56607421875 0.6086535504807692 0.5564501947115384 0.6041936730769231 0.5474902331730769 0.6013117283653846 0.5415185552884615 0.5976388894230769 0.5348828125 0.5950192908653846 0.52857421875 0.5952816346153846 0.5182910144230769 0.5905594134615385 0.5156347668269231 0.5834799375 0.5202783197115385 0.5800733028846154 0.5262548822115385 0.5756134254807692 0.5328906250000001 0.57115740625 0.5381982427884615 0.5651273149038462 0.5428466802884615 0.5593595673076923 0.5488183581730769 0.5528047836538461 0.5511425793269231 0.5470370360576923 0.553798829326923 0.5410069447115384 0.5591064447115385 0.5368094134615384 0.5683984375000001
0 0.5687538581730769 0.49440918028846154 0.5593518509615385 0.4774121105769231 0.5546489206730769 0.46721191346153845 0.5539776225961538 0.4510595697115385 0.5653973774038461 0.4459619134615384 0.5761419759615385 0.440859375 0.5747993822115385 0.40855956971153845 0.5613657403846154 0.3958105456730769 0.5452469134615385 0.41111328124999996 0.5318171298076924 0.43065918028846156 0.5237577163461539 0.44255859375 0.5190547836538462 0.46551269471153844 0.5183834879807692 0.5037597668269231 0.5210686730769231 0.5845117187500001 0.5613657403846154 0.5386083990384616 0.5741280865384616 0.52416015625 0.5707677475961538 0.5080126947115384 0.5687538581730769 0.49440918028846154
0 0.28783950721153845 0.5205468750000001 0.2943364206730769 0.5132373052884616 0.30733410576923076 0.5068408197115384 0.31455246875 0.5031884759615385 0.31888503125 0.5013574206730769 0.3362114206730769 0.4876513677884615 0.3304359567307692 0.4776025384615385 0.31672067788461533 0.4739453125 0.30011188221153845 0.47029296875 0.28567515384615383 0.47029296875 0.2712345673076923 0.45384277403846157 0.26329475240384614 0.44104980528846155 0.25246527884615383 0.4346582043269231 0.23874614182692305 0.4355712884615385 0.2322492283653846 0.44562011778846156 0.23008101923076923 0.4593261730769231 0.2329706778846154 0.48125488221153845 0.24307870432692308 0.5150634759615385 0.26040509375 0.5424755865384616 0.2950617283653846 0.5324267572115384 0.28783950721153845 0.5205468750000001
0 0.06481481490384615 0 0.05861496875 0.00548828125 0.05876543269230769 0.01105956971153846 0.057094906249999994 0.0160546875 0.05254629567307693 0.0206640625 0.047538579326923076 0.028149413461538462 0.044652778846153846 0.031606444711538464 0.039949846153846155 0.03621581971153846 0.03979938221153846 0.041787108173076924 0.04344135817307693 0.050234375000000005 0.05421296394230769 0.05004394471153846 0.06407793269230769 0.04985351442307692 0.06923611057692308 0.05177246153846154 0.07606481490384616 0.05446288942307693 0.08137345673076922 0.058876951923076924 0.08683642067307693 0.06252441346153846 0.09108410576923077 0.06502441346153846 0.09654706730769232 0.06751953125 0.09806327163461538 0.06291015625 0.10261574038461538 0.058491211538461534 0.10625771634615384 0.060605468749999995 0.11551311778846154 0.06521484375 0.1234066346153846 0.06694335817307692 0.12977623557692308 0.06924804567307692 0.13463348798076924 0.07212890625 0.1396412043269231 0.07251464903846154 0.14024691346153847 0.068671875 0.14039737740384617 0.06425293028846155 0.1414621923076923 0.06021972596153846 0.14692515384615384 0.0550390625 0.1535995360576923 0.052734375 0.16391975240384615 0.052734375 0.1684683653846154 0.05292480528846154 0.17711805528846153 0.0525390625 0.1795486105769231 0.05119628846153846 0.1774228389423077 0.042939454326923074 0.17514660576923077 0.03391113221153846 0.1684683653846154 0.02354003846153846 0.16255401201923075 0.013940430288461538 0.15860725240384616 0.0068359375 0.15830246874999998 0.0026123052884615386 0.1576967596153846 0 0.06481481490384615 0
0 0.13373842548076922 0.21701660096153846 0.12499614182692308 0.21333007692307693 0.10944830288461538 0.21742675721153845 0.0939004639423077 0.225625 0.08191743750000001 0.23505371153846152 0.07317515384615385 0.2596484375 0.07641203605769231 0.26989746153846156 0.07835648076923077 0.28342285096153846 0.09940972115384615 0.28629394471153846 0.12078317788461537 0.28998046875 0.13082561778846152 0.2776855480769231 0.1512307091346154 0.2416113269230769 0.16483024759615386 0.23587402403846153 0.14539737740384615 0.2248046875 0.13373842548076922 0.21701660096153846