0 0.4210262355769231 0.11923828125 0.4219791658653846 0.12104492307692308 0.4219791658653846 0.13038574278846154 0.4229320985576923 0.1358105456730769 0.43102237740384614 0.14002441346153846 0.4329282403846154 0.14002441346153846 0.4403047836538461 0.13641113221153847 0.44649691346153847 0.13460449278846154 0.4486381177884615 0.1333984375 0.4538734567307693 0.13098632932692308 0.45149305528846156 0.12225097596153846 0.45125385817307695 0.117734375 0.45577932211538463 0.11140625 0.46220679086538463 0.10809081971153846 0.46268132692307695 0.10146484375 0.46030092548076923 0.09212890625 0.4483989206730769 0.08670410096153845 0.44387731490384613 0.08670410096153845 0.43816357932692307 0.08670410096153845 0.4288811730769231 0.08760742307692307 0.4234066346153846 0.09242675721153847 0.42055169711538465 0.09363281250000001 0.41555169711538464 0.09483886778846154 0.41007716105769226 0.10478027403846155 0.41341049278846154 0.11110351442307692 0.41864583413461537 0.11261230528846154 0.4210262355769231 0.11923828125
0 0.14241126442307692 0.6214160168269232 0.1396682091346154 0.6374707043269231 0.14001157451923077 0.6452783197115385 0.1523495360576923 0.6413720697115385 0.16091820913461538 0.6383349615384616 0.16914351923076923 0.6370361322115384 0.17874228365384617 0.6370361322115384 0.1852546298076923 0.6370361322115384 0.19553626442307692 0.6357324230769231 0.20444830288461538 0.6326953125 0.20993441346153846 0.6292285168269232 0.21404706730769232 0.6214160168269232 0.21404706730769232 0.6036328125 0.21439043269230768 0.6010302740384615 0.21439043269230768 0.59365234375 0.2147337956730769 0.5906152331730768 0.21439043269230768 0.5875830072115384 0.21370370432692307 0.5845458990384615 0.21336033894230771 0.5823730480769231 0.21199074038461538 0.57890625 0.21164737740384615 0.5763037115384615 0.21096064903846154 0.573701173076923 0.21061728365384613 0.5706640625 0.20822144951923077 0.5663232427884616 0.2038503076923077 0.56509765625 0.19690972115384617 0.5667578125 0.19485339423076922 0.5667578125 0.1852546298076923 0.5667578125 0.1759992283653846 0.5680615240384616 0.17086033894230768 0.5680615240384616 0.1664043221153846 0.5684912115384615 0.15783564903846156 0.5684912115384615 0.1530362644230769 0.5684912115384615 0.14412422836538463 0.5702294927884616 0.1417245360576923 0.5715283197115385 0.14138117307692308 0.5719628918269231 0.1417245360576923 0.578037108173077 0.14583333413461538 0.58447265625 0.14814814903846155 0.59228515625 0.14994984615384616 0.5958251947115385 0.14618055528846152 0.6044970697115384 0.14241126442307692 0.6214160168269232
0 0.6237384254807693 0.15741699278846152 0.62146990625 0.16684570192307693 0.62017746875 0.182421875 0.6289197524038461 0.19144043028846153 0.6373418221153847 0.1951269543269231 0.657098764423077 0.18938964903846156 0.6596913581730769 0.17422363221153844 0.6386381177884615 0.15208984374999998 0.6292438269230769 0.15044921875 0.6237384254807693 0.15741699278846152
0 0.09296296394230769 0.26276367067307693 0.08356867307692308 0.26030761778846156 0.06154706730769231 0.25497558653846153 0.041141975961538464 0.2578466802884615 0.025270062500000003 0.2635839855769231 0.0071334879807692314 0.27301269471153844 0.006809413461538461 0.28571777403846155 0.012314814903846154 0.29473632932692306 0.03466435096153846 0.3058056634615384 0.04794367307692308 0.3094921875 0.06284336538461538 0.30252441346153847 0.0826003076923077 0.30170410096153844 0.09782021634615384 0.28899902403846156 0.10235339423076922 0.2713720697115385 0.09944058653846154 0.2668652331730769 0.09296296394230769 0.26276367067307693
0 0.05969135817307692 0.8793408197115385 0.08677083413461538 0.8756689447115384 0.0896720673076923 0.8487402355769231 0.08 0.82548828125 0.0664621923076923 0.7912158197115384 0.044216822115384614 0.771630858173077 0.004567901442307692 0.7826464855769231 0 0.8830126947115384 0.008433641826923077 0.8866845697115384 0.05969135817307692 0.8793408197115385
0 0.2708294759615385 0.09260742067307692 0.26540509375 0.09224609375000001 0.26168981490384613 0.09224609375000001 0.25597607932692307 0.09224609375000001 0.2505516971153846 0.09224609375000001 0.24540894951923078 0.09296874999999999 0.23684027884615383 0.09296874999999999 0.23112654326923077 0.09224609375000001 0.22798611057692308 0.09224609375000001 0.22227237740384617 0.09224609375000001 0.21627314903846154 0.09224609375000001 0.21256172836538462 0.09224609375000001 0.2037075625 0.09405273317307693 0.1991358028846154 0.09514160096153847 0.18571373557692306 0.10200683653846153 0.18085648076923075 0.10236816346153846 0.17571373557692307 0.10309081971153847 0.1722878076923077 0.10381347596153846 0.16857253125 0.10815429807692307 0.16486111057692307 0.11249023557692307 0.15771990624999999 0.11538574278846155 0.15429398076923076 0.11827636778846154 0.15057870432692308 0.12767578124999998 0.15572144951923078 0.12731445192307692 0.16400462980769231 0.12586913942307693 0.1740007716346154 0.12659179807692308 0.17942901201923078 0.12659179807692308 0.19113811778846154 0.12659179807692308 0.20684799278846155 0.1294824230769231 0.21913194471153846 0.13201171875 0.22427083413461538 0.13526855528846154 0.22969907451923077 0.145390625 0.22969907451923077 0.14936523317307693 0.23027006249999998 0.15370117067307693 0.23512731490384614 0.15876464903846152 0.23655478365384616 0.16057128846153848 0.23765432211538462 0.162109375 0.23958333413461538 0.15673828125 0.24266975240384614 0.154296875 0.24912422836538461 0.14936523317307693 0.2542631177884615 0.1508105480769231 0.25797839423076924 0.15189453125 0.25912037019230766 0.15370117067307693 0.2645486105769231 0.15478515625 0.26940200721153845 0.15984863221153847 0.2745447524038461 0.15804199278846154 0.2771141971153846 0.15551269471153845 0.28356481490384616 0.154296875 0.2893518509615384 0.146484375 0.2858796298076923 0.12939453125 0.28549382692307695 0.11181640625 0.27854166586538465 0.09875488221153847 0.2771141971153846 0.09441406249999999 0.2708294759615385 0.09260742067307692
0 0.8916705240384615 0.7154833990384616 0.8875270072115384 0.6780029302884615 0.8608719134615386 0.6247802740384615 0.848433641826923 0.614287108173077 0.8271141971153846 0.6052929687499999 0.7897993822115384 0.6075390625 0.7560378076923077 0.6052929687499999 0.7453780865384616 0.6022900384615385 0.7394521610576923 0.6075390625 0.7353086418269231 0.6277783197115384 0.7370833341346154 0.651767576923077 0.7270177475961539 0.6682568365384616 0.7175385793269231 0.6787548822115385 0.7329398149038462 0.68849609375 0.7364930552884614 0.7342236322115384 0.8004591057692308 0.8054394543269231 0.8567283942307693 0.7852001947115385 0.8916705240384615 0.7154833990384616
0 0.39622299278846157 0.9103320312500001 0.42107253125 0.8882812499999999 0.42907021634615383 0.8879199206730769 0.4359259254807692 0.8817724615384616 0.42450231490384616 0.8040478509615384 0.40736496875 0.804775391826923 0.38165509375 0.8340527331730769 0.36823302403846153 0.8647851562500001 0.3605208341346154 0.9041894519230769 0.37822916586538463 0.9110546875 0.38936728365384615 0.90455078125 0.39622299278846157 0.9103320312500001
0 0.3925540120192308 0.2631738269230769 0.4006481490384616 0.2668652331730769 0.4087461418269231 0.2697314447115385 0.4178163581730769 0.27219238221153846 0.4288271610576923 0.27629394471153845 0.44178240625000004 0.2607128918269231 0.44988040144230773 0.24350097596153847 0.4469637355769231 0.23161132932692308 0.4213773149038461 0.22095214903846155 0.4048611105769231 0.24021972596153846 0.3906095673076923 0.25497558653846153 0.3925540120192308 0.2631738269230769
0 0.1546720673076923 0.34216796875 0.13539351923076923 0.34216796875 0.12182484615384616 0.3445751947115384 0.12087191346153846 0.34939941346153847 0.12229938221153845 0.35542480528846154 0.12229938221153845 0.36235351682692307 0.12277777884615385 0.3680761706730769 0.13491512259615385 0.37560546875 0.14824459855769231 0.3743994134615385 0.15943287019230767 0.3743994134615385 0.1672878076923077 0.3728955072115384 0.1746682091346154 0.356328125 0.1637191346153846 0.34427734375 0.15991126442307693 0.3424707043269231 0.1546720673076923 0.34216796875
0 0.03701003125 0.5671044927884615 0.023541665865384618 0.5649365240384616 0.016022377403846152 0.5730078125 0.006693673076923077 0.5954394519230769 0.00576003125 0.6054736322115384 0.009490740384615386 0.6214111322115384 0.016489197115384616 0.62849609375 0.04587191346153847 0.6391210937499999 0.06126157451923077 0.6184619134615384 0.06639274759615385 0.60193359375 0.055196759615384616 0.582451170673077 0.03701003125 0.5671044927884615
0 0.18909722115384617 0.39848632932692307 0.2053279326923077 0.41265625 0.23163580288461538 0.39990234375 0.2182021610576923 0.3772412115384615 0.2036496923076923 0.34607421875 0.1756674375 0.36236328125 0.17846450721153848 0.38857421875 0.18909722115384617 0.39848632932692307
0 0.6435841057692309 0.3442138677884615 0.6490084879807692 0.35216796875 0.6552932091346153 0.365546875 0.6618634254807693 0.37639160096153845 0.6670023149038461 0.3796435552884615 0.6727160504807692 0.3796435552884615 0.6804282403846155 0.37639160096153845 0.6844290120192308 0.37349609375 0.6912847211538462 0.36337402403846153 0.69517746875 0.35397461057692303 0.7015663581730769 0.3359033197115385 0.7049922836538461 0.32794921875 0.7075655865384616 0.31384765625 0.7084220673076923 0.3077050793269231 0.707851079326923 0.30300293028846154 0.7041358028846154 0.2972216802884616 0.7009953701923077 0.2921582043269231 0.6952816346153846 0.2921582043269231 0.6907098774038462 0.2921582043269231 0.6875694447115385 0.29107421875 0.6612924375 0.29505371153846155 0.6535802475961539 0.29505371153846155 0.6478665120192308 0.29251953125 0.6398688269230769 0.29251953125 0.6350115745192307 0.2928808605769231 0.627013889423077 0.29505371153846155 0.6198726850961538 0.2932421875 0.6226851850961539 0.30322265625 0.6257716057692307 0.31201171875 0.6301581778846154 0.32360839903846156 0.6330131177884616 0.33698730528846155 0.6435841057692309 0.3442138677884615
0 0.23186342548076924 0.19450195432692308 0.23245370432692306 0.17576171875 0.23245370432692306 0.15626953125 0.2253086418269231 0.1328125 0.20224922836538461 0.12778320192307693 0.17618827163461537 0.12628418028846153 0.1453896610576923 0.12928222596153846 0.12288194471153847 0.13378418028846153 0.10807484615384616 0.1472753894230769 0.1074807091346154 0.16076660096153847 0.10925925961538462 0.17950683653846153 0.13235725240384616 0.18700683653846153 0.1489429014423077 0.19374999999999998 0.17974151201923078 0.19974609375 0.2206095673076923 0.21099121153846154 0.22475308653846152 0.20724609375 0.23186342548076924 0.19450195432692308
0 0.38526620432692305 0.26721191346153844 0.38940972115384614 0.2582177740384615 0.38940972115384614 0.25072265625 0.38881944471153845 0.23873046875 0.38289737740384616 0.2124902355769231 0.36986496874999997 0.20124999999999998 0.3603896610576923 0.1967480480769231 0.3473572524038462 0.19600097596153845 0.3384722211538461 0.1967480480769231 0.33195987740384614 0.20199706971153847 0.3165586418269231 0.20649413942307693 0.3024691346153846 0.2119140625 0.2946450625 0.2124902355769231 0.2878086418269231 0.21875 0.2831790120192308 0.22314453125 0.2804282403846154 0.23422851442307693 0.27805941346153845 0.24322753846153844 0.27746913461538464 0.2499707043269231 0.2792438269230769 0.26196777403846155 0.2804282403846154 0.26721191346153844 0.2893132716346154 0.26871093749999997 0.29286651201923075 0.2732128894230769 0.30826774759615383 0.27621093750000003 0.3094521610576923 0.27770996153846156 0.3195216057692308 0.27845703125 0.32959105048076925 0.27995605528846157 0.3313657403846154 0.2867041009615385 0.3313657403846154 0.29045410096153845 0.34084490625 0.29045410096153845 0.3467669759615385 0.28295410096153845 0.36275848798076926 0.27770996153846156 0.3811188269230769 0.26796386778846154 0.38348765384615385 0.26721191346153844 0.38526620432692305 0.26721191346153844
0 0.7604282403846153 0.11287597596153846 0.7652854927884616 0.10706543028846155 0.7682561730769231 0.10160156249999999 0.7663657403846155 0.09442871153846154 0.7601581778846154 0.09169433653846154 0.7498996923076924 0.08828125 0.7431520072115384 0.08828125 0.7380246923076924 0.08930175721153846 0.7339776225961538 0.10091796875 0.7372145072115385 0.10740722596153847 0.7501697524038462 0.11833984374999999 0.7563773149038462 0.12073242307692308 0.7604282403846153 0.11287597596153846
0 0.7221296298076924 0.5831689447115385 0.7322530865384616 0.5869140625 0.7364969134615384 0.59130859375 0.7376543221153846 0.5986328125 0.7507060192307692 0.6022900384615385 0.7584066346153846 0.6067919927884615 0.7613695985576924 0.6067919927884615 0.7714390432692307 0.6090380865384616 0.7897993822115384 0.6075390625 0.7986844134615385 0.6067919927884615 0.806381173076923 0.6030419927884615 0.8182291658653846 0.595546875 0.8253356490384616 0.5828027331730768 0.8253356490384616 0.563310548076923 0.8188194447115384 0.5573144543269231 0.8082561730769231 0.548828125 0.8051967596153846 0.5348291009615385 0.8028279326923078 0.5250830072115384 0.7998688269230769 0.5183349615384615 0.7832831778846153 0.525830079326923 0.7607754639423077 0.5333251947115385 0.7501157403846155 0.535576170673077 0.7264236105769231 0.5498193365384615 0.70451003125 0.5573144543269231 0.6938464495192308 0.561064451923077 0.6825964495192308 0.5723095697115385 0.6831867283653845 0.5753076177884615 0.7080632716346155 0.5828027331730768 0.7221296298076924 0.5831689447115385
0 0.36309027884615386 0.6363134759615385 0.34994984615384617 0.6005224615384616 0.3722299375 0.5842529302884615 0.37080246875 0.5593115240384615 0.3625192908653846 0.5387060552884615 0.3465239206730769 0.5224365240384615 0.33567129567307696 0.5155712884615384 0.32481481490384617 0.5141210937499999 0.31596064903846155 0.5000244134615385 0.29111111057692307 0.4826708990384615 0.26626157451923077 0.4772509759615385 0.2605478389423077 0.48375488221153845 0.2536921298076923 0.507255858173077 0.2516936730769231 0.5575048822115385 0.2536921298076923 0.5759423822115385 0.2536921298076923 0.5994384759615385 0.25569058653846155 0.6030517572115385 0.2754012355769231 0.61353515625 0.27939814903846155 0.611728514423077 0.29168209855769234 0.609921875 0.2996797836538462 0.6312500000000001 0.32481481490384617 0.650048826923077 0.36309027884615386 0.6363134759615385
0 0.9780401225961538 0.4553662115384615 0.9673148149038462 0.4583203125 0.9472608028846154 0.46186035096153844 0.9192746923076923 0.47012206971153847 0.9094830240384616 0.48016113221153844 0.9066820985576923 0.4955078125 0.9099498461538461 0.50908203125 0.9202083341346154 0.5179345697115385 0.9416628076923076 0.5197070312500001 0.9999614206730769 0.515576173076923 1 0.4600878894230769 0.9966975312499999 0.4553662115384615 0.9780401225961538 0.4553662115384615
0 0.5753858028846154 0.20756836057692307 0.563398920673077 0.18582519471153847 0.5449382716346154 0.18254394471153848 0.5374884254807692 0.18254394471153848 0.5248572524038462 0.19033203124999998 0.5063966057692307 0.20017089903846155 0.49991898076923075 0.2116503894230769 0.49506172836538465 0.23255371153846155 0.4856674375 0.25755859375 0.4931172836538461 0.27641601682692307 0.5044521610576923 0.28625488221153844 0.5216203701923077 0.2997802740384615 0.5306867283653847 0.32314453125 0.5475308653846154 0.3374902355769231 0.56955246875 0.34077148317307693 0.5954629639423077 0.3346240240384616 0.6178125 0.3108496081730769 0.6148958341346155 0.29404296875 0.5993518509615384 0.2555078125 0.5983796298076923 0.23583496153846153 0.5919020072115384 0.21943847596153845 0.5753858028846154 0.20756836057692307
0 0.31938657451923075 0.46357421875000004 0.32414737740384614 0.46357421875000004 0.32771990624999997 0.4620654302884616 0.33057484615384614 0.46025878846153845 0.3398572524038462 0.4554394543269231 0.3415239206730769 0.4497167980769231 0.3417631177884616 0.4409765625 0.3398572524038462 0.43073730528846155 0.33962191346153847 0.4226025384615385 0.33962191346153847 0.41958984374999997 0.3372415120192308 0.41024902403846153 0.33462191346153847 0.40482910096153846 0.3301003076923077 0.39548828124999996 0.32819444471153847 0.3936816394230769 0.3236728389423077 0.3909716802884615 0.31486496875 0.39157226682692303 0.3086766971153846 0.39157226682692303 0.30201388942307694 0.3909716802884615 0.2977276225961539 0.3909716802884615 0.2934413581730769 0.3930810552884615 0.2877314807692308 0.39970703124999996 0.28749228365384616 0.4036230456730769 0.28749228365384616 0.41115234375000004 0.28749228365384616 0.42109375000000004 0.2877314807692308 0.4268212884615385 0.28868441346153845 0.43374999999999997 0.29034722115384615 0.4418847644230769 0.29058642067307694 0.4491113269230769 0.2913001538461538 0.45754882692307697 0.29475308653846155 0.466796875 0.30653549278846154 0.46447753846153844 0.3127237644230769 0.4632714831730769 0.31938657451923075 0.46357421875000004
0 0.4477893509615385 0.6242626947115385 0.4439236105769231 0.6303808581730769 0.4439236105769231 0.6609814447115384 0.4468248461538461 0.6940283197115384 0.44875771634615386 0.72462890625 0.45576003125 0.7723828125 0.4622955240384616 0.7943945312499999 0.4961458341346154 0.7968457043269231 0.5319290120192307 0.7809326177884616 0.5566743822115384 0.747900391826923 0.6160648149038461 0.7417675769230769 0.6460455240384615 0.7123876947115384 0.6402430552884616 0.68791015625 0.6102623461538461 0.6475195312500001 0.5696450625 0.62916015625 0.4961458341346154 0.6242626947115385 0.47196759374999997 0.6242626947115385 0.4477893509615385 0.6242626947115385
0 0.7448804014423077 0.4342285144230769 0.7588734567307692 0.45849609375 0.7808680552884616 0.4672021490384616 0.8097993822115386 0.4716796875 0.8106905865384615 0.4056005865384616 0.7990354927884616 0.3695947259615385 0.7692168221153846 0.33488769471153845 0.7369945985576922 0.3153662115384615 0.69517746875 0.35397461057692303 0.6776967596153847 0.3951904302884615 0.6828395072115385 0.4051660144230769 0.7140316346153845 0.4242529302884615 0.7448804014423077 0.4342285144230769
0 0.5953240745192308 0.10737304807692308 0.6030825625 0.10541015625 0.6107253076923077 0.09765625 0.6180555552884616 0.0966796875 0.6250270072115385 0.09250488221153846 0.6253858028846154 0.0810546875 0.6252507716346154 0.06921875000000001 0.6197067908653846 0.06333007692307692 0.61419753125 0.06201171875 0.6121720673076922 0.05294921875 0.6103395072115385 0.05126953125 0.5999228389423077 0.0595703125 0.5742669759615384 0.08437011778846154 0.5769251538461538 0.08969726442307692 0.5784799374999999 0.09559081971153846 0.5824691346153846 0.09811523317307692 0.5915547836538462 0.10232421875 0.5953240745192308 0.10737304807692308
0 0.9301658942307692 0.6864990240384615 0.9565895072115385 0.6880078125 0.9623032403846155 0.6843896490384616 0.9765817908653845 0.6804736322115384 0.9658719134615384 0.619921875 0.9558757716346153 0.6187207019230769 0.9263580240384616 0.6331787115384616 0.916601079326923 0.6310693365384614 0.9018441346153847 0.6313720697115385 0.90803240625 0.6771630865384615 0.9144560192307692 0.6777636706730769 0.9301658942307692 0.6864990240384615
0 0.6938773149038462 0.2565527331730769 0.6967322524038462 0.2466113269230769 0.6967322524038462 0.23877929807692308 0.6974459879807693 0.2300390625 0.6979243822115385 0.2204003894230769 0.6974459879807693 0.21889648557692307 0.6831674375 0.20985839903846154 0.6715046298076923 0.20443359375 0.6457947524038462 0.20082031250000001 0.6334182091346154 0.20232421875 0.6277006177884614 0.2099609375 0.6145833341346154 0.21435546875 0.60794753125 0.22974121153846155 0.6084259254807692 0.24690918028846154 0.6103279326923077 0.2658886706730769 0.6155671298076922 0.2842675769230769 0.6324652788461538 0.28336425721153846 0.6517476850961538 0.2800488269230769 0.6600771610576923 0.27251953125 0.6782407403846153 0.2666015625 0.6834027788461537 0.26860351682692307 0.6895910504807692 0.26498535096153847 0.6938773149038462 0.2565527331730769
0 0.2561458341346154 0.7012402331730769 0.20402392067307693 0.68625 0.17263117307692305 0.7274804687499999 0.1779629639423077 0.74171875 0.20876157451923077 0.7627099615384616 0.25259259375 0.8046875 0.2993827163461539 0.7941943365384615 0.32189043269230766 0.7619628894230769 0.31537422836538465 0.73947265625 0.2561458341346154 0.7012402331730769
0 0.32893904326923074 0.7334960937499999 0.32893904326923074 0.74390625 0.338398920673077 0.75015625 0.34621527884615383 0.7527587884615384 0.3527970673076923 0.7527587884615384 0.36513503125 0.7506738293269231 0.3750077163461538 0.756923829326923 0.38323302403846154 0.75900390625 0.39022376442307694 0.75900390625 0.3881674375 0.7506738293269231 0.3865239206730769 0.7465087884615385 0.38446759375000006 0.7360986322115385 0.38199845673076926 0.7303710937500001 0.37953317788461544 0.7225634759615385 0.38323302403846154 0.7043457019230769 0.3602006177884615 0.7069482427884615 0.3429243822115385 0.7126708990384615 0.32770447596153846 0.7230859374999999 0.32893904326923074 0.7334960937499999
0 0.006323302884615385 0.69509765625 0.01798611057692308 0.69755859375 0.027376543269230773 0.6987890625000001 0.05263888942307692 0.69755859375 0.06753857932692307 0.6967382812499999 0.07401620432692307 0.6873095697115384 0.07239583413461538 0.6741943365384616 0.06559413461538462 0.6655859375000001 0.053935185096153845 0.6545166009615385 0.037739197115384614 0.6500097668269231 0.00923996875 0.6635351562499999 0 0.6877197259615385 0.00016975240384615385 0.6905908197115385 0.006323302884615385 0.69509765625
0 0.3135995360576923 0.6892480480769231 0.32189043269230766 0.685498048076923 0.3289969134615385 0.6780029302884615 0.3307754639423077 0.6615136706730769 0.32959105048076925 0.6555126947115385 0.31596836538461537 0.6472705072115384 0.30293595673076923 0.6397753918269231 0.29286651201923075 0.6307763677884615 0.27687500000000004 0.614287108173077 0.2754012355769231 0.61353515625 0.26858410576923075 0.6360253918269231 0.26325231490384615 0.6720068365384615 0.2709529326923077 0.7034912115384616 0.28635416586538465 0.6967431634615384 0.30530478365384617 0.691494141826923 0.3135995360576923 0.6892480480769231
0 0.6595871923076922 0.4223046875 0.6401543221153846 0.4237451177884616 0.6121990745192307 0.41006347596153847 0.5918904326923077 0.4014941394230769 0.5657754639423077 0.4051660144230769 0.5338618822115385 0.41128906249999997 0.489375 0.42353027403846155 0.43425154326923077 0.4320947259615385 0.3897646610576923 0.4455615240384615 0.3858950625 0.4724853509615385 0.39653549278846156 0.5030859375 0.40330246875000003 0.5434765625 0.4129745360576923 0.5716308605769231 0.4313503076923077 0.593662108173077 0.46906635817307696 0.61814453125 0.5106520072115385 0.6316064447115385 0.5464351850961539 0.6340527355769231 0.5841512355769231 0.62916015625 0.65571759375 0.5838720697115385 0.6798958341346153 0.5508251947115385 0.6992361105769231 0.4994140625 0.7127777788461539 0.45290527403846154 0.6982716057692309 0.4223046875 0.6885995360576923 0.4223046875 0.6595871923076922 0.4223046875
0 0.4243441346153846 0.66337890625 0.42387731490384617 0.65275390625 0.41828317788461533 0.6439013677884616 0.4136188269230769 0.6362255865384616 0.4033564807692308 0.6226513677884615 0.38749999999999996 0.613798826923077 0.3739737644230769 0.6149755865384615 0.3627816346153846 0.629736329326923 0.3567168221153846 0.6515722644230769 0.3562538581730769 0.6804980480769232 0.36651234615384615 0.696435545673077 0.38323302403846154 0.7043457019230769 0.4070871923076923 0.6769580072115384 0.41734953605769226 0.6722314447115385 0.4243441346153846 0.66337890625
0 0.896423610576923 0.526201173076923 0.8745023149038461 0.5267919927884616 0.860976079326923 0.526201173076923 0.8469868822115385 0.526201173076923 0.8367245360576923 0.5315136730769231 0.8278626538461539 0.5415478509615385 0.82553240625 0.5592578125000001 0.8385918221153846 0.5769628894230769 0.8563155865384615 0.59408203125 0.8712384254807692 0.6141503894230769 0.8856944447115385 0.6348095697115385 0.9108796298076923 0.6348095697115385 0.9244058653846154 0.6283154302884615 0.9318672836538462 0.566337889423077 0.909016204326923 0.5273828125000001 0.9029513894230768 0.526201173076923 0.896423610576923 0.526201173076923
0 0.35980709855769233 0.3609912115384616 0.36014660576923074 0.35701171875 0.3664043221153846 0.35390625 0.3677469134615385 0.3465673822115385 0.3781442908653846 0.34197265625 0.3806288581730769 0.3365136730769231 0.38014274759615385 0.3323583990384616 0.3883989206730769 0.32230956971153846 0.3743441346153846 0.3122607427884615 0.36460262259615384 0.31497070192307697 0.36177469230769227 0.32104492307692306 0.3563194447115385 0.32313964903846154 0.3563194447115385 0.32458496153846156 0.3459220673076923 0.31602050721153846 0.3264158942307693 0.31269043028846155 0.3216165120192308 0.31580078125 0.3194753076923077 0.3287792980769231 0.3163888894230769 0.34074706971153845 0.32067515384615386 0.35123046874999997 0.3292438269230769 0.3490625 0.33381172836538464 0.35412109375 0.35980709855769233 0.3609912115384616
0 0.22070601923076924 0.49897460817307693 0.22718364182692305 0.49590331971153845 0.23528163461538462 0.49453613221153847 0.2433796298076923 0.4904345697115385 0.24742669711538462 0.4839453125 0.2479668221153846 0.47335449278846153 0.24715663461538462 0.46003418028846155 0.2452662043269231 0.45012695432692307 0.2433796298076923 0.4402246105769231 0.24148919711538464 0.4333886730769231 0.23690200721153848 0.4310009759615384 0.22475694471153848 0.4422705072115385 0.21530864182692305 0.47677246153846153 0.2120717596153846 0.48975097596153844 0.2136882716346154 0.4969287115384615 0.22070601923076924 0.49897460817307693
0 0.6430208341346154 0.09442871153846154 0.6308757716346154 0.11526367307692308 0.6411304014423076 0.12107421875 0.6605632716346155 0.12482910096153846 0.6724382716346154 0.12619628846153846 0.6781057091346153 0.10979980528846153 0.656786264423077 0.09101074278846154 0.6505787043269231 0.09101074278846154 0.6430208341346154 0.09442871153846154
0 0.8486844134615384 0.49199218749999996 0.85330246875 0.49433105528846155 0.85884259375 0.49433105528846155 0.8826736105769231 0.49035644471153844 0.8852584879807692 0.48638183653846156 0.8854436730769231 0.48498046875 0.8787924375 0.46627929807692303 0.8678935192307692 0.44500488221153844 0.8642013894230769 0.44243164182692307 0.8593981490384616 0.4438330072115385 0.85459490625 0.4482763677884615 0.8531172836538462 0.4513183581730769 0.8512692908653846 0.45388671875000003 0.8496064807692308 0.4573925793269231 0.842588735576923 0.4594970697115385 0.8396334879807692 0.4630029302884615 0.8387075625 0.4646435552884615 0.8383410504807693 0.4674462884615384 0.8396334879807692 0.47633300721153843 0.8429591057692308 0.48544921875 0.8442515432692308 0.48825195432692303 0.8486844134615384 0.49199218749999996
0 0.2153549375 0.8791259759615385 0.20556327163461538 0.8991943365384615 0.2074266971153846 0.9251660144230769 0.2153549375 0.9540869134615384 0.23167824038461537 0.96353515625 0.25919753125 0.9540869134615384 0.2871913581730769 0.935205076923077 0.28672839423076923 0.894482423076923 0.2797183653846154 0.8862060552884615 0.2438040120192308 0.8685009759615384 0.23074845673076924 0.869677733173077 0.2153549375 0.8791259759615385
0 0.7368248461538461 0.492578125 0.7484799375000001 0.49734863221153847 0.7522492283653845 0.502119139423077 0.76321759375 0.5012548822115385 0.7663001538461539 0.5003857427884616 0.7663001538461539 0.49604980528846154 0.7656172836538461 0.4878076177884615 0.7635609567307693 0.4812988293269231 0.7604745360576923 0.47565918028846155 0.7532754639423077 0.47132324278846155 0.7491628076923077 0.46481445432692303 0.7433371923076924 0.46481445432692303 0.7351118822115384 0.4682861322115385 0.7296257716346154 0.4752246081730769 0.7299691346153847 0.48259765625 0.7333950625000001 0.49041015625 0.7368248461538461 0.492578125
0 0.4810570985576923 0.3785595697115385 0.48505401201923076 0.3847021490384615 0.4887692908653846 0.37530761778846156 0.5023148149038461 0.37548828125 0.5073302475961539 0.38232421875 0.5107638894230769 0.3901269519230769 0.5176195985576924 0.38904296875 0.5287577163461539 0.38687499999999997 0.5353279326923077 0.38072753846153845 0.5378973774038461 0.3774755865384615 0.5439814807692308 0.37841796875 0.5433256177884616 0.3709667980769231 0.5433256177884616 0.35614746153846155 0.5438966057692307 0.3525292956730769 0.5407523149038462 0.34385253846153846 0.5313271610576923 0.33734863221153844 0.5261882716346153 0.3359033197115385 0.5201890432692308 0.3348193365384615 0.5076195985576922 0.3304785144230769 0.49847993749999997 0.32903320432692307 0.4887692908653846 0.32903320432692307 0.48248456730769235 0.328671875 0.4750578701923077 0.32903320432692307 0.46334876442307693 0.3333691418269231 0.45163580288461536 0.34060058653846154 0.46534722115384614 0.3474707019230769 0.4730594134615385 0.35361328125 0.4773418221153846 0.36699218749999996 0.4810570985576923 0.3785595697115385
0 0.7682561730769231 0.19998046875 0.7822878076923078 0.19998046875 0.7879591057692308 0.19690429807692308 0.7863387355769231 0.19144043028846153 0.7814814807692307 0.18631835817307693 0.7768904326923077 0.18187499999999998 0.7720331778846153 0.17845703124999998 0.7660956778846154 0.17777831971153846 0.7555709879807692 0.17812011778846154 0.7477430552884615 0.17812011778846154 0.7382947524038461 0.17812011778846154 0.7353279326923077 0.18768066346153847 0.7382947524038461 0.2006640625 0.7480131177884615 0.20339355528846154 0.7563773149038462 0.20373535096153847 0.7682561730769231 0.19998046875
0 0.8206365745192308 0.8434716802884614 0.8472183653846154 0.8529150384615385 0.85142746875 0.861181641826923 0.8742708341346154 0.8635400384615385 0.8924768509615385 0.8387695312500001 0.9008526225961538 0.8228125000000001 0.893391204326923 0.8062841802884615 0.8733371923076922 0.7921191418269231 0.84115740625 0.785625 0.820169752403846 0.7909375 0.797314814903846 0.8051025384615385 0.8033796298076923 0.8298974615384616 0.8206365745192308 0.8434716802884614
0 0.6639660504807693 0.4052734375 0.6464390432692307 0.3687988269230769 0.6324421298076923 0.35433593750000003 0.6227314807692307 0.3590380865384616 0.6167322524038461 0.3590380865384616 0.6064506177884615 0.37421875000000004 0.6035918221153846 0.3922949206730769 0.6401543221153846 0.4237451177884616 0.6532947524038462 0.45520019471153844 0.676431326923077 0.4367626947115385 0.6639660504807693 0.4052734375
0 0.05914737740384615 0.40993652403846154 0.057148920673076926 0.40017578125000003 0.054290122596153845 0.3900537115384616 0.05371913461538461 0.3860791009615384 0.03935185096153847 0.380859375 0.03125 0.37939453125 0.02458719230769231 0.38463378846153845 0.014016204326923076 0.3911376947115385 0.010875771634615384 0.4027050793269231 0.009448302884615385 0.4131933605769231 0.011161264423076923 0.4218652331730769 0.01716049278846154 0.4374121081730769 0.01773148076923077 0.4435595697115385 0.034868826923076926 0.44934081971153844 0.05029320913461539 0.44536621153846156 0.056006944711538456 0.43632812499999996 0.06028935096153846 0.4258447259615385 0.06057484615384615 0.41861328124999997 0.05914737740384615 0.40993652403846154
0 0.21146605048076922 0.5051464855769231 0.20563271634615385 0.51171875 0.2017091057692308 0.5171972668269231 0.19813657451923075 0.522919923076923 0.1929012355769231 0.52978515625 0.19456790144230768 0.5373779302884615 0.19551697596153844 0.54521484375 0.19551697596153844 0.55244140625 0.1948032403846154 0.56087890625 0.19521605048076923 0.5654296875 0.2038503076923077 0.56509765625 0.20833333413461538 0.564453125 0.21099151201923078 0.5693115240384615 0.21296296394230768 0.5751953125 0.21450617307692307 0.58154296875 0.21598765384615384 0.5919091802884615 0.22503472115384618 0.5855810552884615 0.23193672836538462 0.5810595697115384 0.23407793269230767 0.5795556634615384 0.24121913461538463 0.5798583990384615 0.24479166586538462 0.58287109375 0.2485995360576923 0.5846777355769232 0.25550154326923075 0.582568358173077 0.2536921298076923 0.5759423822115385 0.2535956778846154 0.5623828125 0.2531211418269231 0.5602734375 0.2536921298076923 0.54876953125 0.25397762259615386 0.5476806634615385 0.25397762259615386 0.5411767572115385 0.25397762259615386 0.5350292980769231 0.25397762259615386 0.530693358173077 0.2533603389423077 0.5202099615384616 0.2371720673076923 0.5003271490384615 0.22336805528846154 0.4985205072115385 0.21860725240384615 0.5003271490384615 0.21146605048076922 0.5051464855769231
0 0.5679012355769231 0.14697265625 0.5682831778846154 0.14075683653846155 0.5648148149038461 0.13525390625 0.5634066346153846 0.12869628846153847 0.5598572524038462 0.12561035096153847 0.5560918221153845 0.12561035096153847 0.5483333341346154 0.12701171875 0.5339236105769231 0.13458496153846153 0.5250578701923077 0.14104003846153848 0.52705246875 0.15141601682692307 0.5312654326923076 0.1601171875 0.5328163581730769 0.17582519471153846 0.5343672836538461 0.17947265625 0.5385802475961539 0.17891113221153845 0.5439004639423077 0.1775097668269231 0.5536535504807693 0.17947265625 0.5571990745192308 0.17470214903846154 0.5616319447115384 0.16684570192307693 0.5704976850961538 0.16432128846153848 0.5729359567307692 0.16151855528846154 0.5679012355769231 0.14697265625
0 0.02395061778846154 0.48320800721153845 0.016959877403846156 0.48477050721153847 0.014490740384615385 0.487890625 0.005852622596153846 0.50298828125 0.0033873461538461535 0.5097558581730769 0.0021527788461538464 0.5170458990384615 0.0021527788461538464 0.5305810552884616 0.0021527788461538464 0.5373486322115385 0.0021527788461538464 0.5482763677884616 0.0025655865384615383 0.5550439447115385 0.014081790865384615 0.5628564447115385 0.023541665865384618 0.5649365240384616 0.03300154326923077 0.5696191394230768 0.04081404326923077 0.5722265624999999 0.050277778846153844 0.57951171875 0.06385030769230769 0.5789892572115385 0.06878472115384615 0.57638671875 0.08194830288461538 0.5706640625 0.09099537019230769 0.5664990240384615 0.08852623557692309 0.55869140625 0.08071373557692309 0.5425537115384615 0.07125385817307692 0.518603514423077 0.05787037019230769 0.49609375 0.04945216105769231 0.487890625 0.03587962980769231 0.48737304567307693 0.02395061778846154 0.48320800721153845
0 0.15960262259615382 0.4520703125 0.16315586538461538 0.451171875 0.16315586538461538 0.4439746081730769 0.16173611057692308 0.4349755865384616 0.16173611057692308 0.42687988221153844 0.1517862644230769 0.40708984375 0.1432561730769231 0.4007958990384616 0.12548611057692308 0.3944970697115385 0.1183796298076923 0.39 0.11411651201923076 0.3810058581730769 0.10558642067307693 0.37380859375000003 0.09776620432692308 0.37291015625 0.09208333413461538 0.3846044927884616 0.09065972115384616 0.38820312500000004 0.09065972115384616 0.40439453125 0.09413580288461539 0.4189453125 0.09208333413461538 0.44217285096153847 0.0995370360576923 0.4501953125 0.11411651201923076 0.46556152403846157 0.13401620432692307 0.47005859375000003 0.1453896610576923 0.46556152403846157 0.14965277884615386 0.45566894471153846 0.15960262259615382 0.4520703125
0 0.3533950625 0.28564453125 0.3501736105769231 0.2847802740384615 0.34640432211538463 0.2847802740384615 0.3404552475961538 0.2882910144230769 0.3313657403846154 0.29045410096153845 0.3267669759615384 0.2973291009615385 0.3243865745192308 0.3000927740384615 0.33152777884615386 0.3063671875 0.3404552475961538 0.3041113293269231 0.34759644951923074 0.3058642572115385 0.35195987740384616 0.3098828125 0.35652006249999996 0.31515624999999997 0.36088348798076925 0.3161572259615385 0.3660416658653846 0.31691406250000004 0.36981095673076925 0.31515624999999997 0.37714892067307687 0.31515624999999997 0.38290123557692307 0.318671875 0.3860763894230769 0.3204248052884615 0.39321759375 0.3221826177884616 0.3975810192307693 0.32369140625 0.40868827163461535 0.32595214903846154 0.41781250000000003 0.3284619134615384 0.42673996875000003 0.3312207043269231 0.4388387355769231 0.3347363293269231 0.44478780769230764 0.33649413942307693 0.4495486105769231 0.3382519543269231 0.45451003125 0.3382519543269231 0.45768132692307695 0.33574218749999996 0.4578819447115385 0.3292138677884615 0.45728394951923074 0.3244433581730769 0.4558989206730769 0.31816894471153845 0.45272376442307694 0.3098828125 0.44518518509615385 0.30109863221153843 0.4422106490384615 0.2988378918269231 0.43804398076923073 0.29657714903846155 0.43209490625 0.29607421875 0.42138503125000004 0.2953222668269231 0.4190046298076923 0.29080566346153847 0.4078935192307692 0.2865380865384615 0.40392746875 0.2835253894230769 0.4011496923076923 0.28025878846153846 0.3977777788461539 0.27348144471153846 0.3948032403846154 0.26770996153846155 0.3912345673076923 0.266953125 0.38825617307692306 0.26720703125 0.3823070985576923 0.26846191346153847 0.3803240745192307 0.27071777403846153 0.3765547836538462 0.2722265625 0.3730709879807692 0.27783203125 0.3649691346153846 0.279296875 0.35609567788461544 0.27783203125 0.3533950625 0.28564453125
0 0.4103742283653846 0.43381347596153846 0.4288888894230769 0.4294238269230769 0.4407908942307692 0.42021972596153845 0.4383101850961539 0.40557128846153845 0.4282253076923077 0.3903027355769231 0.40773148076923077 0.36729003846153846 0.39880401201923077 0.35431640625 0.3864081778846154 0.3434375 0.37268518509615384 0.3434375 0.36706790144230766 0.34657714903846154 0.3660763894230769 0.3528515625 0.35979166586538464 0.35557128846153846 0.3574807091346154 0.36017578125 0.36028935096153847 0.3708447259615385 0.3716936730769231 0.38360839903846156 0.39384644951923076 0.41645019471153844 0.4103742283653846 0.43381347596153846
0 0.41634259375 0.7667431634615384 0.45199074038461534 0.7819238293269231 0.45576003125 0.7723828125 0.4530208341346154 0.6942968749999999 0.4461651225961539 0.6730419927884616 0.4379359567307692 0.6713037115384615 0.42594135817307693 0.67390625 0.41565972115384614 0.6752099615384615 0.40469135817307694 0.68171875 0.3978356490384615 0.6942968749999999 0.38378086538461537 0.6995019543269231 0.38001157451923073 0.7146875 0.3834375 0.7246630865384615 0.3848109567307692 0.7450537115384616 0.4053742283653846 0.7537304687499999 0.41634259375 0.7667431634615384
0 0.6960378076923077 0.8777978509615385 0.7190702163461539 0.8710302740384616 0.717013889423077 0.8538525384615384 0.7256520072115384 0.8340673822115385 0.7486844134615385 0.8351123052884616 0.7445717596153846 0.7408886706730768 0.7351118822115384 0.7346435552884615 0.7314081778846154 0.6888330072115385 0.7124884254807693 0.6768603509615385 0.6890432091346154 0.6752978509615384 0.6660108028846154 0.6841455072115384 0.5993788581730769 0.8101220697115384 0.6108950625 0.8554101562499999 0.6302276225961538 0.854892576923077 0.6635416658653847 0.8590576177884616 0.6960378076923077 0.8777978509615385
0 0.7786612644230769 0.8836083990384616 0.7921836418269231 0.8741650384615384 0.7861226850961539 0.8635400384615385 0.7767939807692308 0.8540966802884615 0.7628047836538462 0.8422900384615384 0.7324884254807693 0.8328466802884615 0.7256520072115384 0.8340673822115385 0.7175617283653846 0.8499658197115385 0.7324884254807693 0.8836083990384616 0.7520756177884615 0.8883349615384616 0.7786612644230769 0.8836083990384616
0 0.7392708341346155 0.6128125 0.7376543221153846 0.5986328125 0.7364969134615384 0.59130859375 0.7322530865384616 0.5869140625 0.7221296298076924 0.5831689447115385 0.6994598774038461 0.5771484375 0.676431326923077 0.5766650384615384 0.6632908942307693 0.5817236322115384 0.6510069447115385 0.5987158197115384 0.6535802475961539 0.6084765625 0.65986496875 0.6355908197115384 0.667006173076923 0.649326170673077 0.7135609567307692 0.6514941418269231 0.7334104927884616 0.6484375 0.7358410504807692 0.6229345697115385 0.7392708341346155 0.6128125
0 0.2620408942307692 0.6324511730769231 0.2676388894230769 0.61828125 0.26530478365384613 0.6005761706730769 0.24479166586538462 0.58287109375 0.21633487740384616 0.598212891826923 0.21959876442307694 0.6241845697115385 0.22846064903846156 0.64189453125 0.24058642067307692 0.6318359375 0.2620408942307692 0.6324511730769231
0 0.35061728365384615 0.4225097644230769 0.3634490745192308 0.42750488221153843 0.38615355048076927 0.4318798822115385 0.3905941346153846 0.4212597668269231 0.38615355048076927 0.4081396490384615 0.3797376538461539 0.39627441346153847 0.3673958341346154 0.3806542980769231 0.3604861105769231 0.3687890625 0.35308256250000003 0.3612890625 0.31310570913461533 0.35191894471153845 0.3126118822115385 0.3662890625 0.3229745360576923 0.3869042980769231 0.33284722115384613 0.4075146490384615 0.35061728365384615 0.4225097644230769