0 0.8931095673076922 0.05844238221153846 0.8972646610576922 0.058637694711538464 0.9034220673076923 0.060390624999999996 0.9095794759615384 0.06428710817307692 0.9112731490384616 0.06448242067307693 0.9148148149038462 0.06467773557692308 0.9192785504807692 0.05610351682692308 0.9211226850961538 0.04948242307692308 0.924201389423077 0.04168945432692307 0.9243827163461538 0.0380859375 0.9205246923076923 0.03759765625 0.9189814807692307 0.03759765625 0.9143518509615384 0.037109375 0.9077932091346154 0.03271484375 0.8989583341346153 0.029218749999999998 0.8900308653846154 0.030000000000000002 0.8841820985576923 0.030390625 0.8800231490384616 0.030390625 0.8764853389423077 0.03155761778846154 0.8760223774038463 0.036040038461538464 0.8826427475961538 0.048310548076923074 0.8884915120192307 0.05395996153846154 0.890185185096154 0.05532714903846154 0.8931095673076922 0.05844238221153846
0 0.5441589495192308 0.5480712884615385 0.5508179014423077 0.5490869134615385 0.5559837956730769 0.5511230480769231 0.5675771610576923 0.5527197259615385 0.5697569447115385 0.548505858173077 0.5769907403846154 0.5467626947115385 0.5839930552884616 0.5453076177884616 0.5931751538461538 0.5419677740384615 0.5992592596153846 0.5419677740384615 0.6027006177884615 0.5418212884615385 0.6045370360576923 0.5381933605769231 0.6052276225961538 0.5270068365384616 0.6054552475961539 0.5245361322115385 0.6016705240384616 0.52279296875 0.5966165120192307 0.5204687499999999 0.5899614206730769 0.517998045673077 0.5825 0.5172705072115384 0.5766435192307692 0.5171240240384616 0.5715933653846154 0.5149462884615384 0.5666589495192308 0.513349608173077 0.5639043221153845 0.511748045673077 0.5606905865384616 0.5085546875 0.5562114206730769 0.5082617187499999 0.5516203701923077 0.5076806634615385 0.5473726850961539 0.5070996105769231 0.5402584879807693 0.50462890625 0.5392245360576923 0.50462890625 0.5434722211538461 0.5223535144230769 0.5391087956730769 0.5265673822115384 0.5422067908653846 0.5267138677884615 0.5440432091346155 0.5306347668269231 0.5445023149038462 0.535576170673077 0.5445023149038462 0.5421142572115385 0.5441589495192308 0.5480712884615385
0 0.8478086418269231 0.7600048822115385 0.842098764423077 0.7651269543269231 0.8344791658653846 0.7777783197115385 0.8294753076923077 0.7822265625 0.8216280865384615 0.7979638677884615 0.8180555552884615 0.8054980480769232 0.8254359567307692 0.816640625 0.8356712956730769 0.8259814447115384 0.8437654326923076 0.8217626947115384 0.8530478389423077 0.8196533197115384 0.8632831778846154 0.8175439447115385 0.8720871923076923 0.8085107427884615 0.8839891971153846 0.8012792956730769 0.8954166658653846 0.7919384759615385 0.905173610576923 0.79103515625 0.9113618822115386 0.78892578125 0.9111265432692307 0.77748046875 0.9085069447115385 0.7741650384615385 0.9000771610576923 0.76611328125 0.8908912043269231 0.7615136730769231 0.8877970673076923 0.7600048822115385 0.8782793221153846 0.7597070312499999 0.8661381177884616 0.7588037115384616 0.8566165120192307 0.7588037115384616 0.8478086418269231 0.7600048822115385
0 0.7705439807692307 0.30720214903846155 0.7881635793269232 0.3052636706730769 0.7985069447115385 0.3023535168269231 0.8080825625 0.29604980528846153 0.810763889423077 0.2878125 0.8073148149038462 0.27035644471153847 0.7931442908653845 0.26260253846153847 0.7839506177884614 0.26260253846153847 0.7728433653846154 0.25969238221153845 0.7594367283653847 0.26017578125 0.7448804014423077 0.2645410144230769 0.7345408942307692 0.26647949278846156 0.7245794759615385 0.2698730480769231 0.715663579326923 0.27880859375 0.7199074062499999 0.3056640625 0.7264660504807693 0.30859375 0.72955246875 0.3037109375 0.7380401225961539 0.306640625 0.7557870360576923 0.3271484375 0.7647993822115384 0.31301757692307697 0.7705439807692307 0.30720214903846155
0 0.43016975240384614 0.4423828125 0.43827160576923074 0.44921875 0.4537037043269231 0.4560546875 0.46836419711538463 0.45654296875 0.46913580288461537 0.44970703125 0.4724884254807692 0.44746093750000004 0.4903549375 0.4638671875 0.5077160504807693 0.47216796875 0.5158179014423078 0.4697265625 0.5187615745192308 0.4600439447115384 0.5187615745192308 0.4518017572115385 0.5187615745192308 0.4478955072115385 0.5201311730769231 0.44052246153846153 0.5208333341346154 0.431640625 0.5142746923076923 0.43017578125 0.5050154326923078 0.42333984375 0.4992245360576923 0.41579589903846154 0.4940817908653846 0.40798339903846154 0.4903125 0.39931152403846154 0.48482638942307693 0.38759765625 0.48071373557692304 0.3815234375 0.4748881177884616 0.3724121105769231 0.46974537019230767 0.3637353509615385 0.46391975240384614 0.3554931634615385 0.45946373557692305 0.3485546875 0.4553510793269231 0.3481201177884615 0.4484953701923077 0.34768554567307697 0.4430092596153846 0.34768554567307697 0.43409722115384614 0.34768554567307697 0.42708333413461536 0.35009765625 0.41867283894230767 0.3550634759615384 0.4108796298076923 0.35546875 0.4023919759615385 0.361328125 0.3960532403846154 0.3641699206730769 0.38679783894230774 0.3728466802884615 0.3885108028846154 0.37979003846153847 0.4023919759615385 0.400390625 0.4101080240384615 0.4208984375 0.41975308653846155 0.43408203125 0.43016975240384614 0.4423828125
0 0.32667824038461535 0.36451660096153843 0.3312037043269231 0.36503906249999996 0.33655092548076926 0.3702441394230769 0.34107253125000003 0.3707666009615384 0.34641975240384615 0.36972168028846153 0.35094521634615383 0.3629541009615384 0.35094521634615383 0.3567089855769231 0.34888888942307694 0.3494238269230769 0.34395447596153844 0.33276367307692306 0.3361381177884616 0.3192285144230769 0.3233873461538461 0.29944824278846155 0.3151620360576923 0.29424316346153845 0.3052893509615385 0.29424316346153845 0.29500771634615386 0.29736328125 0.29336033894230773 0.30725586057692306 0.28801311778846156 0.3187060552884615 0.2843132716346154 0.33068359375 0.28472222115384616 0.3390087884615385 0.3024112644230769 0.3619140625 0.3143364206730769 0.3629541009615384 0.3233873461538461 0.3629541009615384 0.32667824038461535 0.36451660096153843
0 0.3993055552884615 0.27783203125 0.39603394951923077 0.2837255865384615 0.39770061778846155 0.2903515625 0.3981751538461538 0.2963769519230769 0.40079475240384616 0.3014990240384615 0.4029359567307692 0.30360839903846154 0.4079359567307692 0.3078222644230769 0.4126967596153846 0.31204101442307697 0.4195987644230769 0.3174658197115384 0.4257870360576923 0.3237890625 0.42816743749999997 0.32318847596153844 0.43388117307692303 0.32318847596153844 0.4388773149038461 0.3256005865384616 0.4460185192307692 0.32891113221153845 0.45268518509615385 0.3316259759615384 0.4579205240384615 0.33403320432692307 0.4641087956730769 0.33312988221153844 0.4683950625 0.3307177740384616 0.4757716057692308 0.32951660096153845 0.48053240625 0.3280078125 0.48553240625 0.32650390625000003 0.49457561778846154 0.32650390625000003 0.5000501538461538 0.3268017572115385 0.5086188269230769 0.3268017572115385 0.5105246923076924 0.32620117067307697 0.51790509375 0.32288574278846155 0.5231404326923077 0.32138183653846153 0.5152854927884616 0.30662109374999996 0.5133796298076923 0.30119628846153845 0.5124305552884615 0.2984863269230769 0.5036226850961538 0.29095214903846156 0.4988618822115385 0.28251953125 0.4953703701923077 0.279296875 0.4950540120192307 0.26926269471153846 0.4903549375 0.26611328125 0.4814814807692308 0.2666015625 0.4741049375 0.2743847668269231 0.4668209879807692 0.2861328125 0.45177469230769235 0.28662109375 0.44174382692307695 0.2861328125 0.4303086418269231 0.28342285096153846 0.4165046298076923 0.28041015625 0.41049382692307695 0.275390625 0.4072222211538462 0.2737841802884616 0.40198302403846153 0.2749902331730769 0.3993055552884615 0.27783203125
0 0.7196141971153847 0.5711767572115385 0.7140200625 0.5847558581730768 0.7116859567307692 0.6065966802884616 0.7144868822115384 0.6189892572115384 0.7261458341346153 0.6290234375 0.7401350312499999 0.6266650384615384 0.7531944447115385 0.6160400384615384 0.7592592596153847 0.6036425769230769 0.7573919759615385 0.5894775384615385 0.732673610576923 0.5640966802884615 0.7282407403846154 0.566240235576923 0.7196141971153847 0.5711767572115385
0 0.7596450625 0.77978515625 0.7824074062499999 0.7980712884615385 0.7930478389423077 0.7931738269230769 0.7988503076923077 0.749111329326923 0.7853086418269231 0.7258544927884615 0.7533950625 0.7074951177884615 0.7118094134615384 0.6817919927884616 0.6856983028846154 0.66955078125 0.6470138894230769 0.65853515625 0.5972222211538462 0.6767578125 0.6073611105769231 0.72095703125 0.6160648149038461 0.76501953125 0.6402430552884616 0.7833837884615384 0.7040740745192308 0.7589013677884615 0.7340547836538461 0.76134765625 0.7596450625 0.77978515625
0 0.8189544759615385 0.5611425793269231 0.7979668221153846 0.5640966802884615 0.7659297836538462 0.5802587884615384 0.7746489206730769 0.5936083990384615 0.7905054014423077 0.6018749999999999 0.8040316346153846 0.6113183581730769 0.8203549375 0.619580079326923 0.8418094134615385 0.6065966802884616 0.8399421298076923 0.5705908197115385 0.8338811730769231 0.5599658197115385 0.8189544759615385 0.5611425793269231
0 0.9252932091346153 0.453125 0.9187615745192308 0.47142089903846157 0.9113001538461538 0.48854003846153843 0.9108333341346154 0.5068408197115384 0.9187615745192308 0.5080175793269232 0.9252932091346153 0.5056591802884616 0.9406828701923077 0.49975586057692306 0.9500115745192308 0.4844091802884615 0.94767746875 0.4548925769230769 0.9327546298076924 0.43954589903846153 0.9280902788461538 0.4436816394230769 0.9252932091346153 0.453125
0 0.26297453605769233 0.23136718750000002 0.2655709879807692 0.22609375 0.2653549375 0.2228417956730769 0.2667592596153846 0.22031250000000002 0.26714120432692307 0.21805175721153847 0.26735725240384617 0.2150390625 0.2675462956730769 0.21277831971153846 0.2667592596153846 0.20952636778846154 0.2653549375 0.20675293028846153 0.26297453605769233 0.2012402331730769 0.25604938221153845 0.1969628894230769 0.2502893509615384 0.19621093750000002 0.24195601923076923 0.19596679807692308 0.23917438221153847 0.19596679807692308 0.2320331778846154 0.2012402331730769 0.23046296394230767 0.20600097596153846 0.22945987740384616 0.20952636778846154 0.23105709855769233 0.21353027403846153 0.23726851923076925 0.21484375 0.2385763894230769 0.21892578125 0.24595679086538463 0.22495117067307693 0.25270061778846153 0.23046875 0.2581018509615384 0.234375 0.26297453605769233 0.23136718750000002
0 0.00923996875 0.7247607427884616 0.023996913461538462 0.7277734375 0.02709105048076923 0.7277734375 0.043514661057692305 0.7229541009615384 0.05303626442307692 0.7208447259615384 0.06517361057692307 0.7178320312500001 0.06445987740384615 0.699453125 0.07017361057692308 0.6858984375 0.07184027884615385 0.6714404302884615 0.07350694471153846 0.6557714831730769 0.07302855048076923 0.6437207019230768 0.07207561778846154 0.63197265625 0.0721450625 0.6279296875 0.06969907451923077 0.6256494134615385 0.06422067788461538 0.618115235576923 0.05446373557692308 0.6148046875 0.04166666586538462 0.60791015625 0.025898920673076923 0.6057666009615384 0.017361110576923078 0.6064453125 0.004714507211538462 0.6081738293269231 0.0006674375000000001 0.604560548076923 0 0.721142579326923 0.004479165865384615 0.7235546875 0.00923996875 0.7247607427884616
0 0.6712962956730769 0.54833984375 0.6751813269230769 0.5510058581730769 0.6817939807692308 0.5567578125 0.6839969134615385 0.55919921875 0.68798996875 0.5595458990384615 0.6919868822115384 0.5579785168269231 0.6984606490384616 0.5529248052884616 0.7002314807692307 0.5517578125 0.7010030865384616 0.5478515625 0.6975308653846154 0.54345703125 0.6956018509615384 0.53955078125 0.694058641826923 0.537109375 0.690972221153846 0.533203125 0.6867515432692308 0.5281689447115384 0.6805516971153847 0.5257275384615384 0.6791743822115385 0.5252050769230769 0.6758680552884615 0.527294923076923 0.6722878076923077 0.5320019543269231 0.6698070985576923 0.5363623052884615 0.66884259375 0.54001953125 0.6712962956730769 0.54833984375
0 0.7348070985576923 0.3581347644230769 0.7395679014423078 0.34859375 0.7438271610576923 0.34130859375 0.746913579326923 0.3359375 0.75107253125 0.32951660096153845 0.752461420673077 0.32248535096153846 0.7451195985576924 0.3174658197115384 0.7342129639423077 0.314453125 0.7260802475961537 0.31244140625 0.7165586418269231 0.3116894543269231 0.7030709879807693 0.31570800721153847 0.6971180552884615 0.3184667980769231 0.6889853389423077 0.3249951177884615 0.6858140432692307 0.3300146490384615 0.6822415120192308 0.336796875 0.6792669759615385 0.34758789182692307 0.6788695985576924 0.3561279302884615 0.6802584879807692 0.3679248052884615 0.6883912043269231 0.3762109375 0.6927546298076923 0.3752050769230769 0.7048533942307693 0.3752050769230769 0.7131867283653845 0.3694287115384615 0.7227083341346153 0.3631542980769231 0.7348070985576923 0.3581347644230769
0 0.49236882692307693 0.9229150384615384 0.4988811730769231 0.9255175769230769 0.5317862644230769 0.9311572259615384 0.5489236105769231 0.9294189447115385 0.5667476850961538 0.9246484375 0.5725308653846154 0.919921875 0.5760030865384616 0.91650390625 0.5744598774038462 0.91064453125 0.5725308653846154 0.90478515625 0.5706018509615385 0.900390625 0.5667438269230769 0.8955078125 0.5632716057692307 0.88623046875 0.5547839495192307 0.87255859375 0.5482253076923077 0.86279296875 0.5266203701923077 0.86279296875 0.5065586418269231 0.8642578125 0.4868827163461538 0.873046875 0.4799382716346154 0.8798828125 0.4700887355769231 0.89818359375 0.4706790120192308 0.9033203125 0.47557098798076924 0.9068603509615384 0.48037037019230766 0.9172753918269231 0.49236882692307693 0.9229150384615384
0 0.9456905865384615 0.5909716802884616 0.9545717596153847 0.5947216802884616 0.9545717596153847 0.5827294927884615 0.9510185192307692 0.5557421875 0.9527970673076923 0.5347509759615384 0.9474652788461538 0.523505860576923 0.9385802475961539 0.508515625 0.9225887355769231 0.5070166009615384 0.9137037043269232 0.51076171875 0.90482253125 0.517509764423077 0.8941589495192308 0.523505860576923 0.8935185192307693 0.54150390625 0.8912037043269231 0.568359375 0.90482253125 0.5632373052884615 0.9131134254807692 0.58947265625 0.9184452163461538 0.5879736322115384 0.9456905865384615 0.5909716802884616
0 0.49747685096153843 0.1256640625 0.49151234615384615 0.109375 0.4837962956730769 0.08837890625 0.4786226850961538 0.07881347596153845 0.4676543221153846 0.07664550721153846 0.4621720673076923 0.080546875 0.4566859567307692 0.088359375 0.44521605048076923 0.1005859375 0.4436612644230769 0.11872558653846153 0.4429745360576923 0.13173828125 0.4464043221153846 0.14562011778846154 0.4566859567307692 0.16210449278846153 0.46696759375 0.16730956971153846 0.47279706730769233 0.16817871153846153 0.48924768509615385 0.16210449278846153 0.49576003125 0.16210449278846153 0.4964467596153846 0.15082519471153846 0.4964467596153846 0.1378125 0.49747685096153843 0.1256640625
0 0.4769097211538461 0.21459472596153845 0.47039737740384613 0.2111230456730769 0.46559799278846153 0.2111230456730769 0.4498302475961538 0.21806640625 0.43920524759615387 0.2245703125 0.42549382692307697 0.23758788942307693 0.42549382692307697 0.24712890625 0.43063657451923076 0.2623144543269231 0.4361226850961539 0.27229003846153843 0.4402353389423077 0.28227050721153846 0.4488040120192308 0.28573730528846153 0.4539429014423077 0.28573730528846153 0.46114197596153844 0.28573730528846153 0.46525462980769233 0.28573730528846153 0.4724537043269231 0.27619628846153843 0.48205246875 0.2545068365384615 0.49729938221153847 0.2353515625 0.4919907403846154 0.22327148557692308 0.4769097211538461 0.21459472596153845
0 0.4282638894230769 0.56541015625 0.4140509254807692 0.5537158197115384 0.3941512355769231 0.5357275384615384 0.3756712956730769 0.5231347668269231 0.3699845673076923 0.5231347668269231 0.36419753125 0.529296875 0.357638889423077 0.53369140625 0.3456790120192308 0.55126953125 0.3763811730769231 0.5843017572115385 0.38988425961538464 0.6004931634615385 0.4225810192307692 0.6121875 0.43479938221153847 0.61376953125 0.43518518509615384 0.587890625 0.4282638894230769 0.56541015625
0 0.8520679014423076 0.4602099615384615 0.8655941346153846 0.45253418028846154 0.8655941346153846 0.43777831971153847 0.8609297836538462 0.41947753846153846 0.8520679014423076 0.4041308581730769 0.8343479927884616 0.39173828125 0.8119598774038461 0.3775683581730769 0.8030979927884616 0.37993164182692307 0.7961033942307693 0.41416503846153846 0.7998341057692309 0.4425 0.8124266971153846 0.4596191394230769 0.8324807091346155 0.46669921875 0.8520679014423076 0.4602099615384615
0 0.5778858028846154 0.6594482427884615 0.5860339495192307 0.67138671875 0.59259259375 0.693359375 0.5972222211538462 0.6767578125 0.6055941346153846 0.6641455072115385 0.61419753125 0.66162109375 0.6207561730769231 0.662109375 0.6224459879807692 0.6514941418269231 0.6201620360576924 0.6399267572115386 0.6127353389423077 0.6337792980769231 0.6058796298076923 0.626552735576923 0.599023920673077 0.6204052740384616 0.5947376538461538 0.6142578125 0.5881674375 0.611728514423077 0.5827430552884615 0.611728514423077 0.5793132716346154 0.6138964831730769 0.5736033942307692 0.62474609375 0.5733179014423077 0.6355908197115384 0.5721720673076923 0.6580029302884616 0.5778858028846154 0.6594482427884615
0 0.5859027788461538 0.27545410096153844 0.5791859567307692 0.2627001947115385 0.5707908942307692 0.24499511778846153 0.5595987644230769 0.23082519471153845 0.5383294759615385 0.2152441394230769 0.5271373461538462 0.213828125 0.5243402788461539 0.21595214903846155 0.5220987644230769 0.23295410096153846 0.52321759375 0.25774414182692307 0.5209799375 0.2825341802884615 0.5248996923076923 0.30236816346153844 0.5332947524038462 0.3193701177884615 0.5444868822115384 0.3370751947115384 0.5845293221153847 0.33144043028846154 0.5914969134615384 0.3044921875 0.589818673076923 0.2924511730769231 0.5859027788461538 0.27545410096153844
0 0.9131134254807692 0.5819775384615384 0.9065972211538462 0.5699853509615385 0.8858680552884616 0.5699853509615385 0.8746141971153846 0.5699853509615385 0.860401235576923 0.5744824230769231 0.8509220673076924 0.5849755865384615 0.8444058653846154 0.6037158197115384 0.8343402788461538 0.6456933605769231 0.8438155865384616 0.6426953125 0.8621759254807693 0.6404492187499999 0.8663233028846153 0.639697264423077 0.9008487644230769 0.64697265625 0.9120370360576923 0.64208984375 0.9095601850961538 0.6239550793269231 0.9095601850961538 0.6112109375 0.9131134254807692 0.5819775384615384
0 1 0.5009374999999999 0.9859220673076923 0.48676757692307693 0.9761304014423077 0.48381836057692307 0.9532754639423077 0.5269091802884616 0.9434799375 0.5723583990384615 0.9537422836538462 0.6012841802884615 0.9663348774038462 0.6142675793269231 0.9910532403846154 0.6237109375000001 1 0.6343359375000001 1 0.5764892572115385 1 0.5115625 1 0.5009374999999999
0 0.5258603389423077 0.32522460817307697 0.5227623461538461 0.32376953125 0.518171295673077 0.32522460817307697 0.5150733028846154 0.32638671874999997 0.5123186730769231 0.32885742307692306 0.5096759254807692 0.3297265625 0.5071527788461538 0.3308886706730769 0.5056597211538462 0.3326318365384615 0.5052006177884615 0.3348144543269231 0.5054282403846154 0.3381542980769231 0.5092168221153845 0.34265625 0.518171295673077 0.3497753918269231 0.5188580240384616 0.35166503846153846 0.5250578701923077 0.35820312499999996 0.53263503125 0.3597998052884615 0.5365393509615385 0.36125488221153845 0.5450308653846154 0.3619824230769231 0.5513464495192307 0.36110839903846154 0.5581172836538462 0.35732910096153847 0.5559375 0.3564599615384615 0.5535262355769232 0.3545703125 0.5487037043269231 0.35123046874999997 0.5436535504807692 0.34643554807692306 0.5391782403846154 0.3400439447115385 0.5344714495192308 0.3326318365384615 0.5318325625 0.32624023317307693 0.5305671298076923 0.3247900384615384 0.5281597211538461 0.3249316394230769 0.5258603389423077 0.32522460817307697
0 0.19892746875 0.24616699278846152 0.2050771610576923 0.2534472644230769 0.21239583413461538 0.25294433653846154 0.21499228365384615 0.2466699230769231 0.21717592548076922 0.239140625 0.21566357932692307 0.234375 0.21759259375 0.2294921875 0.21450617307692307 0.2197265625 0.2118055552884615 0.212890625 0.20902392067307693 0.20675293028846153 0.20029320913461537 0.20072753846153846 0.19317515384615386 0.19947265625000002 0.18325617307692307 0.201171875 0.1763117283653846 0.2001953125 0.17206790144230769 0.201171875 0.16956790144230768 0.20273925721153846 0.17076003125 0.20650390625 0.17492669711538464 0.2080078125 0.1762924375 0.2175488293269231 0.18405092548076923 0.22909668028846156 0.19295524759615384 0.23989257932692307 0.19892746875 0.24616699278846152
0 0.5647878076923077 0.33739746153846156 0.5615740745192308 0.3429199206730769 0.5607677475961539 0.34931152403846155 0.5601967596153846 0.3555566418269231 0.5605401225961538 0.36296875 0.5626080240384616 0.36616210817307693 0.5673109567307693 0.3676171875 0.5737422836538462 0.3681982427884615 0.5884336418269231 0.3680517572115385 0.5944020072115385 0.36602050721153845 0.6041666658653846 0.35595703125 0.6036998461538462 0.3439355480769231 0.6028973774038462 0.3398681634615385 0.5987654326923078 0.338125 0.5896952163461538 0.3343457043269231 0.5845293221153847 0.33144043028846154 0.5766087956730769 0.32984375 0.5713310192307692 0.33376464903846154 0.5674266971153846 0.33580078125 0.5647878076923077 0.33739746153846156
0 0.5567129639423076 0.7705078125 0.5694907403846154 0.7606689447115385 0.5811419759615385 0.7506933581730769 0.5814853389423077 0.7407128918269231 0.5807986105769231 0.731171875 0.5773726850961538 0.7190234375 0.5653742283653846 0.7012402331730769 0.5616049375000001 0.6899609375 0.5554359567307693 0.6778125 0.5489236105769231 0.665234375 0.5489969134615384 0.6689453125 0.5389660504807693 0.6689453125 0.5293209879807692 0.67919921875 0.5243055552884616 0.68310546875 0.5187615745192308 0.6851855480769231 0.5173881177884615 0.6899609375 0.5108757716346154 0.7068798822115384 0.5252739206730769 0.7459179687499999 0.5310995360576923 0.77455078125 0.5430979927884615 0.7775878894230769 0.5567129639423076 0.7705078125
0 0.6423572524038461 0.5301904302884616 0.6481790120192308 0.53150390625 0.6517669759615384 0.5343310552884616 0.6571064807692307 0.53634765625 0.6649961418269231 0.5405859375 0.6686651225961538 0.5371533197115385 0.6720138894230769 0.52837890625 0.6779128076923077 0.5172802740384616 0.6790277788461538 0.5112255865384616 0.6773533942307692 0.5069873052884616 0.6729706778846154 0.5024462884615384 0.6669907403846154 0.5017431634615385 0.6597376538461539 0.49992675721153845 0.654556326923077 0.4978076177884615 0.6512885793269232 0.49558593749999996 0.64044753125 0.49427734375 0.6320756177884616 0.49225585817307693 0.6282484567307692 0.49125 0.6236265432692308 0.49205566346153845 0.6209953701923077 0.4947802740384616 0.6169290120192308 0.50103515625 0.6135802475961538 0.5035595697115385 0.6126234567307692 0.5130419927884615 0.6193209879807693 0.5155615240384616 0.6231134254807693 0.5149853509615384 0.6250617283653847 0.5169775384615385 0.6296026225961538 0.5204052740384616 0.6331905865384615 0.5234326177884616 0.6423572524038461 0.5301904302884616
0 0.09516589423076922 0.2873388677884615 0.09040509375 0.29818359375000003 0.08635802403846153 0.31234375000000003 0.07707561778846153 0.34156738221153843 0.07683642067307693 0.3433740240384615 0.07898148076923077 0.3487939447115384 0.07993055528846155 0.35542480528846154 0.07993055528846155 0.36355468750000003 0.07612268509615384 0.37560546875 0.07041280769230769 0.38765625 0.06922067788461538 0.39669433653846153 0.08136188221153845 0.40482910096153846 0.08612268509615384 0.3994042956730769 0.10254629567307692 0.4021191418269231 0.12611111057692306 0.40814453125 0.12706018509615385 0.4009130865384615 0.12539737740384616 0.3885595697115385 0.12872685096153846 0.38886230528846155 0.13348765384615385 0.37500488221153844 0.13824845673076924 0.3593408197115385 0.13706018509615386 0.3397558581730769 0.13348765384615385 0.32138183653846153 0.12920524759615384 0.30722168028846153 0.12229938221153845 0.28071288942307693 0.10802083413461538 0.2731787115384615 0.10587577163461538 0.27589355528846154 0.09516589423076922 0.2873388677884615
0 0.4638811730769231 0.5464208990384616 0.4623263894230769 0.54052734375 0.45447530769230765 0.5185546875 0.4474768509615385 0.5082666009615384 0.4421566346153846 0.4990087884615385 0.43402777884615384 0.48876953125 0.42974537019230774 0.48329589903846154 0.41954861057692305 0.4813330072115385 0.41179012259615383 0.4813330072115385 0.40668981490384615 0.48385742307692303 0.4049189807692307 0.4886279302884615 0.40856481490384616 0.5087890625 0.40895061778846153 0.53173828125 0.4082407403846154 0.5469824230769231 0.4095717596153846 0.5514697259615384 0.4191049375 0.5556787115384615 0.4274691346153846 0.56591796875 0.43993827163461535 0.5640917956730769 0.45744984615384615 0.5590429687499999 0.4637345673076923 0.55712890625 0.4638811730769231 0.5464208990384616
0 0.7752970673076922 0.8640087884615385 0.7875810192307693 0.8497607427884616 0.7824074062499999 0.833984375 0.7596450625 0.77978515625 0.7245370360576923 0.7607421875 0.7102623461538461 0.76513671875 0.6863425937500001 0.7685546875 0.6631944447115384 0.77490234375 0.6535030865384616 0.8031250000000001 0.6585648149038461 0.845703125 0.6842091057692308 0.8640087884615385 0.7292399687500001 0.8640087884615385 0.7752970673076922 0.8640087884615385
0 1 0.7471337884615384 0.9913580240384616 0.7419287115384615 0.9724382716346154 0.7283935552884616 0.9588657403846154 0.7174609375000001 0.9522839495192308 0.713818360576923 0.9370640432692308 0.7028857427884615 0.9218479927884615 0.6971582019230769 0.9107407403846154 0.6956005865384616 0.8996334879807691 0.6903906249999999 0.8926427475961538 0.6945556634615385 0.8827700625 0.7039257812499999 0.8716666658653847 0.7205859375 0.8650848774038462 0.73568359375 0.8712538581730769 0.7476562499999999 0.8782484567307692 0.75650390625 0.8918209879807691 0.7601513677884615 0.9058063269230769 0.7721240240384616 0.9165007716346154 0.7856542956730769 0.9222569447115384 0.791904295673077 0.9234915120192307 0.7934667956730769 0.9280169759615385 0.8007519543269231 0.9317168221153846 0.8070019519230769 0.93665509375 0.8127246081730769 0.9411766971153847 0.8163720697115384 0.9473456778846153 0.8153271490384615 0.9526929014423077 0.8153271490384615 0.9600964495192308 0.8142871105769232 0.9740817908653846 0.8127246081730769 0.9823109567307693 0.8127246081730769 0.9901234567307693 0.8127246081730769 0.9971180552884615 0.8106445312499999 1 0.8070019519230769 1 0.7471337884615384
0 0.4860455240384616 0.6976318365384616 0.500898920673077 0.7026806634615385 0.5086535504807692 0.7057666009615384 0.513973764423077 0.7009960937499999 0.5148611105769231 0.693701173076923 0.5179668221153846 0.6807958990384615 0.5175231490384615 0.67322265625 0.5170794759615385 0.6695751947115384 0.5148611105769231 0.6586376947115385 0.5117592596153846 0.6499365240384616 0.5064390432692307 0.6409619134615384 0.5048881177884615 0.6364746105769231 0.5004552475961538 0.6322656249999999 0.4991242283653846 0.631982420673077 0.4926967596153846 0.631982420673077 0.4893711418269231 0.6328271490384616 0.4860455240384616 0.633388673076923 0.48183256249999995 0.6347900384615385 0.4780671298076923 0.6364746105769231 0.4740740745192307 0.6406787115384615 0.47008487740384614 0.6462939447115384 0.4678703701923077 0.646572266826923 0.4601118822115385 0.6586328124999999 0.4654320985576923 0.6636865240384615 0.47052855048076925 0.6763085937500001 0.47717978365384617 0.6897753918269232 0.4860455240384616 0.6976318365384616
0 0.9251041658653846 0.8873779302884616 0.905763889423077 0.8914599615384616 0.8904513894230769 0.9067578125 0.8920601850961538 0.9363378894230769 0.8985108028846154 0.9485791009615384 0.9065663581730768 0.9710205072115384 0.9178510793269231 0.9812207043269231 0.9573418221153845 0.97509765625 0.9847415120192308 0.9669384759615384 0.9863541658653846 0.9404199230769231 0.983935185096154 0.9087988293269231 0.9718479927884616 0.8873779302884616 0.9581481490384616 0.88330078125 0.9251041658653846 0.8873779302884616
0 0.4771450625 0.7083251947115384 0.47485725240384613 0.7029003918269231 0.4700038581730769 0.697841798076923 0.46028935096153845 0.697119141826923 0.4528665120192308 0.69892578125 0.4408680552884615 0.70326171875 0.43429783894230767 0.7072412115384614 0.43058642067307695 0.7130224615384615 0.42887345673076926 0.7300146490384616 0.43030092548076926 0.7520654302884615 0.43229938221153846 0.758935545673077 0.4348688269230769 0.7705029302884616 0.4408680552884615 0.7737548822115384 0.4437229927884615 0.7715869134615385 0.44800925961538457 0.7672509759615385 0.4637191346153846 0.7542333990384615 0.4682908942307692 0.7527880865384616 0.47299382692307695 0.74755859375 0.4791435192307692 0.7379687500000001 0.48142746875000003 0.7332666009615385 0.4817129639423077 0.7238671875 0.48000000000000004 0.7162744134615384 0.4771450625 0.7083251947115384
0 0.8819367283653846 0.37344238221153847 0.8819367283653846 0.3930761730769231 0.8867939807692308 0.4049609375 0.8935956778846154 0.4107421875 0.9114081778846154 0.4218115240384615 0.9295486105769231 0.42340820192307693 0.9324459879807693 0.415625 0.9334336418269231 0.38983886778846155 0.9224228389423076 0.3705712884615385 0.9081790120192307 0.35458984375 0.8845293221153846 0.36237304567307693 0.8819367283653846 0.37344238221153847
0 0.7037037043269231 0.55224609375 0.7179938269230769 0.5541064447115385 0.7213001538461538 0.55578125 0.7236111105769231 0.56080078125 0.7282407403846154 0.566240235576923 0.7386535504807692 0.5670800793269231 0.7469174375 0.575654298076923 0.752538579326923 0.5796289062500001 0.7609683653846153 0.5817236322115384 0.76361496875 0.58046875 0.7659297836538462 0.5802587884615384 0.7684066346153846 0.5733544927884615 0.77634259375 0.570634766826923 0.7867554014423077 0.5664501947115385 0.7903935192307692 0.5656152355769231 0.7917129639423077 0.56310546875 0.7866512355769231 0.55419921875 0.7766743822115385 0.5338134759615385 0.7736959879807692 0.5220996081730769 0.7725385793269232 0.5162402331730769 0.7698958341346154 0.5087109375 0.7644405865384616 0.5003417980769231 0.7614660504807692 0.49720214903846155 0.7530362644230769 0.48883788942307693 0.7484066346153846 0.486953125 0.7444405865384615 0.48486328125 0.7388194447115384 0.48193359375 0.7341898149038462 0.48172363221153847 0.7305555552884615 0.48088867307692307 0.7246026225961538 0.48004882692307693 0.7191512355769232 0.48004882692307693 0.7170023149038461 0.48046875 0.7160069447115384 0.4813037115384615 0.7153472211538462 0.4850683581730769 0.7138580240384615 0.49218261778846156 0.7097260793269231 0.49490234375000003 0.7070833341346153 0.51310546875 0.7070833341346153 0.52607421875 0.7064197524038461 0.5388378918269231 0.7037037043269231 0.55224609375
0 0.7236921298076923 0.3867285168269231 0.7199151225961539 0.3986865240384615 0.7134375000000001 0.4123486322115385 0.7134375000000001 0.4236230480769231 0.7288233028846154 0.4413818365384615 0.7374575625 0.44650878846153846 0.7428549375 0.44753418028846154 0.7568904326923077 0.43386718750000003 0.7684992283653845 0.4195214855769231 0.7604012355769231 0.39561035096153846 0.7420486105769231 0.3775048822115385 0.7328703701923077 0.38058105528846153 0.7236921298076923 0.3867285168269231
0 0.5614621923076923 0.5979296875 0.565983795673077 0.6000390625 0.5712229927884616 0.603955079326923 0.5797916658653846 0.6114892572115385 0.5805054014423077 0.6069677740384616 0.577411264423077 0.6000390625 0.5771720673076923 0.59220703125 0.5771720673076923 0.5876904302884616 0.5762191346153845 0.582265625 0.5728896610576923 0.5771435552884616 0.5693171298076923 0.5756396490384615 0.5636033942307692 0.5750390625 0.5586072524038461 0.5750390625 0.5552739206730769 0.5750390625 0.5514660504807692 0.5753369134615385 0.5450385793269231 0.5756396490384615 0.542183641826923 0.5735302740384616 0.5378973774038461 0.574736326923077 0.5340895072115385 0.5777490240384615 0.5331365745192308 0.582265625 0.5331365745192308 0.5858837884615384 0.5367091057692307 0.5928125000000001 0.538611110576923 0.596123045673077 0.54146990625 0.59431640625 0.5467052475961538 0.5946191394230769 0.5555131177884616 0.596123045673077 0.5614621923076923 0.5979296875
0 0.17776234615384615 0.4025683581730769 0.17966435096153846 0.39563964903846155 0.18751929086538463 0.4010644543269231 0.19204475240384616 0.4019677740384615 0.19799382692307693 0.40136230528846156 0.2025154326923077 0.3977490240384615 0.20717592548076924 0.3935546875 0.20794753125 0.390625 0.20987654326923078 0.38232421875 0.20965663461538464 0.37997558653846153 0.21037037019230767 0.3727441418269231 0.20870370432692306 0.37033691346153846 0.20466049278846155 0.36521484374999996 0.19632716105769232 0.36431152403846156 0.18299768509615386 0.3640087884615385 0.16133873557692308 0.36671875000000004 0.1518171298076923 0.36762206971153844 0.14919753125 0.37093750000000003 0.14134259375 0.38027831971153847 0.1365817908653846 0.38569824278846154 0.13325231490384615 0.3920263677884615 0.13110725240384616 0.4019677740384615 0.13110725240384616 0.40558105528846156 0.13444058653846153 0.41281249999999997 0.14515046394230768 0.414921875 0.16395447596153845 0.4125097644230769 0.1756211418269231 0.4125097644230769 0.1705246923076923 0.40478515625 0.17776234615384615 0.4025683581730769
0 0.22712191346153845 0.7192333990384616 0.23224151201923077 0.7300244134615385 0.24162422836538464 0.7429785144230769 0.2501504639423077 0.7516162115384616 0.26380015384615385 0.7537744134615385 0.2748842596153846 0.750537108173077 0.2817091057692308 0.7494580072115385 0.2962075625 0.7494580072115385 0.30559027884615386 0.750537108173077 0.3149729927884615 0.7613330072115385 0.3286188269230769 0.7678076177884615 0.33373456730769235 0.7699658197115385 0.33885416586538464 0.7699658197115385 0.3414120360576923 0.7580908197115386 0.3456674375 0.7472216802884616 0.3412114206730769 0.7407128918269231 0.3364120360576923 0.7303027355769232 0.330586420673077 0.7194580072115385 0.3206442908653846 0.7120849615384616 0.3172183653846154 0.6834521490384616 0.32179398076923077 0.6663378918269232 0.32179398076923077 0.6566259759615385 0.3183834879807692 0.6458300793269232 0.3055555552884615 0.63671875 0.2979128076923077 0.6231591802884615 0.29023919711538465 0.6112890624999999 0.2731790120192308 0.6048095697115385 0.2689158942307692 0.597255860576923 0.26123842548076925 0.5875390625 0.2527121923076923 0.5875390625 0.24844521634615385 0.5875390625 0.23053626442307693 0.5886181634615385 0.22285879567307693 0.59185546875 0.2168904326923077 0.5961767572115385 0.2083603389423077 0.6231591802884615 0.19300925961538462 0.6328759759615384 0.18362654326923078 0.6404345697115384 0.17424382692307694 0.6501464855769231 0.16998070913461538 0.6566259759615385 0.1682754639423077 0.6706591802884615 0.1768016971153846 0.68037109375 0.1870370360576923 0.6933251947115384 0.20409722115384615 0.70412109375 0.21432870432692308 0.7116748052884615 0.22712191346153845 0.7192333990384616
0 0.8850308653846154 0.0302734375 0.8919753076923077 0.02978515625 0.8987808653846153 0.031064451923076924 0.9023919759615384 0.02734375 0.902777778846154 0.021484375 0.9020061730769231 0.0166015625 0.8977623461538461 0.00927734375 0.8912037043269231 0.00732421875 0.8843711418269231 0.006938475961538461 0.8783873461538462 0.005537108173076923 0.8719598774038461 0.003852538461538462 0.8655285504807692 0.003852538461538462 0.8608757716346154 0.004135742788461539 0.8542245360576923 0.011987305288461538 0.8537808653846154 0.02405273317307692 0.8542245360576923 0.02826171875 0.8637577163461538 0.0352734375 0.8761574062499999 0.03662109375 0.8766126538461538 0.0321875 0.8777199062500001 0.030502930288461537 0.8850308653846154 0.0302734375
0 0.023541665865384618 0.2713378918269231 0.021894290865384615 0.283828125 0.02436342548076923 0.2968457043269231 0.04533950721153846 0.3181884759615385 0.06018518509615385 0.31982421875 0.08101851923076923 0.33056640625 0.08719135817307692 0.3046875 0.09387345673076923 0.29424316346153845 0.09510802403846154 0.28643554807692306 0.09140817788461539 0.27862304807692306 0.07289737740384615 0.2546777355769231 0.06960648076923076 0.2546777355769231 0.04698688221153846 0.2411425793269231 0.03834876442307693 0.2515527331730769 0.03258873557692308 0.2557177740384616 0.028063271634615385 0.25832031250000004 0.023541665865384618 0.2713378918269231
0 0.3317129639423077 0.7289111322115385 0.3416898149038462 0.7504199230769231 0.34926311778846153 0.7607031249999999 0.36145447596153846 0.76841796875 0.36736496874999996 0.7714599615384615 0.3773379639423077 0.7709912115384616 0.3887924375 0.7782373052884615 0.3945177475961538 0.78431640625 0.395625 0.7653808605769231 0.39636574038461536 0.7497167956730769 0.39802855048076924 0.7366259759615384 0.39858024759615385 0.7279736322115385 0.3972878076923077 0.7146484375 0.3928549375 0.6971142572115384 0.3917476850961539 0.6915039062499999 0.38712962980769233 0.6758398437500001 0.3817708341346154 0.669296875 0.37235339423076924 0.6662548822115385 0.3644097211538462 0.6648535144230769 0.3544328701923077 0.664150391826923 0.33503857932692305 0.6629833990384615 0.32947530769230765 0.6640625 0.3213734567307692 0.67236328125 0.3163580240384615 0.67822265625 0.3171219134615385 0.6996875 0.3195216057692308 0.7111425769230769 0.3278356490384615 0.7202587884615385 0.3317129639423077 0.7289111322115385
0 0.8762345673076923 0.1361328125 0.8464506177884614 0.14106445192307693 0.8289506177884616 0.14598144471153846 0.8185841057692307 0.15827636778846152 0.8166435192307693 0.17221679567307693 0.8163194447115385 0.18000488221153846 0.830891204326923 0.1890234375 0.8512962956730769 0.19640136778846154 0.8717013894230768 0.20541992067307693 0.8992322524038462 0.20459961057692308 0.9244945985576922 0.21238769471153846 0.9358294759615385 0.20377929807692308 0.9364776225961537 0.1841015625 0.9413348774038461 0.14187988221153847 0.9202854927884616 0.13286132932692307 0.9112152788461538 0.1332714831730769 0.8762345673076923 0.1361328125
0 0.3489043221153846 0.28342285096153846 0.3524729927884615 0.2855322259615385 0.35223765384615385 0.2885449230769231 0.35104552403846156 0.29577636778846156 0.3512847211538462 0.2984863269230769 0.35794753125 0.3084277331730769 0.35985339423076923 0.30300293028846154 0.3622337956730769 0.29155761778846156 0.3700887355769231 0.29155761778846156 0.3705632716346154 0.29155761778846156 0.3781828701923077 0.2966796875 0.38222607932692304 0.29938964903846155 0.38127700721153845 0.29336425721153847 0.38127700721153845 0.2855322259615385 0.3805632716346154 0.27709472596153845 0.37651620432692307 0.2701660144230769 0.37342206730769234 0.2614306634615385 0.3688966057692307 0.25570800721153847 0.3641358028846154 0.24968261778846154 0.3589004639423077 0.2409472644230769 0.34914351923076925 0.23853515625000002 0.34795138942307696 0.24817871153846155 0.3398572524038462 0.26685546875 0.33819058653846157 0.2737841802884616 0.3405709879807692 0.27830078124999996 0.3489043221153846 0.28342285096153846
0 0.15043595673076923 0.4777050793269231 0.15933642067307693 0.458984375 0.13977237740384615 0.4399267572115385 0.1205825625 0.4255322259615385 0.0992592596153846 0.41204101682692307 0.08859953605769232 0.41204101682692307 0.07793595673076922 0.4138378918269231 0.06514274759615385 0.41833496153846156 0.05448302403846154 0.4246337884615385 0.05874614182692307 0.4354296875 0.06372299278846154 0.45431640624999997 0.07153935096153846 0.4741064447115385 0.08504629567307692 0.4912011706730769 0.09854938221153847 0.51818359375 0.1262692908653846 0.50109375 0.13763888942307692 0.49389648557692306 0.15043595673076923 0.4777050793269231
0 0.6093248461538462 0.38665039182692307 0.6111612644230769 0.39057128846153844 0.6171296298076924 0.3927490240384615 0.6193132716346154 0.3912988293269231 0.6222955240384616 0.38751953125 0.6286111105769231 0.3846142572115384 0.6326273149038462 0.38432617307692307 0.6374498461538463 0.3827246081730769 0.6414660504807692 0.3796777355769231 0.6421566346153846 0.37633300721153845 0.6427276225961538 0.3727001947115385 0.6436458341346154 0.37081543028846153 0.6438773149038461 0.3681982427884615 0.6438773149038461 0.3641308605769231 0.6438773149038461 0.36079101442307693 0.6436458341346154 0.35541503846153844 0.6436458341346154 0.35105468749999996 0.6436458341346154 0.34437011778846155 0.6441049375 0.33972168028846156 0.6441049375 0.33478515625 0.6437615745192308 0.3320214831730769 0.6412384254807691 0.3272314447115384 0.639513889423077 0.3260644519230769 0.6365316346153846 0.3259228509615385 0.6314814807692308 0.3273730456730769 0.6272337956730769 0.3279541009615385 0.6233294759615385 0.3281005865384615 0.6186226850961538 0.3295556634615385 0.6164429014423077 0.33085937499999996 0.6126543221153846 0.33420410096153846 0.6099537043269231 0.3369140625 0.6056520072115384 0.34044921875 0.606913579326923 0.35192871153846156 0.6070293221153846 0.36456543028846156 0.6081790120192307 0.37895019471153846 0.6093248461538462 0.38665039182692307
0 0.27828703605769234 0.5130566418269231 0.28062114182692305 0.49879394471153843 0.2778973774038462 0.48501953124999997 0.27051311778846154 0.47616699278846153 0.2541898149038462 0.47124511778846156 0.24758487740384616 0.4682958990384615 0.24020061778846152 0.4727197259615385 0.23475694471153846 0.48009765625 0.23553626442307693 0.5105957043269231 0.2503047836538462 0.5125634759615385 0.2642939807692308 0.5155175769230769 0.2720679014423077 0.5164990240384616 0.27828703605769234 0.5130566418269231
0 0.84509259375 0.37595703124999996 0.8591743822115384 0.37645996153846156 0.8692901225961538 0.37645996153846156 0.875439814903846 0.374453125 0.8778202163461538 0.3686767572115385 0.8778202163461538 0.3631542980769231 0.8766319447115385 0.3573828125 0.8748456778846154 0.3533642572115384 0.8712770072115384 0.3495996081730769 0.8645331778846154 0.3445751947115384 0.8534220673076922 0.34482910096153846 0.8439043221153846 0.3445751947115384 0.8331905865384616 0.3445751947115384 0.8284297836538462 0.34884765624999997 0.8302160504807692 0.36114746153846156 0.8302160504807692 0.37093750000000003 0.8357716057692308 0.37570800721153846 0.84509259375 0.37595703124999996
0 0.3001543221153846 0.21484375 0.30326003125 0.21732421875 0.3058796298076923 0.21732421875 0.3060185192307692 0.21610351442307693 0.3065663581730769 0.21349121153846154 0.30822144951923075 0.20756347596153846 0.30890817788461533 0.2040722668269231 0.3101504639423077 0.20128418028846154 0.3124922836538462 0.20093750000000002 0.31731095673076926 0.20111328125 0.3196527788461539 0.20145996153846155 0.3218595673076923 0.20180664182692307 0.3247492283653846 0.20145996153846155 0.3270910504807692 0.20093750000000002 0.33218749999999997 0.19971679807692308 0.3348070985576923 0.19692871153846153 0.3363194447115384 0.1937890625 0.33893904326923074 0.18541992067307692 0.3378356490384615 0.18315429807692307 0.33439429086538464 0.18123535096153848 0.3287461418269231 0.17896972596153848 0.3218595673076923 0.17792480528846152 0.3181404326923077 0.17687988221153847 0.3146952163461538 0.17565918028846153 0.3086342596153846 0.174609375 0.30670524759615386 0.174609375 0.30450231490384616 0.1749609375 0.30064429086538463 0.17810058653846153 0.29623842548076923 0.18193359375 0.2952739206730769 0.18367675721153848 0.29444444471153847 0.18541992067307692 0.29114197596153846 0.1892578125 0.28907407451923073 0.1915234375 0.2837037043269231 0.19309081971153846 0.27943287019230767 0.19727539182692308 0.27943287019230767 0.20076171874999998 0.2821875 0.20860839903846154 0.2848032403846154 0.21 0.2898996923076923 0.21279296874999998 0.2934799375 0.21436035096153847 0.29637345673076926 0.21470703124999999 0.3001543221153846 0.21484375
0 0.7059066346153846 0.5014257812499999 0.7116666658653846 0.4889355480769231 0.7153665120192307 0.48008300721153846 0.7166010793269231 0.46759277403846156 0.7178356490384614 0.45509765625000004 0.7191358028846154 0.44482421875 0.7174228389423077 0.43791992307692307 0.7145447524038461 0.4347949206730769 0.7098765432692308 0.4375 0.7021604927884616 0.4482421875 0.6890432091346154 0.447265625 0.67669753125 0.45556640625 0.6693016971153847 0.4722753918269231 0.6614853389423078 0.47644043028846156 0.6558641971153846 0.47802734375 0.6425655865384615 0.4826855480769231 0.6368055552884615 0.48633300721153844 0.635983795673077 0.49049316346153843 0.6477623461538461 0.494140625 0.6581790120192307 0.4990234375 0.670138889423077 0.50146484375 0.6779398149038461 0.50455078125 0.6786265432692308 0.51025390625 0.6747685192307693 0.52685546875 0.6890432091346154 0.5274560552884615 0.6968595673076923 0.5212109375 0.7005594134615385 0.5170458990384615 0.7059066346153846 0.5014257812499999
0 0.45486496875 0.77990234375 0.466288579326923 0.786044920673077 0.4688618822115385 0.7885791009615384 0.46914737740384616 0.7903857427884616 0.47828703605769235 0.7903857427884616 0.48371142067307693 0.7914697259615384 0.49056712980769235 0.7914697259615384 0.5005671298076924 0.7921923822115384 0.5062770072115385 0.8015917980769232 0.5094212956730769 0.7987011706730769 0.513888889423077 0.7880859375 0.5165895072115385 0.76171875 0.517361110576923 0.74169921875 0.5146604927884615 0.736328125 0.5104166658653846 0.73486328125 0.5061728389423077 0.73193359375 0.4961419759615385 0.72705078125 0.4871412043269231 0.7220605456730769 0.48485725240384614 0.722421875 0.4831404326923077 0.7238671875 0.48285493749999997 0.7300146490384616 0.48057098798076925 0.7379687500000001 0.4768595673076923 0.7437499999999999 0.4725733028846154 0.7488134759615386 0.45486496875 0.76146484375 0.4434375 0.7694189447115385 0.4422955240384615 0.7737548822115384 0.44675925961538465 0.77685546875 0.45486496875 0.77990234375