0 0.8866550937500001 0.2502246105769231 0.8712307091346154 0.23612793028846155 0.8598070985576923 0.23178710817307693 0.8498109567307692 0.22672851682692308 0.8412422836538462 0.22383300721153845 0.8338155865384616 0.22202636778846155 0.8278163581730769 0.22202636778846155 0.8249575625 0.23106445432692307 0.8229591057692307 0.23504394471153847 0.8209606490384616 0.249140625 0.8201041658653847 0.2596240240384616 0.8215316346153846 0.2719140625 0.8249575625 0.273359375 0.8303858028846154 0.27263671875 0.8329552475961539 0.27263671875 0.8400964495192308 0.27046875 0.8532368822115385 0.26974609375 0.8583796298076922 0.2708300769230769 0.86294753125 0.2719140625 0.870088735576923 0.2744433581730769 0.8742283942307693 0.28564453125 0.8869598774038461 0.283203125 0.8903703701923077 0.2693847668269231 0.8903703701923077 0.2614306634615385 0.8866550937500001 0.2502246105769231
0 0.5809722211538462 0.99498046875 0.6173765432692307 0.9900927740384616 0.6256520072115385 0.9754345697115384 0.6212384254807692 0.9628662115384615 0.5986226850961539 0.9475097644230769 0.5958680552884615 0.9279638677884615 0.5925578701923077 0.9195849615384616 0.5804243822115385 0.9195849615384616 0.5559413581730769 0.9140625 0.5378086418269231 0.9140625 0.5241628076923077 0.916796875 0.4961419759615385 0.90576171875 0.4837962956730769 0.89892578125 0.4668016971153846 0.9021337884615386 0.4535609567307692 0.909814451923077 0.4403240745192308 0.9174951177884616 0.43756558653846156 0.9398291009615385 0.4436342596153846 0.9754345697115384 0.47838348798076924 0.9866015625 0.5219560192307692 0.9879980456730769 0.5809722211538462 0.99498046875
0 0.4167554014423077 0.43437988221153845 0.4137924375 0.4181347668269231 0.4113271610576923 0.4075146490384615 0.40490740625000005 0.40314453125 0.39750385817307693 0.40314453125 0.3797376538461539 0.4187597644230769 0.3496296298076923 0.44687011778846153 0.3437075625 0.45749023557692303 0.34420138942307693 0.4687353509615385 0.3501234567307692 0.47373535096153846 0.36394290144230773 0.47373535096153846 0.37233410576923076 0.47123535096153846 0.3905941346153846 0.47873046874999997 0.40737654326923073 0.46936035096153844 0.4202083341346154 0.4568652331730769 0.4202083341346154 0.44562011778846156 0.4167554014423077 0.43437988221153845
0 0.10736496875 0.182421875 0.11471836538461538 0.19347168028846154 0.12253086538461538 0.21092285096153846 0.1280478389423077 0.21499511778846153 0.13770061778846154 0.1969628894230769 0.1468942908653846 0.19347168028846154 0.15424768509615383 0.18939941346153846 0.1776890432692308 0.18532714903846154 0.19009644951923077 0.19114746153846152 0.1928549375 0.19230956971153848 0.19469521634615386 0.18358398317307692 0.19101851923076923 0.1713671875 0.18596064903846152 0.16264160096153846 0.17860725240384617 0.15856933653846153 0.1597608028846154 0.15042480528846153 0.1519483028846154 0.14751464903846154 0.12850694471153845 0.13646484374999998 0.11563657451923078 0.13646484374999998 0.09449459855769231 0.1376269543269231 0.08300154326923076 0.14402831971153846 0.06921296394230769 0.15391601682692307 0.06507716105769232 0.1591503918269231 0.060019290865384614 0.17020507692307693 0.05450617307692308 0.18939941346153846 0.05542438221153846 0.20219726682692307 0.061859567307692306 0.20336425721153845 0.07427083413461538 0.19580078125 0.08116512259615384 0.17951171875 0.09403549278846154 0.17543945432692307 0.10736496875 0.182421875
0 0.4669367283653846 0.7143408197115384 0.44966049278846154 0.7091357427884616 0.43773148076923074 0.713818360576923 0.4270370360576923 0.7164208990384615 0.4023572524038462 0.7242285168269231 0.3867283942307692 0.7330810552884616 0.36458333413461536 0.74755859375 0.36533950721153846 0.7570263677884616 0.36986496874999997 0.7658740240384615 0.37397762259615386 0.7716015625 0.3817939807692308 0.7762841802884615 0.3904320985576923 0.779931639423077 0.3945447524038462 0.7804492187500001 0.4027700625 0.776806641826923 0.4122299375 0.7705615240384615 0.41839892067307694 0.763271485576923 0.4406095673076923 0.75962890625 0.4541859567307692 0.7512988293269232 0.4640547836538461 0.74140625 0.4681674375 0.7231884759615385 0.4669367283653846 0.7143408197115384
0 0.8080478389423077 0.7098632812500001 0.8080478389423077 0.6891357427884616 0.7937191346153847 0.676181639423077 0.7814390432692307 0.6671142572115384 0.7727623461538461 0.65869140625 0.7457561730769231 0.6572265625 0.7210648149038461 0.666015625 0.7160493822115386 0.677734375 0.6805555552884616 0.712890625 0.6813271610576923 0.72705078125 0.680941358173077 0.73974609375 0.6842091057692308 0.7552001947115384 0.6932870360576923 0.78857421875 0.69830246875 0.79736328125 0.7026311730769231 0.7979443365384615 0.7538040120192308 0.7992431634615385 0.7824614206730769 0.7798095697115385 0.7947453701923077 0.7526074206730768 0.8020833341346154 0.73876953125 0.8080478389423077 0.7098632812500001
0 0.17456018509615384 0.7037353509615384 0.16203703605769232 0.6748046875 0.14930555528846154 0.64306640625 0.12847222115384616 0.62939453125 0.10841049278846154 0.62939453125 0.10300925961538462 0.64794921875 0.09606481490384616 0.66259765625 0.0748456778846154 0.68896484375 0.06336419711538462 0.6987109375 0.05208333413461538 0.71240234375 0.03935185096153847 0.73046875 0.03549382692307693 0.751953125 0.031593365384615386 0.77208984375 0.04112268509615384 0.7891796875 0.04589120432692308 0.7962158197115384 0.08878086538461538 0.7962158197115384 0.12384259375 0.77294921875 0.16512345673076922 0.73193359375 0.17456018509615384 0.7037353509615384
0 0.27810185096153844 0.5878955072115384 0.2834490745192308 0.6019482427884616 0.2887962956730769 0.6186083990384615 0.29496527884615387 0.6232910144230769 0.3048379639423077 0.6232910144230769 0.3192322524038461 0.6206884759615385 0.33280478365384614 0.6175634759615385 0.3615972211538461 0.6118408197115385 0.37434799278846154 0.60923828125 0.38216435096153845 0.6066357427884616 0.38751157451923074 0.595703125 0.4014969134615385 0.592578125 0.4006712956730769 0.5806054687500001 0.3977932091346154 0.5675927740384615 0.40108410576923076 0.5587402331730769 0.39984953605769236 0.5540576177884615 0.3817515432692308 0.53427734375 0.3694135793269231 0.5290673822115385 0.35624999999999996 0.5269873052884615 0.3492592596153846 0.5228222668269231 0.33363040144230766 0.525947266826923 0.2904398149038462 0.5488525384615385 0.28057098798076924 0.55978515625 0.2760455240384615 0.5675927740384615 0.2727546298076923 0.5795654302884615 0.27810185096153844 0.5878955072115384
0 0.9270138894230769 0.28732421875 0.921651235576923 0.2810253894230769 0.9109259254807692 0.28005371153846154 0.8814313269230769 0.2863574230769231 0.87875 0.29120605528846155 0.876836420673077 0.29993164182692306 0.8844945985576923 0.30768554567307693 0.8848804014423077 0.31641113221153844 0.8848804014423077 0.3348339855769231 0.8821990745192309 0.34598144471153847 0.8821990745192309 0.3513134759615385 0.8818132716346153 0.3561621081730769 0.8917746923076924 0.3561621081730769 0.8982831778846154 0.3561621081730769 0.9093942908653846 0.3614941418269231 0.9139891971153846 0.3653759759615385 0.9250964495192308 0.37361328125 0.9358217596153846 0.35470703124999997 0.9385030865384615 0.34210449278846156 0.9332561730769231 0.3154296875 0.9270138894230769 0.28732421875
0 0.6109259254807692 0.7667285168269231 0.5884104927884615 0.7667285168269231 0.5632716057692307 0.79150390625 0.5577083341346154 0.8055859375 0.5669174375 0.8340869134615385 0.5761304014423076 0.8625830072115386 0.5955748461538461 0.8923779302884616 0.6139969134615385 0.9247607427884615 0.6365123461538461 0.9415966802884616 0.6580054014423078 0.9493701177884616 0.7071334879807692 0.9467822259615384 0.7347685192307692 0.9454833990384616 0.7562615745192307 0.92994140625 0.7572839495192307 0.9156933581730768 0.7490972211538461 0.9014453125 0.7204398149038462 0.8807177740384616 0.7173688269230769 0.8716503894230769 0.7009915120192307 0.8340869134615385 0.69178240625 0.7939306634615384 0.6876890432692307 0.774501954326923 0.6436766971153846 0.762841795673077 0.6416319447115384 0.762841795673077 0.6109259254807692 0.7667285168269231
0 0.05479938221153846 0.21682128846153845 0.03739197596153846 0.2403222668269231 0.02114197596153846 0.26822753846153846 0.004895834134615385 0.2917285168269231 0.006057098557692308 0.3299169927884616 0.03854938221153847 0.36516601682692307 0.07220679086538462 0.3930761730769231 0.09657793269230769 0.3960107427884615 0.15460262259615384 0.37397949278846154 0.1592438269230769 0.3563574206730769 0.14880015384615383 0.2961328125 0.13487268509615385 0.24766601682692307 0.1116628076923077 0.19919433653846155 0.09889660576923077 0.18010253846153848 0.07452546394230769 0.1962597668269231 0.05479938221153846 0.21682128846153845
0 0.3231018509615385 0.20897949278846153 0.31767361057692306 0.20644531249999998 0.30510802403846154 0.21006347596153846 0.29225308653846155 0.21331543028846156 0.2771141971153846 0.21512206971153847 0.2576929014423077 0.21150878846153848 0.24797839423076923 0.22163085817307693 0.24169753125 0.23283691346153848 0.2265586418269231 0.238984375 0.20256558653846155 0.2559716802884615 0.19285107932692308 0.2613964855769231 0.17942901201923078 0.2693505865384615 0.16857253125 0.2841699206730769 0.16857253125 0.29067871153846153 0.17057484615384616 0.29682128846153844 0.1742862644230769 0.3054980456730769 0.18057098798076923 0.30694336057692306 0.19085262259615382 0.3112841802884615 0.20142361057692307 0.3199609375 0.21456018509615385 0.3199609375 0.23626929086538462 0.3112841802884615 0.25283564903846156 0.3073046875 0.2734027788461538 0.30224609375 0.2905401225961538 0.2989941418269231 0.31053240625 0.2917626947115385 0.32738425961538464 0.28597656250000003 0.34109567788461537 0.2751318365384615 0.34915123557692307 0.2646484375 0.3516666658653846 0.23608886778846155 0.35280864182692306 0.22163085817307693 0.3476080240384615 0.2138671875 0.33481095673076927 0.21042480528846155 0.3231018509615385 0.20897949278846153
0 0.5236998461538461 0.4474902331730769 0.5316820985576923 0.45152831971153845 0.5420563269230769 0.4320019543269231 0.5468441346153846 0.42224121153846156 0.53125 0.40673828125 0.517361110576923 0.39111328125 0.5069444447115384 0.38818359375 0.5018904326923077 0.39160644471153844 0.49575617307692305 0.39794921875 0.4947067908653846 0.4037255865384616 0.49258101923076925 0.40978515625 0.49444058653846157 0.42257812499999997 0.5040162043269231 0.42998535096153845 0.5141242283653846 0.4360449230769231 0.5202430552884615 0.44277831971153847 0.5236998461538461 0.4474902331730769
0 0.39272376442307694 1 0.40766203605769236 0.9981982427884616 0.420138889423077 0.99658203125 0.4210648149038461 0.9599023437499999 0.4279591057692308 0.9531152355769231 0.4279591057692308 0.9468115240384616 0.4279591057692308 0.9414794927884615 0.4229822524038462 0.92208984375 0.4206828701923077 0.91626953125 0.4160879639423077 0.9075439447115384 0.4091936730769231 0.9007568365384616 0.4065123461538462 0.8978515625000001 0.4015316346153846 0.8973632812500001 0.39463734615384616 0.8934863293269231 0.38965663461538463 0.8900927740384615 0.3804629639423077 0.8808837884615385 0.37931712980769233 0.8808837884615385 0.37625000000000003 0.8808837884615385 0.3697415120192308 0.8808837884615385 0.3662924375 0.8799121081730769 0.3655285504807692 0.8813671875 0.3624614206730769 0.8857324230769231 0.3551851850961538 0.8857324230769231 0.3540354927884615 0.8978515625000001 0.34982253125 0.9051220697115384 0.3502044759615384 0.9279052740384616 0.3593981490384615 0.9506884759615384 0.3636111105769231 0.9739599615384615 0.37088734615384616 0.9938330072115384 0.37893132692307696 1 0.39272376442307694 1
0 0.8277430552884616 0.52810546875 0.8189197524038462 0.5071630865384615 0.8095408942307691 0.482734375 0.7924459879807693 0.4589990240384615 0.7747955240384615 0.4513183581730769 0.7703819447115384 0.4673730480769231 0.7637615745192308 0.4792431634615385 0.7599035504807692 0.4855224615384615 0.7483179014423077 0.4994873052884615 0.7466628076923078 0.5092578125 0.7439081778846154 0.5267089855769231 0.7433564807692308 0.5420703125 0.7483179014423077 0.5476513677884616 0.7543865745192307 0.5511425793269231 0.772588735576923 0.5455566394230769 0.775898920673077 0.546953125 0.7786535504807692 0.5588232427884615 0.7792052475961538 0.56859375 0.7820216057692307 0.576171875 0.8140432091346154 0.59619140625 0.8293981490384615 0.5678955072115385 0.8305015432692309 0.5476513677884616 0.8305015432692309 0.5385791009615384 0.8277430552884616 0.52810546875
0 0.1672685192307692 0.2698730480769231 0.18067515384615385 0.2690673822115385 0.20940200721153845 0.2512890625 0.20940200721153845 0.24361328125 0.208125 0.2290722644230769 0.20493441346153848 0.22139648557692307 0.20046682211538464 0.21250976682692307 0.19823302403846155 0.20563964903846152 0.19535879567307693 0.19877441346153846 0.19089120432692308 0.19392578124999998 0.18418595673076923 0.1906933605769231 0.17780478365384617 0.18827148317307693 0.17652777884615387 0.18584472596153848 0.1669521610576923 0.18584472596153848 0.1541820985576923 0.188671875 0.14460648076923077 0.19352050721153846 0.13790509374999999 0.1991796875 0.13598765384615386 0.20200683653846155 0.13535107932692308 0.20321777403846156 0.13407407451923076 0.20604492067307692 0.13119984615384614 0.21210449278846152 0.1286458341346154 0.216953125 0.12345679086538461 0.22119140625 0.12673225240384614 0.22866699278846153 0.14396990625 0.24967285096153846 0.15003472115384617 0.2710839831730769 0.1583333341346154 0.2751269543269231 0.1672685192307692 0.2698730480769231
0 0.5282986105769231 0.9172021490384614 0.5310570985576922 0.9160400384615385 0.537951389423077 0.9142919927884615 0.5494444447115385 0.9131298822115385 0.5572569447115385 0.9148730480769232 0.5770216057692308 0.9195263677884615 0.5829976850961539 0.9154589855769231 0.5885108028846153 0.9084765625 0.5880516971153846 0.8980029302884615 0.5770216057692308 0.8747363269230769 0.5770216057692308 0.8700830072115384 0.5747222211538461 0.86251953125 0.5443865745192308 0.8293603509615385 0.5397916658653846 0.821796875 0.5319753076923077 0.8159814447115384 0.5181867283653846 0.8124902355769231 0.49961419711538463 0.81494140625 0.4949845673076923 0.82275390625 0.4749228389423077 0.87109375 0.481875 0.8782275384615384 0.49566357932692306 0.8980029302884615 0.4998032403846154 0.907314454326923 0.5126736105769231 0.912548829326923 0.5282986105769231 0.9172021490384614
0 0.7248919759615385 0.5323535144230769 0.7144945985576924 0.5400292956730769 0.70669753125 0.5652490240384616 0.7006327163461539 0.5915625 0.7101620360576923 0.6211669927884615 0.7222916658653846 0.6562548822115384 0.7630131177884615 0.6661230480769231 0.7933333341346154 0.6836669927884615 0.8314544759615384 0.67708984375 0.82798996875 0.6518701177884616 0.8011304014423076 0.6102050793269231 0.789868826923077 0.5860791009615385 0.7456828701923077 0.5411230480769231 0.7370216057692307 0.5301611322115385 0.7248919759615385 0.5323535144230769
0 0.6195987644230769 0.69189453125 0.6094945985576923 0.6826611322115385 0.5880015432692308 0.6852490240384616 0.57330246875 0.69873046875 0.5552507716346153 0.7007958990384615 0.5112422836538462 0.7228173822115385 0.5112422836538462 0.7241113293269231 0.5214737644230769 0.7409521490384615 0.5378510793269231 0.7616748052884615 0.5450154326923077 0.7772216802884616 0.5562731490384615 0.7811083990384616 0.5685570985576923 0.778515625 0.5839081778846154 0.7642675793269231 0.6234567908653846 0.76416015625 0.6458333341346154 0.75341796875 0.6539351850961539 0.7392578125 0.6458333341346154 0.7119140625 0.628472221153846 0.71044921875 0.6195987644230769 0.69189453125
0 0.25689814903846153 0.8860205072115386 0.2553665120192308 0.8942626947115385 0.25038580288461537 0.90541015625 0.24272762259615385 0.9117138677884615 0.23544753125 0.9194726562500001 0.22740740625000003 0.9252880865384616 0.22165894951923076 0.9398291009615385 0.22165894951923076 0.9524365240384616 0.2385146610576923 0.9834619134615384 0.2553665120192308 0.9868554687500001 0.2775810192307692 0.9742480480769231 0.2994135793269231 0.9563134759615385 0.2994135793269231 0.9359521490384615 0.2971180552884615 0.9170458990384615 0.2917554014423077 0.8845654302884616 0.28524305528846156 0.8729345697115385 0.27336805528846153 0.8680859375 0.2649421298076923 0.8714794927884615 0.25689814903846153 0.8860205072115386
0 0.7840239206730769 0.4554394543269231 0.7946566346153846 0.4653564447115385 0.8080902788461538 0.4773974615384615 0.8209606490384616 0.48447753846153846 0.837191358173077 0.4851904302884616 0.8467052475961538 0.48447753846153846 0.8467052475961538 0.4653564447115385 0.845586420673077 0.4483544927884615 0.8394290120192308 0.4313574206730769 0.8299151225961539 0.41931152403846156 0.8125655865384616 0.40231445432692303 0.8019328701923077 0.3902734375 0.7862615745192307 0.3902734375 0.7554822524038461 0.3916894543269231 0.7392515432692307 0.3916894543269231 0.7302970673076923 0.41223144471153844 0.7342129639423077 0.4334814447115385 0.7521219134615384 0.4398535144230769 0.7677932091346154 0.4483544927884615 0.7840239206730769 0.4554394543269231
0 0.9174305552884616 0.6445458990384616 0.9301157403846154 0.6459423822115385 0.9378356490384616 0.646640625 0.9444560192307693 0.6333740240384615 0.9428009254807692 0.569853514423077 0.9274691346153846 0.5224609375 0.9130169759615385 0.506328125 0.9004629639423077 0.49365234375 0.8722993822115386 0.4951171875 0.8533950625 0.4921875 0.8280748461538461 0.4811962884615385 0.8115277788461538 0.48049804567307697 0.8115277788461538 0.4888769543269231 0.8148379639423078 0.504931639423077 0.8269714495192309 0.5265722668269232 0.8302816346153846 0.5551904302884615 0.8324884254807692 0.5733447259615384 0.8506905865384616 0.585908204326923 0.8677893509615384 0.5977734375 0.8777160504807693 0.61662109375 0.9174305552884616 0.6445458990384616
0 0.8008834879807692 0.8756640625000001 0.8028549375 0.8447265625 0.7870370360576923 0.8203125 0.7783680552884615 0.8057177740384615 0.7609683653846153 0.8005371105769231 0.7374305552884616 0.8005371105769231 0.7159375 0.7966503918269231 0.7087731490384616 0.7966503918269231 0.6944444447115384 0.8096044927884616 0.6964891971153846 0.8238525384615384 0.7271952163461539 0.8730761706730769 0.7599459879807693 0.89509765625 0.7793904326923078 0.8976855456730769 0.7967901225961539 0.8860302740384616 0.8008834879807692 0.8756640625000001
0 0.9929629639423077 0.16502441346153846 0.9755169759615385 0.14065918028846153 0.9496450625 0.13761230528846152 0.9297916658653846 0.13608886778846155 0.9123456778846154 0.14142089903846153 0.9021141971153847 0.14827148557692307 0.9189621923076923 0.1855859375 0.9424266971153846 0.2053808605769231 0.9821334879807692 0.22137206971153847 0.9881520072115385 0.19243652403846154 0.9929629639423077 0.16502441346153846
0 0.4880401225961538 0.50390625 0.5019290120192308 0.5087890625 0.5142361105769231 0.5019482427884616 0.5167052475961539 0.49101562499999996 0.5199961418269231 0.4727978509615385 0.5199961418269231 0.4530126947115385 0.5138233028846154 0.4441650384615385 0.5121797836538462 0.4347949206730769 0.4990162043269231 0.42906738221153845 0.48585648076923077 0.4196972668269231 0.4780401225961538 0.4196972668269231 0.45833333413461536 0.431640625 0.4422569447115385 0.43427246153846155 0.4282716057692308 0.4498925793269231 0.43032793269230774 0.46186523317307693 0.43732253125000004 0.4727978509615385 0.45459490625 0.48841308653846155 0.47104938221153847 0.4962207019230769 0.4880401225961538 0.50390625
0 0.786558641826923 0.2550488293269231 0.7743248461538462 0.25015136778846153 0.7692091057692308 0.24873046875 0.764463735576923 0.2545751947115385 0.7590972211538461 0.25946777403846155 0.7564776225961538 0.26752441346153844 0.7517322524038461 0.27763671875 0.7537307091346155 0.2830078125 0.7598456778846153 0.28284668028846155 0.7655864206730769 0.286484375 0.7714544759615385 0.28284668028846155 0.7758217596153846 0.27953125 0.7814390432692307 0.28569336057692307 0.78892746875 0.29185546875 0.7931712956730769 0.29201171875000004 0.80415509375 0.2784277355769231 0.8067785504807692 0.26799804807692307 0.7959182091346153 0.2613671875 0.786558641826923 0.2550488293269231
0 0.7566782403846154 0.184453125 0.7470910504807692 0.184453125 0.7381057091346155 0.19127441346153845 0.7273186730769231 0.19942871153846153 0.7210300937499999 0.21080078124999999 0.7189313269230768 0.22084472596153845 0.7258217596153845 0.24321289182692307 0.7381057091346155 0.25174316346153847 0.7469405865384615 0.2549658197115385 0.7587731490384615 0.25326171875000003 0.7631172836538462 0.25155761778846153 0.7694058653846153 0.2458691418269231 0.77165509375 0.23089355528846156 0.7655131177884615 0.21648925721153847 0.76146990625 0.19885742307692308 0.7566782403846154 0.184453125
0 0.28696759374999997 0.4088427740384616 0.2939891971153846 0.40358886778846154 0.30420524759615386 0.4080322259615385 0.31090663461538465 0.41894043028846156 0.32143904326923073 0.42298339903846155 0.33197144951923074 0.4254052740384615 0.34059027884615384 0.4359082043269231 0.34186728365384617 0.44560546874999996 0.3463387355769231 0.4500488293269231 0.3670833341346154 0.4266162115384615 0.37634259374999995 0.4165185552884615 0.37634259374999995 0.40520507932692307 0.37761959855769234 0.4003564447115385 0.36963734615384614 0.38298828125 0.3594251538461538 0.3761181634615385 0.3342091057692308 0.36399902403846157 0.31729166586538465 0.35390136778846154 0.3051620360576923 0.35390136778846154 0.2952662043269231 0.35390136778846154 0.2904783942307692 0.35511230528846155 0.28202160576923074 0.361328125 0.2748379639423077 0.36602050721153845 0.2706867283653846 0.3745019519230769 0.2620717596153846 0.3934912115384615 0.26430555528846156 0.4120751947115385 0.2805825625 0.42015136778846157 0.28696759374999997 0.4088427740384616
0 0.19540894951923077 0.5725048822115385 0.20599922836538462 0.5607763677884615 0.18680555528846154 0.5348095697115385 0.16562500000000002 0.5004638677884615 0.14775462980769233 0.4837109375 0.10605324038461537 0.4837109375 0.09679012259615384 0.49125 0.0921566346153846 0.5272705072115385 0.0756095673076923 0.5515625 0.08752314903846153 0.57333984375 0.11796682211538462 0.6169042956730769 0.1424575625 0.6336572259615385 0.16430169711538462 0.6194140625 0.17488811778846153 0.6026611322115385 0.18018518509615383 0.5909326177884615 0.19540894951923077 0.5725048822115385
0 0.4911612644230769 0.80626953125 0.48170138942307694 0.7916943365384616 0.47676697596153844 0.7823242187499999 0.47018518509615387 0.7713916009615385 0.4615470673076923 0.7667089855769231 0.45373070913461533 0.7573388677884616 0.44509259375000004 0.7573388677884616 0.4389236105769231 0.7589013677884615 0.4364583341346154 0.7589013677884615 0.4294637355769231 0.7609814447115385 0.4150694447115385 0.7667089855769231 0.4076658942307692 0.7734765625000001 0.39853394951923077 0.78955078125 0.3932677475961538 0.805751954326923 0.4002623461538462 0.8187646490384615 0.41589120432692306 0.83333984375 0.42206018509615384 0.8473974615384615 0.4228819447115385 0.8515625 0.4265856490384615 0.8515625 0.4381018509615385 0.8536425793269231 0.44591820913461533 0.8546826177884616 0.4541435192307692 0.8593701177884616 0.4627816346153846 0.8640527355769231 0.47676697596153844 0.8749853509615384 0.4829359567307692 0.8598876947115385 0.49280478365384617 0.8343798822115385 0.4952739206730769 0.8198046875 0.4911612644230769 0.80626953125
0 0.21229166586538462 0.43380371153846153 0.20406635817307692 0.4249560552884616 0.18925925961538462 0.4140234375 0.16252314903846152 0.4228759759615385 0.15059413461538462 0.4254785168269231 0.1390779326923077 0.4280810552884615 0.13702160576923078 0.43224609375 0.13743441346153845 0.4421337884615385 0.14113425961538462 0.45566894471153846 0.14072530769230768 0.4671240240384616 0.14278163461538462 0.48013671874999997 0.15594135817307692 0.48898437499999997 0.16087962980769233 0.490546875 0.17897376442307691 0.4879443365384616 0.19213734615384614 0.48326171875 0.21103394951923077 0.47021484375 0.2147608028846154 0.45514648317307693 0.2147608028846154 0.4489013677884615 0.21229166586538462 0.43380371153846153
0 0.375625 0.6721728509615384 0.3830285504807692 0.6867480456730769 0.3879629639423077 0.6888330072115385 0.39536651201923073 0.6903906249999999 0.4040046298076923 0.6815429687500001 0.4274498461538461 0.6534326177884615 0.43403163461538463 0.6451025384615385 0.4356751538461538 0.6357324230769231 0.43634259375 0.62744140625 0.4249807091346154 0.6216796874999999 0.40354938221153847 0.61572265625 0.3966010793269231 0.6159521490384615 0.3920756177884615 0.6154296875 0.3842631177884615 0.6143896490384615 0.3735686730769231 0.613349610576923 0.36204861057692306 0.613349610576923 0.34888888942307694 0.6206347644230769 0.3554706778846154 0.6284472644230769 0.36163966105769235 0.6419824206730769 0.3686304014423077 0.6565576177884616 0.375625 0.6721728509615384
0 0.31268518509615384 0.09253418028846154 0.31800540144230766 0.08327636778846154 0.3213271610576923 0.07625976682692308 0.3213271610576923 0.06896972596153847 0.3113541658653846 0.04792480528846154 0.3060339495192308 0.041474610576923074 0.3027083341346154 0.040913086538461534 0.29871913461538463 0.041474610576923074 0.28807870432692306 0.041474610576923074 0.2754436730769231 0.046245117788461534 0.26768518509615385 0.05073242307692308 0.26303240625 0.06952636778846154 0.26236882692307695 0.07401855528846155 0.27300540144230767 0.08243163942307692 0.27478009375 0.08944824278846154 0.28697144951923076 0.09253418028846154 0.30403935096153845 0.09309570192307692 0.3078086418269231 0.09477538942307692 0.31268518509615384 0.09253418028846154
0 0.3680555552884615 0.2978515625 0.35108024759615386 0.2939453125 0.34007716105769226 0.2955078125 0.3341010793269231 0.29899902403846157 0.32582947596153844 0.3042333990384615 0.31801697596153844 0.30888671874999996 0.3161766971153846 0.32052246153846153 0.3166358028846154 0.3292480456730769 0.3267476850961539 0.3321582019230769 0.3331828701923077 0.33273925721153846 0.34283564903846153 0.3344824230769231 0.35294753125 0.3373925769230769 0.3736304014423077 0.3728759759615385 0.3805246923076923 0.38916503846153844 0.40810570913461536 0.3973095697115384 0.41975308653846155 0.3544921875 0.4247685192307692 0.3388671875 0.40084876442307693 0.32421875 0.3680555552884615 0.2978515625
0 0.45163580288461536 0.28923339903846157 0.4560185192307692 0.27734375 0.4648919759615385 0.26611328125 0.47723765384615385 0.255859375 0.48109567788461544 0.24609375 0.48505401201923076 0.23608886778846155 0.48419753125000004 0.22560546875 0.4773418221153846 0.21223144471153846 0.4707754639423077 0.20572265625 0.4599189807692308 0.19958007692307692 0.44792438221153846 0.19885742307692308 0.4413541658653846 0.202109375 0.4325 0.2068066418269231 0.42421682211538464 0.21187011778846154 0.4162808653846154 0.2158203125 0.4131944447115385 0.22265625 0.4120370360576923 0.2353515625 0.41050540144230774 0.25271972596153847 0.41021990625 0.2693505865384615 0.41536265384615384 0.2805566418269231 0.42507330288461537 0.28706054567307693 0.43763888942307694 0.29682128846153844 0.45163580288461536 0.28923339903846157
0 0.48174768509615384 0.5372216802884615 0.44384644951923075 0.5486474615384616 0.43181327163461536 0.5631152331730769 0.44565200721153847 0.5791015625 0.46550540144230773 0.5912890625 0.4685146610576923 0.610322266826923 0.48596064903846153 0.6126074206730769 0.5022067908653847 0.5882421875 0.5154320985576922 0.5768066394230769 0.5070177475961539 0.5387451177884615 0.49919753125 0.53494140625 0.48174768509615384 0.5372216802884615
0 0.04942515384615384 0.45077636778846153 0.05293595673076923 0.44310058653846157 0.0628279326923077 0.4261328125 0.07527777884615384 0.4123974615384615 0.08070601923076923 0.4051269543269231 0.08166280769230769 0.39502441346153844 0.07272376442307692 0.39018066346153846 0.048464507211538464 0.3881591802884615 0.03410107932692308 0.3881591802884615 0.02771990625 0.39058105528846154 0.016867283653846155 0.39704589903846155 0.010162036057692309 0.413203125 0.0005864206730769231 0.43138183653846157 0 0.4435009759615385 0.012079475961538463 0.4426953125 0.029313271634615386 0.4447167956730769 0.04399691346153846 0.44996581971153843 0.04942515384615384 0.45077636778846153
0 1 0.4475927740384616 0.9819405865384615 0.4519824206730769 0.9446875 0.47171875 0.9160995360576922 0.48597168028846155 0.9160995360576922 0.5057080072115384 0.9308256177884615 0.5320263677884616 0.9602816346153846 0.5758837884615384 1 0.5736914062499999 1 0.5561474615384616 1 0.4870703125 1 0.4475927740384616
0 0.6313773149038462 0.594267576923077 0.6371219134615385 0.6007324206730769 0.6441435192307693 0.6039648437499999 0.6457407403846154 0.6071972668269231 0.6492515432692307 0.6132568365384615 0.6527623461538461 0.6181005865384616 0.6559529326923077 0.6245654302884615 0.6607407403846154 0.6362841802884615 0.6647376538461539 0.6484375 0.67 0.6580957019230769 0.6798919759615385 0.6685986322115384 0.68053240625 0.6706201177884614 0.6862770072115385 0.6758740240384615 0.6920216057692308 0.6795068365384616 0.7067052475961538 0.6787011730769231 0.7213888894230769 0.6722363269230769 0.7290470673076922 0.6637500000000001 0.7306442908653845 0.656884764423077 0.7290470673076922 0.65001953125 0.7229861105769231 0.6407275384615385 0.7102160504807693 0.6116406249999999 0.7070254639423077 0.5962890625 0.7044714495192307 0.5736669927884616 0.7035146610576923 0.5583154302884615 0.6862770072115385 0.5364990240384615 0.6767013894230769 0.5251855456730768 0.6693595673076923 0.51953125 0.6610609567307691 0.5114501947115385 0.6469907403846153 0.515625 0.638888889423077 0.513671875 0.623078704326923 0.52478515625 0.6074382716346154 0.5409423822115385 0.6053240745192308 0.55322265625 0.6083950625 0.5789160144230769 0.6160532403846154 0.582958985576923 0.6227584879807692 0.58740234375 0.6313773149038462 0.594267576923077
0 0.6279128076923077 0.26575195432692306 0.6653395072115385 0.24864746153846154 0.6965277788461539 0.23154296875000002 0.7100424375000001 0.21180663942307693 0.7121219134615384 0.18154296874999998 0.6954861105769231 0.15259277403846155 0.6726157403846155 0.1262792956730769 0.6403858028846153 0.09075195432692308 0.6040007716346154 0.061806639423076924 0.5842476850961538 0.046015625 0.5499382716346154 0.03943847596153846 0.51875 0.032856444711538466 0.47612268509615385 0.02891113221153846 0.45221064903846153 0.023647461538461537 0.4438966057692308 0.10127929807692307 0.4698881177884615 0.13943847596153847 0.5561766971153846 0.2407519519230769 0.5967206778846154 0.27364746153846153 0.6279128076923077 0.26575195432692306
0 0.36103009375000006 0.07174316346153846 0.3608063269230769 0.06557128846153847 0.35947530769230773 0.06220703125 0.3583680552884615 0.05968261778846154 0.3528279326923077 0.05855956971153846 0.34839506249999996 0.06192382692307692 0.34617669711538457 0.06416992067307692 0.34130015384615386 0.07314941346153846 0.33487268509615387 0.07426757692307692 0.32711419711538464 0.07511230528846154 0.3268942908653846 0.08352539182692308 0.3264506177884616 0.09334472596153846 0.33110339423076923 0.10653320432692308 0.3337654326923077 0.10961913942307693 0.33487268509615387 0.1155078125 0.3359799375 0.12280273557692307 0.3426311730769231 0.12729003846153847 0.34772762259615386 0.13149902403846153 0.36125 0.12841308653846153 0.36679012259615384 0.11831543028846155 0.3652391971153846 0.10063964903846154 0.36103009375000006 0.08212402403846154 0.36103009375000006 0.07763671875 0.36103009375000006 0.07174316346153846
0 0.28036265384615383 0.31735351682692303 0.27419367307692305 0.32255859374999996 0.26185570913461537 0.3262060552884615 0.24622685096153846 0.33245117307692307 0.24211033894230768 0.3506689447115384 0.24211033894230768 0.3683691394230769 0.24457947596153848 0.3850292980769231 0.25074845673076923 0.4001269519230769 0.25568672836538464 0.4042871081730769 0.26267746875 0.39647949278846156 0.2692592596153846 0.3834667980769231 0.27295910576923077 0.3761767572115385 0.2795408942307692 0.36472656249999996 0.2828317908653846 0.36108398557692306 0.28776620432692307 0.3569189447115385 0.2964043221153846 0.3553564447115385 0.3046296298076923 0.3553564447115385 0.3161496923076923 0.35275390624999997 0.30668981490384617 0.3251611322115385 0.30092978365384615 0.31943847596153846 0.29064814903846153 0.3121484375 0.28036265384615383 0.31735351682692303
0 0.8867129639423077 0.33253906250000004 0.8867129639423077 0.3202490240384615 0.8855709879807693 0.3061474615384615 0.878086420673077 0.30126953125 0.8753858028846154 0.2900390625 0.8695756177884615 0.2797607427884615 0.8667206778846155 0.272890625 0.8547222211538461 0.27072265625 0.8452970673076923 0.2685546875 0.8392978389423077 0.26999999999999996 0.83415509375 0.27216796875 0.8307291658653846 0.27687011778846154 0.8287307091346154 0.2840966802884615 0.8267283942307693 0.29168945192307694 0.8218749999999999 0.29964355528846154 0.8213040120192308 0.306875 0.8218749999999999 0.31012695192307693 0.827588735576923 0.3184423822115384 0.8350154326923077 0.32386230528846155 0.8550077163461538 0.33868652403846156 0.8661265432692308 0.35107421875 0.879286264423077 0.35527831971153845 0.8838580240384615 0.34121581971153847 0.8867129639423077 0.33253906250000004
0 0.052785492788461535 0.19473144471153844 0.05385030769230769 0.18160644471153847 0.06608410576923077 0.15602050721153848 0.0722029326923077 0.15097168028846156 0.07938657451923076 0.14659179807692307 0.08204475240384615 0.14457519471153846 0.08177855048076924 0.12773925721153845 0.07778935096153847 0.11966308653846153 0.07193672836538462 0.11831543028846155 0.055181326923076916 0.11831543028846155 0.04587191346153847 0.11966308653846153 0.02033564903846154 0.13884765625 0.019004629807692307 0.14591796875000002 0.00490740625 0.17554687500000002 0.0003858028846153846 0.188671875 0.00384259375 0.19911132692307693 0.008630401442307693 0.20483398557692306 0.03017746875 0.23209961057692308 0.051454475961538466 0.23580566346153847 0.05783950721153846 0.23008300721153846 0.06608410576923077 0.2092089831730769 0.05757330288461538 0.2028125 0.054915122596153845 0.20079101682692307 0.052785492788461535 0.19473144471153844
0 0.1574807091346154 0.9210644519230768 0.16065972115384616 0.9150341802884616 0.23532021634615383 0.8517041009615384 0.24008487740384615 0.8396435552884616 0.23148148076923075 0.814453125 0.2044753076923077 0.72705078125 0.19598765384615383 0.72021484375 0.1859567908653846 0.720703125 0.16820987740384613 0.7294921875 0.13524305528846153 0.7622412115384616 0.08917824038461539 0.817529295673077 0.07805555528846155 0.834619139423077 0.07408564903846154 0.843662108173077 0.10585648076923077 0.8838720697115385 0.11380015384615386 0.9160400384615385 0.1368325625 0.92408203125 0.1574807091346154 0.9210644519230768
0 0.22651620432692307 0.6562744134615385 0.22982638942307693 0.6554345697115385 0.24505015384615386 0.6487353509615384 0.2556404326923077 0.6478955072115385 0.26358024759615384 0.6478955072115385 0.27615740624999996 0.6495703125 0.27946759375 0.65041015625 0.2893942908653846 0.6587841802884615 0.3013078701923077 0.6755419927884615 0.32050154326923075 0.687265625 0.3132214495192308 0.6671630865384616 0.29667438221153847 0.6244433605769231 0.26490355048076925 0.5641259759615385 0.2604166658653846 0.5615234375 0.25630015384615384 0.5565869134615384 0.25100694471153845 0.5498876947115384 0.23975308653846156 0.54318359375 0.23379629567307691 0.54318359375 0.2198958341346154 0.5523974615384616 0.19606867307692305 0.57333984375 0.17091820913461536 0.6093603509615385 0.17290509375 0.6344921875 0.19408564903846154 0.6705126947115385 0.20070216105769229 0.6713525384615384 0.20268904326923076 0.6680029302884616 0.22651620432692307 0.6562744134615385
0 0.5567245360576923 0.6614501947115384 0.5665972211538461 0.6822705072115384 0.5744097211538461 0.6895605480769231 0.5830478389423077 0.6874755865384615 0.604023920673077 0.6874755865384615 0.6110185192307692 0.6874755865384615 0.6171875 0.6874755865384615 0.6233564807692308 0.6958056634615384 0.6282908942307692 0.70361328125 0.6356983028846154 0.7098632812500001 0.6389853389423077 0.7103808605769231 0.6472145072115385 0.7124658197115384 0.6484452163461539 0.71142578125 0.6562615745192308 0.6942431634615385 0.6595524687500001 0.6833154302884614 0.6669560192307693 0.6718603509615384 0.6665432091346154 0.6520800769230769 0.6607870360576923 0.6333398437500001 0.6513271610576923 0.6172021490384616 0.6435108028846154 0.6036669927884616 0.63240740625 0.595859375 0.6085493822115384 0.57919921875 0.5900424375 0.5693115240384615 0.5793479927884616 0.5693115240384615 0.572766204326923 0.5719140625 0.5649498461538461 0.5734716802884615 0.5534336418269231 0.582841798076923 0.5439737644230769 0.5989794927884615 0.5287538581730769 0.616162110576923 0.52834490625 0.6317773437499999 0.5480864206730769 0.6401074230769231 0.5526118822115385 0.6468750000000001 0.5567245360576923 0.6614501947115384
0 0.44264274759615385 0.5737744134615385 0.41917824038461543 0.5745361322115385 0.4017322524038462 0.57833984375 0.4047376538461539 0.5989013677884615 0.41616898076923076 0.608798826923077 0.4306095673076923 0.611845701923077 0.4510648149038462 0.610322266826923 0.46309799278846153 0.6057519519230768 0.46369984615384613 0.57986328125 0.4600887355769231 0.577578125 0.44264274759615385 0.5737744134615385
0 0.11971064903846154 0.48115234375000004 0.11907021634615383 0.47792480528846154 0.11428240625 0.47064941346153844 0.10630401201923076 0.45651367307692303 0.10151620432692308 0.4524707019230769 0.09194058653846154 0.44843261778846155 0.08268518509615384 0.44116211057692306 0.07278935096153846 0.4383349615384615 0.06736111057692308 0.4439892572115385 0.061936728365384615 0.44722168028846154 0.048530093749999996 0.45368163942307693 0.045976079326923075 0.45974121153846154 0.045976079326923075 0.4759033197115385 0.04693287019230769 0.483984375 0.06289351923076923 0.4961035168269231 0.0718325625 0.508623048076923 0.08491898076923077 0.508623048076923 0.09915123557692307 0.48681640625 0.10726080288461538 0.4827685552884615 0.11971064903846154 0.4827685552884615 0.11971064903846154 0.48115234375000004
0 0.329861110576923 0.45703125 0.3208719134615385 0.4487402355769231 0.30310185096153847 0.4451416009615385 0.28665123557692307 0.43115234375 0.2650462956730769 0.44677734375 0.25231481490384616 0.44580078125 0.24624228365384615 0.45773437499999997 0.23415894951923077 0.47302734375 0.22634259375 0.487421875 0.2178125 0.49911621153846153 0.21354938221153846 0.5117089831730769 0.21212577163461538 0.53509765625 0.21354938221153846 0.53779296875 0.2213657403846154 0.5458935552884616 0.22847222115384616 0.5467919927884616 0.24837577163461538 0.5413916009615385 0.26187885817307693 0.5413916009615385 0.27538194471153843 0.550390625 0.27893904326923075 0.5539892572115385 0.2803587956730769 0.5575830072115384 0.2895987644230769 0.5485888677884615 0.30736882692307693 0.5395947259615385 0.3301118822115384 0.5306005865384615 0.3252314807692308 0.513671875 0.3275462956730769 0.490234375 0.3301118822115384 0.4640332043269231 0.329861110576923 0.45703125
0 1 0.68498046875 0.9884799375 0.6844580072115385 0.9687345673076924 0.691748048076923 0.9629783942307693 0.6927880865384615 0.9613310192307692 0.687060545673077 0.9522839495192308 0.687060545673077 0.9420023149038462 0.6891455072115384 0.9317168221153846 0.695390625 0.9185956778846154 0.70703125 0.9045717596153846 0.7182958990384616 0.895933641826923 0.7188183581730769 0.8807137355769231 0.734951173076923 0.8794791658653847 0.7510888677884615 0.8798919759615385 0.7698291009615384 0.884826389423077 0.7974218750000001 0.8963464495192308 0.8239697259615385 0.909506173076923 0.8276123052884615 0.9232253076923077 0.822265625 0.9529320985576923 0.8359375 0.9772376538461539 0.837890625 1 0.828125 1 0.8151220697115384 1 0.7755566394230768 1 0.7344335937500001 1 0.7078857427884616 1 0.691748048076923 1 0.68498046875
0 0.5886342596153846 0.29058105528846156 0.581246141826923 0.27018066346153846 0.5711728389423076 0.24808105528846153 0.5563966057692308 0.23108398557692308 0.5449807091346154 0.22428222596153846 0.5241589495192308 0.2523339831730769 0.5302044759615385 0.2735839831730769 0.5382638894230769 0.29738281250000004 0.5651273149038462 0.30078125 0.5886342596153846 0.29058105528846156
0 0.2554938269230769 0.07514160096153846 0.24995370432692307 0.07485839903846153 0.24396990624999998 0.07205566346153845 0.24241898076923077 0.07205566346153845 0.23842592548076924 0.07205566346153845 0.22911651201923075 0.07458007932692308 0.22535107932692308 0.07822753846153846 0.22778935096153846 0.08720214903846155 0.23598765384615383 0.098984375 0.2390933653846154 0.098984375 0.24197530769230768 0.098984375 0.24485725240384618 0.10094726442307692 0.25061728365384617 0.10291503846153846 0.2597067908653846 0.10459472596153846 0.2645833341346154 0.10992675721153847 0.26768518509615385 0.11469726682692308 0.27611111057692306 0.09393554807692307 0.2731481490384616 0.083984375 0.2712345673076923 0.07990722596153846 0.2661342596153846 0.07654296875000001 0.2554938269230769 0.07514160096153846
0 0.9658873461538462 0.4693847644230769 0.9688464495192307 0.45289550721153843 0.962191358173077 0.4150390625 0.9537037043269231 0.408203125 0.9394290120192307 0.41455078125 0.9247685192307693 0.4169921875 0.9112654326923076 0.42138671875 0.8912037043269231 0.421875 0.8769290120192307 0.42431640625 0.8653549375 0.427734375 0.8569058653846154 0.43640136778846156 0.8527584879807691 0.44389648557692307 0.8497993822115385 0.4596386730769231 0.8539429014423077 0.48662597596153845 0.8545370360576924 0.491875 0.888888889423077 0.49412109374999996 0.9078433653846154 0.4911230456730769 0.9421952163461539 0.4738818365384615 0.9552237644230769 0.46638671875 0.9658873461538462 0.4693847644230769
0 0.30388503125 0.13716796875 0.29510802403846154 0.13548339903846154 0.2868595673076923 0.1307714831730769 0.27994598798076925 0.1307714831730769 0.2766203701923077 0.13427734375 0.27861496875 0.15063476442307694 0.28127314903846157 0.15972168028846154 0.28340277884615384 0.16813964903846154 0.29430941346153844 0.19607910096153847 0.31931327163461537 0.1984375 0.3230362644230769 0.20584472596153847 0.3270254639423077 0.21156738221153845 0.33553626442307694 0.21190429567307692 0.3424537043269231 0.21156738221153845 0.35149691346153844 0.21021972596153848 0.34697530769230767 0.18833496153846155 0.34413580288461537 0.166015625 0.33101466105769234 0.142890625 0.3275578701923077 0.13918456971153848 0.3203742283653846 0.138515625 0.30388503125 0.13716796875
0 0.3911304014423077 0.124375 0.39432098798076926 0.13683105528846154 0.4020370360576923 0.13480956971153846 0.4073572524038462 0.133125 0.41560185096153845 0.13178222596153846 0.4225192908653846 0.12504882932692307 0.4291666658653846 0.114609375 0.4336882716346154 0.10249023557692308 0.43422067788461544 0.09946288942307692 0.4305555552884615 0.08984375 0.4265084879807692 0.07993652403846153 0.4246450625 0.07724121153846154 0.4187924375 0.0758984375 0.40841820913461535 0.0758984375 0.4007060192307692 0.07791503846153845 0.3924614206730769 0.07959961057692308 0.38341820913461533 0.07959961057692308 0.3695833341346154 0.08195800721153847 0.36852237740384614 0.09104492307692308 0.3802237644230769 0.10249023557692308 0.38315200721153847 0.11023437500000001 0.3911304014423077 0.124375
0 0.8395447524038461 0.18939453125 0.8311226850961538 0.21680664182692308 0.8515779326923076 0.22594238221153845 0.8768479927884615 0.235078125 0.8894830240384616 0.23888671875 0.912943673076923 0.23203125000000002 0.9436304014423077 0.23583984375 0.9526543221153846 0.2366015625 0.957465278846154 0.22746581971153848 0.9460339495192307 0.2107128918269231 0.9039197524038461 0.16807128846153846 0.8894830240384616 0.15284179567307693 0.86240740625 0.15131835817307693 0.8479668221153845 0.16730956971153846 0.8395447524038461 0.18939453125
0 0.4118209879807692 0.502470701923077 0.4027700625 0.4931005865384615 0.3916666658653846 0.4842480480769231 0.3834375 0.4733154302884615 0.37233410576923076 0.47123535096153846 0.3468325625 0.4707128918269231 0.34107253125000003 0.4780029302884615 0.3381944447115384 0.487890625 0.3476543221153846 0.49205566346153845 0.3538233028846154 0.500908201923077 0.36149691346153845 0.50634765625 0.35999228365384617 0.5081933581730769 0.3595833341346154 0.5196484375 0.36575231490384613 0.5227685552884616 0.37397762259615386 0.5258935552884615 0.3797376538461539 0.53005859375 0.3859066346153846 0.5357861322115385 0.40030092548076923 0.5493212884615384 0.4031635793269231 0.5634765625 0.4196334879807692 0.550361329326923 0.4196334879807692 0.5310986322115384 0.41510802403846153 0.5066308581730768 0.4118209879807692 0.502470701923077
0 0.8962191346153846 0.42138671875 0.91111496875 0.42063964903846157 0.9206905865384616 0.41821288942307694 0.9287345673076923 0.41627441346153843 0.9367785504807693 0.4157910168269231 0.942141204326923 0.41385253846153847 0.942141204326923 0.4080322259615385 0.9367785504807693 0.38524902403846156 0.912808641826923 0.365234375 0.8981481490384616 0.35791015625 0.8877507716346155 0.35519531249999997 0.8785570985576924 0.3571337884615385 0.8567245360576923 0.36876953125 0.8544290120192308 0.36828125 0.8448533942307692 0.3673144519230769 0.8337422836538462 0.3692529302884615 0.8287654326923076 0.37506835817307693 0.823784721153846 0.3862207019230769 0.8260841057692307 0.40948730528846156 0.8375733028846154 0.42548828125000004 0.8486844134615384 0.44245117067307693 0.8528973774038462 0.4434228509615385 0.8712808653846154 0.42597168028846155 0.8962191346153846 0.42138671875
0 0.20069058653846156 0.7242041009615385 0.2057407403846154 0.7304736322115384 0.21031635817307695 0.739765625 0.23263888942307692 0.79345703125 0.23958333413461538 0.8203125 0.26168981490384613 0.8443457043269231 0.2683603389423077 0.8443457043269231 0.273125 0.8443457043269231 0.28551697596153847 0.837109375 0.2940933653846154 0.8310791009615385 0.3017206778846154 0.8286669927884615 0.3217322524038462 0.8153955072115384 0.3398418221153846 0.799716795673077 0.349375 0.79248046875 0.35802469230769235 0.7568359375 0.33950617307692305 0.7197265625 0.33024691346153845 0.7109375 0.3252314807692308 0.69140625 0.30553240625 0.6851220697115384 0.2931404326923077 0.6622021490384615 0.2845640432692308 0.6489306634615384 0.273125 0.6465185552884616 0.26740740625 0.6465185552884616 0.23881558653846155 0.6489306634615384 0.20640817788461538 0.6658203125 0.17876929086538462 0.686328125 0.18067515384615385 0.7176904302884615 0.18496527884615382 0.7203417980769231 0.19497299278846156 0.72130859375 0.20069058653846156 0.7242041009615385
0 0.5949884254807692 0.5385205072115384 0.6029668221153845 0.5385205072115384 0.6160532403846154 0.5352880865384615 0.6240354927884616 0.5255908197115384 0.6208410504807692 0.515087891826923 0.6106288581730769 0.4961035168269231 0.5953086418269231 0.483984375 0.5914776225961538 0.4807519543269231 0.57615740625 0.47953613221153846 0.5633873461538461 0.4815576177884615 0.5482253076923077 0.4873046875 0.5420023149038461 0.49004394471153845 0.5276388894230769 0.49933105528846156 0.5442361105769231 0.5223583990384616 0.5640277788461538 0.5296337884615384 0.5787075625 0.5377099615384615 0.5949884254807692 0.5385205072115384
0 0.5496643509615384 0.7027343749999999 0.5592399687499999 0.7013916009615385 0.57173996875 0.6986962884615384 0.5717592596153847 0.68994140625 0.56365740625 0.66943359375 0.5531211418269231 0.6495458990384615 0.5438117283653846 0.6381005865384615 0.5323726850961539 0.6313671875 0.5230632716346154 0.6259814447115384 0.5142862644230769 0.62564453125 0.5023148149038461 0.62548828125 0.48821759375 0.6179003894230769 0.47890817788461537 0.6266552740384616 0.46347993750000005 0.64146484375 0.45683256250000004 0.6596435552884615 0.4661419759615385 0.6737841802884615 0.4942129639423077 0.68994140625 0.4975270072115385 0.7034082043269231 0.5127314807692308 0.71630859375 0.5169444447115384 0.7205810552884616 0.5334375 0.7108154302884616 0.5496643509615384 0.7027343749999999
0 0.4700540120192308 0.3198339855769231 0.48205246875 0.3298144519230769 0.4923341057692308 0.33154785096153844 0.5022723774038462 0.3237402355769231 0.5128973774038461 0.31506347596153844 0.5132407403846154 0.3055224615384616 0.5142708341346154 0.2920703125 0.5142708341346154 0.28209472596153845 0.5135841057692307 0.27385253846153845 0.5091280865384615 0.2595361322115385 0.505358795673077 0.254765625 0.4978163581730769 0.25216308653846153 0.4895910504807693 0.2517285144230769 0.4878780865384615 0.2517285144230769 0.47725308653846155 0.2517285144230769 0.4690277788461538 0.26213867307692307 0.4721103389423077 0.2682128894230769 0.4721103389423077 0.27732421874999996 0.47039737740384613 0.29380859375 0.47039737740384613 0.30334961057692306 0.4700540120192308 0.3198339855769231
0 0.7204398149038462 0.08022461057692308 0.7017245360576924 0.07627929567307692 0.6715740745192308 0.07759277403846153 0.6601388894230769 0.08417480528846154 0.6497415120192307 0.09732910096153846 0.6778125 0.12364746153846154 0.7069251538461538 0.12232910096153846 0.7162808653846154 0.12232910096153846 0.7204398149038462 0.0999609375 0.7204398149038462 0.08022461057692308
0 0.6782407403846153 0.46826171875 0.6902006177884614 0.45068359375 0.6936496923076922 0.43125488221153846 0.68673996875 0.41750976442307697 0.6693672836538462 0.39990234375 0.6600887355769232 0.3844042956730769 0.6342592596153847 0.39306640625 0.6151736105769231 0.39439941346153845 0.5964158942307692 0.3912744134615384 0.5766743822115384 0.40064453125 0.5766743822115384 0.4206347644230769 0.5766743822115384 0.438125 0.5766743822115384 0.4606152355769231 0.5895061730769231 0.46561035096153847 0.5959220673076924 0.47685546874999996 0.6146797836538462 0.48872558653846154 0.6309645072115385 0.48872558653846154 0.6556442908653846 0.48060546875 0.6782407403846153 0.46826171875
0 0.3930825625 0.26826171875 0.4056481490384615 0.2664550793269231 0.4119328701923077 0.26067382932692307 0.41278935096153846 0.2523583990384615 0.41421682211538463 0.23789550721153846 0.4162191346153846 0.22668945432692308 0.4162191346153846 0.21295410096153844 0.41278935096153846 0.19776855528846154 0.4090779326923077 0.18945800721153847 0.39793595673076926 0.1825878918269231 0.39079475240384615 0.18150390624999999 0.38651234615384616 0.18294921875 0.3699459879807692 0.18620117307692308 0.3642322524038461 0.19054199278846154 0.3556635793269231 0.2035546875 0.3533796298076923 0.20861328125 0.35252314903846155 0.21295410096153844 0.3536651225961539 0.23103027403846152 0.35680555528846153 0.238984375 0.36708719230769227 0.2541650384615385 0.3770871923076923 0.25995117067307694 0.3847993822115384 0.26681640625 0.3930825625 0.26826171875
0 0.4637345673076923 0.38864257932692303 0.4855671298076923 0.4041552740384615 0.49706018509615385 0.3862207019230769 0.4928472211538461 0.37506835817307693 0.4855671298076923 0.365859375 0.4782908942307692 0.35228515625 0.4733796298076923 0.34375 0.4645023149038462 0.34355956971153845 0.43768904326923075 0.349375 0.41930555528846153 0.3537402331730769 0.4185378076923077 0.3692529302884615 0.4284953701923077 0.38428222596153844 0.4327121923076923 0.39203613221153844 0.4453510793269231 0.38864257932692303 0.4637345673076923 0.38864257932692303
0 0.4421334879807692 0.9628076177884615 0.4394521610576923 0.9550537115384615 0.4394521610576923 0.9434179687500001 0.4394521610576923 0.9346923822115384 0.4394521610576923 0.9279052740384616 0.4405864206730769 0.91796875 0.45017746875000003 0.9109375 0.45515432211538465 0.9060888677884615 0.4670293221153846 0.9012451177884616 0.4827353389423077 0.9007568365384616 0.49652392067307694 0.904150391826923 0.49384259375000006 0.8983349615384615 0.4873302475961539 0.8900927740384615 0.47029320913461536 0.875 0.46103394951923077 0.86328125 0.4444444447115385 0.85546875 0.4344714495192308 0.85470703125 0.4278549375 0.8603515625 0.42374614182692305 0.8808837884615385 0.4243827163461538 0.91552734375 0.4279591057692308 0.93517578125 0.4310262355769231 0.9608691418269231 0.4413657403846154 0.9783203125 0.44519675961538463 0.9763818365384616 0.4448148149038461 0.9710498052884616 0.4421334879807692 0.9628076177884615
0 0.8001543221153846 0.3916015625 0.8075347211538462 0.40061035096153846 0.8138194447115384 0.40241699278846155 0.8169598774038461 0.3959130865384616 0.8221026225961539 0.3836181634615385 0.8278163581730769 0.3774755865384615 0.8383834879807692 0.3698828125 0.8392399687500001 0.3626513677884615 0.8383834879807692 0.3550634759615384 0.8318132716346154 0.35 0.8258179014423077 0.3395166009615384 0.8260030865384616 0.33447265625 0.8109645072115386 0.32614257932692303 0.8026813269230769 0.3239697259615385 0.7883989206730769 0.32216308653846154 0.7738310192307692 0.3239697259615385 0.7649768509615384 0.33770996153846156 0.7638348774038461 0.3474707019230769 0.7638348774038461 0.3724121105769231 0.7606905865384616 0.3818115240384615 0.770976079326923 0.39265625 0.7906828701923078 0.38397949278846155 0.7926813269230769 0.38615234375 0.8001543221153846 0.3916015625