0 0.14120370432692309 0.82763671875 0.1628086418269231 0.81884765625 0.19763503124999998 0.8092919927884614 0.21418209855769232 0.8071972644230769 0.23238425961538461 0.8023095697115384 0.24010802403846154 0.7960253918269231 0.24010802403846154 0.7813671875 0.24010802403846154 0.7611230456730769 0.23569444471153847 0.7527490240384616 0.23238425961538461 0.7492578125 0.18494984615384616 0.7150488269230769 0.17833333413461538 0.7024853509615384 0.1656442908653846 0.7017871105769231 0.15406250000000002 0.7059765625 0.1353086418269231 0.7094677740384616 0.06746527884615384 0.7674072259615384 0.03823302403846154 0.7939355480769231 0.03161651201923077 0.8071972644230769 0.029409721153846154 0.8211572259615385 0.029961420673076923 0.840703125 0.06526234615384616 0.8483837884615385 0.09008101923076922 0.834423829326923 0.11766975240384615 0.83251953125 0.14120370432692309 0.82763671875
0 0.16423225240384615 0.1477734375 0.1722299375 0.14849609375 0.1873688269230769 0.13620605528846152 0.19822144951923076 0.11993652403846154 0.19707947596153846 0.10981445432692308 0.19508101923076923 0.10114257692307692 0.1930825625 0.09716308653846153 0.18364197596153845 0.0908203125 0.17592592548076924 0.0830078125 0.16782407451923076 0.076171875 0.1610918221153846 0.07330566346153847 0.14351851923076925 0.076171875 0.13938271634615385 0.07438964903846154 0.13167052403846152 0.0696875 0.12338734615384615 0.06643554567307693 0.11681712980769231 0.06426757692307693 0.11110339423076923 0.066796875 0.1108179014423077 0.07619628846153846 0.11653163461538461 0.08559570432692308 0.1199575625 0.09138183653846153 0.12338734615384615 0.09860839903846154 0.12510030769230768 0.10475585817307692 0.12681327163461537 0.11198730528846154 0.13824074038461537 0.12608398557692307 0.14966435096153846 0.13620605528846152 0.1565200625 0.14452148557692307 0.16423225240384615 0.1477734375
0 0.6467592596153846 0.24854980528846154 0.6647376538461539 0.244140625 0.66705246875 0.23193359375 0.6697530865384616 0.2177734375 0.6655092596153847 0.20849609375 0.6535493822115386 0.1953125 0.6307870360576923 0.17822265625 0.6153703701923077 0.18033203125 0.6082600312499999 0.1870800769230769 0.5999691346153846 0.19607421875 0.5910841057692308 0.20582031250000002 0.5822029326923077 0.21331543028846156 0.5768711418269231 0.21931152403846152 0.5733179014423077 0.22980956971153846 0.5690586418269231 0.24072265625 0.5698302475961539 0.2568359375 0.5839776225961538 0.26129394471153844 0.5922067908653846 0.27294921875 0.6118171298076923 0.2650390625 0.6301774687499999 0.25679199278846154 0.6467592596153846 0.24854980528846154
0 0.8618827163461538 0.8642578125 0.8734567908653846 0.8466796875 0.8796296298076923 0.83203125 0.8685030865384615 0.8065771490384616 0.8585532403846153 0.7777929687499999 0.8528665120192307 0.7633984375 0.8478896610576924 0.7544042956730769 0.8187500000000001 0.756201173076923 0.8130632716346154 0.7625 0.8052469134615384 0.7804931634615385 0.7831790120192307 0.81005859375 0.7496141971153846 0.8330078125 0.7469637355769231 0.9082275384615385 0.7945833341346155 0.9082275384615385 0.8137731490384615 0.8956298822115384 0.8386496923076923 0.8821386706730769 0.8618827163461538 0.8642578125
0 0.36149691346153845 0.4521484375 0.37847222115384616 0.46240234375 0.3947492283653846 0.45921875 0.3983834879807692 0.45448730528846154 0.41449459855769233 0.4180517572115384 0.41396605048076923 0.4091796875 0.39392746875 0.39071777403846153 0.3894714495192308 0.385078125 0.3839853389423077 0.3824755865384616 0.3630787043269231 0.37857421874999997 0.34422839423076923 0.37206543028846156 0.3246913581730769 0.37033203124999997 0.32091820913461533 0.3690283197115385 0.32330246875 0.37890625 0.3205748461538462 0.4019970697115385 0.31509259375 0.4085058581730769 0.31372299278846155 0.4271582019230769 0.32434799278846155 0.4314990240384615 0.3318865745192308 0.4371386706730769 0.36149691346153845 0.4521484375
0 0.6125424375 0.48794921874999997 0.5923919759615385 0.48455078125 0.5386651225961538 0.4896484375 0.5131442908653846 0.49560058653846156 0.49098379567307693 0.50580078125 0.4681481490384615 0.5219482427884615 0.4500154326923077 0.5431982427884615 0.44800154326923075 0.5644482427884616 0.45337191346153843 0.5687011730769231 0.45941743749999997 0.5678515625 0.49165509375 0.573798829326923 0.5138155865384616 0.5822998052884615 0.5426967596153847 0.6010009759615385 0.5749305552884615 0.6179980480769232 0.6051543221153847 0.6239501947115385 0.6340316346153846 0.6281982427884615 0.6649266971153847 0.6179980480769232 0.6850733028846154 0.5899511730769231 0.6676118822115384 0.5423486322115385 0.6420910504807692 0.503251954326923 0.630003858173077 0.4930517572115385 0.6125424375 0.48794921874999997
0 0.8653665120192309 0.74734375 0.8735570985576923 0.7395361322115386 0.8834297836538462 0.7296630865384616 0.8883641971153846 0.7166699206730769 0.9118094134615385 0.6979296875000001 0.9159567908653846 0.6885595697115385 0.9126504639423078 0.6817529302884615 0.8851080240384616 0.6432714831730769 0.8814043221153847 0.6364599615384615 0.8636381177884616 0.6114746081730769 0.8478433653846154 0.6058544927884616 0.8320486105769231 0.6021044927884616 0.8211882716346154 0.6008544927884615 0.8108256177884615 0.6033544927884615 0.8053973774038461 0.6114746081730769 0.8014467596153847 0.6402099615384615 0.7915740745192308 0.6545800793269231 0.7861458341346155 0.6664453124999999 0.7866396610576923 0.6833154302884614 0.8049035504807692 0.7132958990384615 0.833036264423077 0.75078125 0.8567283942307693 0.7598388677884615 0.8608256177884616 0.7535888677884616 0.8653665120192309 0.74734375
0 0.4567901225961538 0.48291015625 0.4692901225961539 0.49525390625 0.4829976850961539 0.5100732427884616 0.4872839495192308 0.5079052740384615 0.5007098774038462 0.50103515625 0.5118479927884615 0.49633788942307694 0.5364120360576923 0.4912744134615385 0.5589776225961539 0.4905517572115385 0.5606905865384616 0.48729980528846156 0.5566936730769231 0.4692236322115385 0.5521219134615385 0.45621093749999997 0.5472685192307692 0.44464355528846156 0.5364120360576923 0.42548339903846155 0.529556326923077 0.4243994134615384 0.4889969134615385 0.4316259759615385 0.45472222115384614 0.44970214903846156 0.45043595673076925 0.4771777331730769 0.4567901225961538 0.48291015625
0 0.3423765432692308 0.7540039062499999 0.35785107932692306 0.7393164062500001 0.3723572524038462 0.72095703125 0.3752584879807692 0.7050439447115384 0.34140817788461536 0.7074951177884615 0.31432870432692306 0.70994140625 0.2978896610576923 0.7270751947115385 0.31142746875000005 0.76501953125 0.3298032403846154 0.7625732427884616 0.3423765432692308 0.7540039062499999
0 0.5169753076923077 0.7392578125 0.5177469134615384 0.71630859375 0.5123456778846154 0.68798828125 0.5041743822115385 0.6787548822115385 0.48569444471153844 0.6805517572115385 0.45655478365384616 0.6886474615384616 0.43949459855769235 0.6886474615384616 0.41049382692307695 0.681640625 0.3996913581730769 0.6886474615384616 0.40111496874999997 0.7066406249999999 0.4018248461538461 0.7282275384615384 0.40751157451923076 0.7372216802884615 0.41319830288461534 0.7480175793269231 0.4224382716346154 0.7534130865384616 0.4316782403846154 0.7597119134615385 0.4558410504807692 0.781298826923077 0.47290123557692304 0.7965917956730769 0.4785879639423077 0.7911962884615384 0.48569444471153844 0.7759033197115385 0.5027507716346153 0.7606103509615385 0.5169753076923077 0.7392578125
0 0.6000192908653846 0.1921875 0.6197608028846153 0.17719726442307693 0.6256867283653846 0.17719726442307693 0.6307870360576923 0.17822265625 0.6434529326923077 0.18094726442307693 0.6513503076923077 0.17157714903846152 0.6478973774038461 0.15658203125 0.6404938269230769 0.13347168028846154 0.6276581778846153 0.11847656250000001 0.6153202163461539 0.10098632692307692 0.6089043221153847 0.09286621153846154 0.5906404326923077 0.10473632692307693 0.5723804014423076 0.12847168028846154 0.5531288581730769 0.14471191346153847 0.5368402788461538 0.15720703125 0.5220331778846155 0.17719726442307693 0.5210455240384616 0.18844238221153847 0.5142746923076923 0.2021484375 0.5205555552884615 0.22842285096153844 0.525983795673077 0.23529296875 0.5467129639423077 0.24216308653846155 0.5597993822115385 0.2421875 0.5669483028846154 0.24466308653846153 0.5738580240384615 0.22404785096153848 0.6000192908653846 0.1921875
0 0.7220794759615384 0.9715966802884615 0.7328240745192307 0.9681982427884616 0.7361844134615385 0.9520458990384615 0.7314814807692307 0.93419921875 0.7261111105769231 0.9086962884615384 0.7160339495192307 0.9010449206730768 0.6878279326923077 0.9154980480769231 0.6757407403846154 0.9205957043269231 0.6623070985576922 0.9333447259615385 0.65290509375 0.9520458990384615 0.6569328701923076 0.964794923076923 0.6777546298076923 0.9664941418269231 0.6972299375000001 0.9673486322115384 0.7032754639423077 0.9707470697115385 0.7220794759615384 0.9715966802884615
0 0.6289390432692308 0.6528662115384616 0.6187037043269231 0.6347314447115384 0.6043788581730769 0.6230761706730769 0.5806327163461538 0.61376953125 0.5532021610576924 0.6243701177884616 0.5368287043269231 0.6269628894230769 0.5194290120192308 0.6321435552884616 0.5023148149038461 0.64013671875 0.5 0.67138671875 0.5119598774038462 0.685546875 0.5317091057692308 0.7189306634615384 0.5491087956730769 0.7435400384615385 0.5624151225961538 0.7487207043269231 0.6146103389423077 0.7357714855769231 0.6268942908653846 0.7085693365384615 0.6238233028846154 0.6904345697115384 0.6299652788461538 0.6658203125 0.6289390432692308 0.6528662115384616
0 0.43851080288461536 0.8594091802884616 0.42824074038461535 0.865234375 0.4151234567307692 0.89453125 0.4124228389423077 0.90673828125 0.4174382716346154 0.91845703125 0.4355709879807692 0.9384765625 0.45833333413461536 0.95263671875 0.47641975240384615 0.96810546875 0.4911265432692308 0.984375 0.5015432091346154 0.9873046875 0.513888889423077 0.96630859375 0.5054398149038462 0.949365233173077 0.49678240625000003 0.9406103509615384 0.4903549375 0.90771484375 0.48109567788461544 0.888671875 0.4637345673076923 0.87646484375 0.4450270072115385 0.8601611322115384 0.43851080288461536 0.8594091802884616
0 0.7175925937500001 0.69482421875 0.7241242283653846 0.6748876947115385 0.7052469134615384 0.6591796875 0.68830246875 0.6502783197115385 0.6612654326923076 0.65478515625 0.6269290120192307 0.6572265625 0.6084104927884615 0.66552734375 0.6168981490384616 0.70166015625 0.6724537043269231 0.71630859375 0.6944444447115384 0.7267041009615384 0.7097955240384616 0.7150439447115384 0.7175925937500001 0.69482421875
0 0.6806211418269231 0.33424316346153843 0.6788927475961538 0.3368017572115385 0.6691203701923077 0.35616699278846153 0.6696141971153846 0.3611669927884616 0.680941358173077 0.3876953125 0.6952160504807693 0.384765625 0.7025462956730769 0.39697265625 0.7110339495192307 0.392578125 0.7233796298076923 0.37548828125 0.732638889423077 0.361328125 0.7322955240384614 0.3380517572115384 0.7224266971153847 0.3218115240384615 0.7011535504807692 0.3270605456730769 0.6948842596153846 0.3291796875 0.6806211418269231 0.33424316346153843
0 0.3686496923076923 0.7375048822115384 0.3539120360576923 0.7437207019230769 0.3539120360576923 0.7577148437500001 0.3526851850961539 0.7919091802884615 0.3551388894230769 0.8261083990384616 0.36005401201923076 0.8478662115384614 0.3674228389423077 0.85875 0.39689814903846155 0.8665185552884616 0.41040894951923074 0.8665185552884616 0.4423418221153846 0.8571923822115385 0.4755015432692308 0.8338769519230769 0.4755015432692308 0.8183349615384615 0.4570794759615385 0.7950195312499999 0.4423418221153846 0.7717041009615385 0.41163580288461543 0.7546044927884614 0.39198688221153843 0.7437207019230769 0.3686496923076923 0.7375048822115384
0 0.38151234615384616 0.6485449230769231 0.3838927475961539 0.6617968750000001 0.38889274759615383 0.67384765625 0.400316358173077 0.6798730480769231 0.41174382692307687 0.6804736322115384 0.4238811730769231 0.6837890625 0.4379243822115385 0.6864990240384615 0.44959105048076925 0.6886083990384615 0.4631558653846154 0.6898144519230769 0.47481867307692305 0.6898144519230769 0.4884259254807692 0.68359375 0.49576774759615383 0.6795703125 0.4983834879807692 0.6729443365384615 0.49933642067307693 0.6578808581730768 0.5002893509615385 0.650048826923077 0.5012422836538462 0.6422167980769231 0.5117129639423077 0.6334814447115384 0.5194290120192308 0.6321435552884616 0.527901235576923 0.6295654302884616 0.53146990625 0.62474609375 0.52861496875 0.61419921875 0.5248070985576923 0.6051611322115384 0.5176658942307693 0.5970263677884615 0.5093364206730769 0.586484375 0.5019560192307693 0.5789550793269231 0.5010030865384615 0.5786523437500001 0.49338734615384616 0.5738330072115384 0.47981867307692305 0.5714208990384615 0.4710108028846154 0.5714208990384615 0.46577546394230773 0.5732275384615385 0.45696759375 0.5777490240384615 0.45030478365384613 0.5819677740384616 0.4305478389423077 0.5931103509615384 0.41341049278846154 0.6126953125 0.4072222211538462 0.62052734375 0.39103394951923076 0.6268505865384615 0.3793711418269231 0.6367919927884615 0.38151234615384616 0.6485449230769231
0 0.03429398076923077 0.2423046875 0.047727622596153846 0.21765136778846153 0.05444444471153846 0.19130371153846154 0.05712962980769231 0.16920410096153848 0.05780092548076923 0.14795410096153847 0.05712962980769231 0.13520507692307693 0.04907021634615384 0.11395507932692307 0.030266204326923077 0.09270507932692308 0.004074074519230769 0.06465331971153845 0 0.25505371153846157 0.007430555288461539 0.2525 0.03429398076923077 0.2423046875
0 1 0.2512988269230769 0.9879668221153846 0.23358886778846152 0.9689390432692307 0.22650878846153846 0.9459915120192307 0.2194238269230769 0.9224845673076923 0.2038378894230769 0.9140895072115385 0.20809081971153848 0.8905825625 0.22296386778846153 0.8631597211538462 0.24775878846153845 0.8681983028846154 0.26121581971153846 0.8821875 0.2725488269230769 0.9045756177884615 0.3129248052884615 0.9174498461538462 0.3348828125 0.9331172836538462 0.35967285096153845 1 0.35329589903846154 1 0.3391308605769231 1 0.29663086057692306 1 0.2512988269230769
0 0.4953703701923077 0.90283203125 0.4930555552884615 0.927734375 0.49678240625000003 0.9406103509615384 0.513888889423077 0.96142578125 0.53009259375 0.96533203125 0.5435956778846154 0.95166015625 0.5952932091346154 0.9599609375 0.6022376538461539 0.943359375 0.6222993822115386 0.94873046875 0.6307870360576923 0.92724609375 0.64544753125 0.92822265625 0.6396604927884616 0.912109375 0.6373456778846154 0.89697265625 0.6269290120192307 0.880859375 0.6234567908653846 0.8544921875 0.6072530865384616 0.8369140625 0.590663579326923 0.83935546875 0.5601851850961539 0.7607421875 0.5513117283653846 0.76416015625 0.5351620360576923 0.7840869134615385 0.49266975240384614 0.8349609375 0.49884259375 0.88037109375 0.4953703701923077 0.90283203125
0 0.2366010793269231 0.5299560552884615 0.2366010793269231 0.55119140625 0.24112654326923078 0.60498046875 0.24301697596153846 0.6455224615384616 0.24301697596153846 0.688623045673077 0.25190200721153844 0.70736328125 0.26325231490384615 0.7123632812499999 0.28299768509615386 0.7111132812500001 0.29237268509615383 0.7154833990384616 0.3042206778846154 0.7167333990384616 0.32544367307692307 0.70923828125 0.34645061778846153 0.70751953125 0.36728394951923077 0.7080078125 0.3752932091346154 0.6942431634615385 0.37875000000000003 0.6642626947115384 0.3817129639423077 0.6386474615384615 0.38319058653846155 0.6249072259615385 0.3780864206730769 0.59814453125 0.3711419759615385 0.55859375 0.3661265432692308 0.54248046875 0.3584104927884615 0.53515625 0.32100308653846155 0.5224560552884616 0.2638888894230769 0.50634765625 0.24228394951923077 0.5087890625 0.2366010793269231 0.5299560552884615
0 0.21537808653846155 0.5005957043269231 0.19760802403846153 0.47560546875000004 0.18971064903846152 0.46623535096153845 0.17539737740384617 0.4568652331730769 0.15417438221153848 0.4524951177884615 0.13788580288461538 0.45437011778846154 0.12850694471153845 0.46561035096153847 0.11567515384615384 0.47935546875 0.10827160576923077 0.4874755865384615 0.10432098798076923 0.5230810552884615 0.10777777884615383 0.5474462884615384 0.1500771610576923 0.59814453125 0.1631944447115385 0.6064453125 0.18724151201923078 0.5855517572115384 0.2118055552884615 0.57373046875 0.22145061778846153 0.55126953125 0.21439043269230768 0.5393261730769231 0.21932484615384615 0.5191259759615384 0.21685570913461538 0.5049658197115384 0.21537808653846155 0.5005957043269231
0 0.5146489206730769 0.3317919927884615 0.5001427475961538 0.3491308605769231 0.4816049375 0.36953125 0.4606520072115385 0.40216796875 0.45259259375 0.4276708990384615 0.4469521610576923 0.45112793028846154 0.4558179014423077 0.4541894543269231 0.45823688221153847 0.45316894471153846 0.49288966105769233 0.42970703125000004 0.5146489206730769 0.41236816346153843 0.5331867283653846 0.40318847596153845 0.571875 0.37768554807692306 0.5807330240384615 0.3481103509615385 0.5799305552884616 0.33791015625000004 0.5702584879807693 0.3256689447115385 0.5436612644230769 0.3226123052884615 0.5202893509615385 0.32362793028846154 0.5202893509615385 0.3256689447115385 0.5146489206730769 0.3317919927884615
0 0.15798225240384617 0.2704248052884615 0.1467862644230769 0.2782128894230769 0.11600694471153847 0.298046875 0.11040894951923078 0.3150488293269231 0.11152777884615385 0.3306298822115385 0.12048225240384616 0.35258789182692307 0.12999614182692307 0.3795068365384615 0.14231095673076924 0.3880078125 0.1635763894230769 0.3823388677884615 0.18260802403846155 0.3731298822115384 0.1753317908653846 0.3419628918269231 0.1702932091346154 0.3037158197115385 0.16917438221153847 0.2640478509615385 0.16805555528846156 0.2640478509615385 0.15798225240384617 0.2704248052884615
0 0.24631558653846156 0.4738378894230769 0.2647916658653846 0.4558496105769231 0.2826658942307692 0.4509326177884615 0.3003317908653846 0.4459521490384616 0.3095717596153846 0.43695800721153844 0.31809799278846157 0.42976074278846155 0.3117013894230769 0.4117675769230769 0.3236882716346154 0.3935546875 0.32330246875 0.37890625 0.31738811778846154 0.36679199278846153 0.30672839423076925 0.3631933581730769 0.2868248461538462 0.3631933581730769 0.2662037043269231 0.36669921875 0.24151234615384617 0.3984375 0.22337962980769233 0.41357421875 0.20295910576923076 0.43065918028846156 0.19727237740384615 0.44774902403846156 0.2093557091346154 0.4729394543269231 0.2235686730769231 0.4891308605769231 0.23494212980769233 0.48193359375 0.24631558653846156 0.4738378894230769
0 0.4051003076923077 0.17221191346153847 0.41469907451923077 0.16223632932692308 0.41915509375 0.14921875 0.42875 0.13664062500000002 0.43354938221153844 0.12536132692307692 0.43903549278846155 0.11538574278846155 0.43903549278846155 0.1080078125 0.42875 0.10063476442307692 0.40784336538461535 0.09629394471153846 0.3920756177884615 0.09759765625 0.37654320913461536 0.09765625 0.3512885793269231 0.09499511778846154 0.35231481490384614 0.10410644471153846 0.35917052403846156 0.13620605528846152 0.36260030769230767 0.15269043028846155 0.3668981490384615 0.1650390625 0.37577160576923074 0.17724609375 0.38830632692307687 0.1769824206730769 0.39858796394230767 0.17568359374999998 0.4051003076923077 0.17221191346153847
0 0.8780555552884616 1 0.9251350312500001 0.9966503894230769 0.9435570985576922 0.98240234375 0.9322993822115385 0.9305859375 0.9209104927884616 0.890625 0.9067129639423077 0.848984375 0.8872646610576923 0.8554589855769231 0.8534915120192307 0.8865478509615384 0.8144290120192307 0.91650390625 0.7893518509615384 0.953125 0.7859413581730769 0.9759228509615384 0.8032407403846153 1 0.8780555552884616 1
0 0.4145833341346154 0.35649414182692307 0.42880015384615383 0.35574218750000003 0.4678896610576923 0.33400390625000004 0.4797337956730769 0.3250097644230769 0.47322144951923073 0.3070947259615385 0.4678896610576923 0.28085449278846153 0.4649266971153846 0.26279296875 0.4525462956730769 0.2470703125 0.44020061778846153 0.251953125 0.42228394951923076 0.26429199278846155 0.38141589423076927 0.2928515625 0.3754938269230769 0.30484374999999997 0.38260030769230774 0.37005859375 0.3959259254807692 0.3631640625 0.4104359567307692 0.35649414182692307 0.4145833341346154 0.35649414182692307
0 0.3351080240384615 0.25762695432692306 0.31934413461538463 0.25762695432692306 0.29226466105769233 0.26500488221153845 0.2662037043269231 0.271484375 0.23726851923076925 0.27099609375 0.2280092596153846 0.287109375 0.21685570913461538 0.2966699230769231 0.2000617283653846 0.3066503918269231 0.1956057091346154 0.322265625 0.1805246923076923 0.3443896490384616 0.17846836538461539 0.35263183653846153 0.19389274759615385 0.3669482427884615 0.23707947596153847 0.3721533197115384 0.2559336418269231 0.37388671875 0.2747839495192308 0.3669482427884615 0.29535107932692306 0.36564453125 0.3097453701923077 0.3678173822115385 0.32722607932692305 0.37084961057692306 0.35361882692307695 0.3730224615384615 0.37212577163461535 0.3764892572115385 0.3724691346153846 0.37388671875 0.37761188221153846 0.33875 0.37829861057692304 0.33267578124999997 0.37932484615384615 0.2971044927884615 0.37418595673076926 0.26240234375 0.36630015384615383 0.2515527331730769 0.34779320913461537 0.2537255865384615 0.3351080240384615 0.25762695432692306
0 0.4875154326923077 0.10020996153846154 0.4896990745192307 0.09543945432692308 0.4896990745192307 0.08564941346153845 0.4896990745192307 0.07435058653846154 0.48850694471153844 0.06757324278846154 0.48652392067307687 0.06079589903846154 0.47938271634615387 0.05452148317307692 0.47561342548076924 0.05150878846153846 0.46807484615384615 0.05150878846153846 0.46311728365384613 0.05125488221153846 0.4567708341346154 0.05301269471153846 0.45359567788461536 0.053515625 0.44982638942307696 0.055273437499999994 0.4448688269230769 0.05828613221153846 0.4418942908653846 0.06305663942307692 0.43713348798076923 0.06757324278846154 0.4339583341346154 0.07108886778846155 0.43038966105769233 0.07510742067307692 0.42860339423076926 0.08012695192307692 0.4272145072115385 0.08540039182692308 0.4272145072115385 0.09017089903846154 0.4290007716346154 0.0964453125 0.43118055528846155 0.10322265624999999 0.43296682211538456 0.10522949278846154 0.43903549278846155 0.1080078125 0.43981481490384616 0.11669921875 0.46549768509615386 0.1117578125 0.4758140432692307 0.10899902403846154 0.4829513894230769 0.10522949278846154 0.4875154326923077 0.10020996153846154
0 0.10279320913461538 0.21412597596153848 0.11364583413461539 0.22139648557692307 0.12513503125 0.22180175721153847 0.1299228389423077 0.2205859375 0.1372646610576923 0.22180175721153847 0.1372646610576923 0.22503418028846156 0.14300925961538463 0.22947753846153846 0.1493942908653846 0.2290722644230769 0.15290509375 0.22826171874999998 0.1599266971153846 0.22664550721153848 0.1624807091346154 0.21654785096153845 0.17141975240384613 0.20806640625 0.16358024759615386 0.1953125 0.1350308653846154 0.1728515625 0.11779320913461538 0.1676660144230769 0.059062500000000004 0.19109863221153847 0.055551697115384616 0.19877441346153846 0.05970293269230769 0.21412597596153848 0.06544753125 0.21250976682692307 0.08364197596153847 0.20766113221153845 0.08938657451923077 0.20766113221153845 0.10279320913461538 0.21412597596153848
0 0.9227932091346154 0.5608740240384615 0.9131944447115384 0.54833984375 0.9001697524038461 0.5369287115384616 0.8811728389423077 0.5390625 0.8701427475961538 0.54421875 0.8467013894230769 0.55150390625 0.8479320985576924 0.5733691394230769 0.8499884254807692 0.5879443365384616 0.8499884254807692 0.603564451923077 0.8586265432692308 0.6113720697115385 0.8701427475961538 0.6144921875 0.8824845673076923 0.6139746105769232 0.8977006177884616 0.6066845697115385 0.9197530865384616 0.59423828125 0.9244367283653846 0.5749316394230769 0.9240277788461538 0.5650390625 0.9227932091346154 0.5608740240384615
0 0.44033564903846156 0.42711425721153845 0.43595679086538464 0.41552734375 0.43005401201923077 0.40369140625 0.4243827163461538 0.3955078125 0.4207986105769231 0.4032568365384615 0.41565972115384614 0.41236816346153843 0.4112037043269231 0.42451171875000004 0.3947492283653846 0.45921875 0.3848109567307692 0.48654785096153846 0.3848109567307692 0.49999511778846156 0.3861805552884615 0.5117089831730769 0.39749228365384615 0.5286279302884616 0.40023533894230773 0.5260253894230769 0.40434799278846156 0.5208203124999999 0.4067476850961539 0.512578125 0.4101736105769231 0.5043359375 0.41666666586538464 0.4931640625 0.42114197596153846 0.4787402331730769 0.43005401201923077 0.46962890625 0.43896605048076925 0.46702636778846157 0.44959105048076925 0.47093261778846157 0.45027777884615383 0.4544482427884615 0.44959105048076925 0.4453369134615385 0.44513503125000004 0.43752929567307697 0.44033564903846156 0.42711425721153845
0 1 0.35761718750000004 0.9968634254807692 0.3540185552884615 0.9805169759615384 0.3504199206730769 0.9705671298076923 0.3504199206730769 0.9606134254807692 0.3540185552884615 0.9442669759615385 0.36301269471153846 0.9208140432692308 0.37561035096153844 0.8803009254807692 0.40708984375 0.8824344134615385 0.42238281250000004 0.8966473774038461 0.43857421875 0.912993826923077 0.44127441346153845 0.9265007716346154 0.44127441346153845 0.9343171298076923 0.44127441346153845 0.9655902788461539 0.43138183653846157 0.9904668221153846 0.43138183653846157 1 0.42418456971153845 1 0.3855029302884615 1 0.3612158197115385 1 0.35761718750000004
0 0.3404552475961538 0.06736328125 0.34092978365384613 0.07941406250000001 0.3521180552884615 0.09025878846153847 0.3602083341346154 0.09417480528846153 0.37068287019230767 0.09628418028846154 0.3773495360576923 0.09929687499999999 0.38211033894230767 0.10020019471153846 0.3920756177884615 0.09759765625 0.39829475240384615 0.095078125 0.3963888894230769 0.08423339903846154 0.39699074038461535 0.080078125 0.3981481490384615 0.07861328125 0.4043209879807692 0.08251953125 0.41550925961538465 0.080078125 0.4223341057692308 0.06375 0.4235262355769231 0.05471191346153846 0.4235262355769231 0.04687988221153846 0.42138503125000004 0.04235839903846154 0.4137654326923077 0.03151367307692308 0.40353009375 0.02850097596153846 0.39543981490384617 0.02519043028846154 0.38615355048076927 0.022475586538461538 0.3802044759615385 0.021269531249999998 0.37687114182692305 0.020068360576923076 0.3673495360576923 0.019462889423076925 0.3637808653846154 0.019462889423076925 0.36092592548076924 0.019462889423076925 0.35416666586538464 0.02734375 0.34722222115384616 0.03466796875 0.34473765384615385 0.048081055288461544 0.3444984567307693 0.05229980528846154 0.3404552475961538 0.06736328125
0 0.7919135793269232 0.5174072259615385 0.7832754639423077 0.5122021490384616 0.7725810192307693 0.50751953125 0.7557175937499999 0.5069970697115385 0.746527778846154 0.5087890625 0.7289814807692309 0.5194921874999999 0.7219907403846153 0.5288623052884616 0.7133526225961538 0.545 0.7071836418269231 0.559052735576923 0.7067708341346154 0.5642578125 0.7145871923076924 0.5632177740384615 0.7330941346153845 0.5580126947115385 0.7429668221153847 0.5611376947115384 0.7565393509615385 0.5689453125 0.7725810192307693 0.55072265625 0.7824537043269231 0.5345849615384616 0.7882098774038462 0.5226123052884616 0.7919135793269232 0.5174072259615385
0 0.7106481490384616 0.9072265625 0.725308641826923 0.9072265625 0.7353086418269231 0.9243261706730769 0.7402816346153845 0.9117333990384615 0.7452584879807692 0.891943360576923 0.7452584879807692 0.8802490240384616 0.7459683653846153 0.86765625 0.75 0.84912109375 0.7472993822115386 0.8330078125 0.7424151225961538 0.8172802740384615 0.722222221153846 0.7998046875 0.704861110576923 0.7978515625 0.6875 0.80126953125 0.6727623461538462 0.8586621105769231 0.6727623461538462 0.8892431634615385 0.6848456778846154 0.9126318365384616 0.7004822524038462 0.91443359375 0.7106481490384616 0.9072265625
0 0.8267013894230769 0.304921875 0.8141280865384615 0.297578125 0.8034915120192309 0.297578125 0.7996219134615384 0.3024755865384615 0.7831828701923077 0.3294042956730769 0.7706095673076923 0.3502099615384615 0.7473996923076923 0.38081054567307693 0.729023920673077 0.41630859374999996 0.7280555552884616 0.4432324230769231 0.7299922836538462 0.47261230528846154 0.7444984567307693 0.48729980528846156 0.77834490625 0.5056591802884616 0.8083256177884616 0.5056591802884616 0.8537808653846154 0.5019873052884616 0.8808603389423078 0.50076171875 0.8789236105769231 0.47873046874999997 0.8711882716346153 0.4297705072115384 0.8557137355769231 0.37958496153846155 0.8363734567307692 0.34286621153846153 0.8305709879807692 0.31838867067307697 0.8267013894230769 0.304921875
0 0.9721990745192308 0.5739550769230769 0.9622492283653846 0.5784521490384615 0.9572762355769231 0.5865527331730769 0.9416396610576924 0.5973437500000001 0.9302662043269231 0.604541014423077 0.9245794759615384 0.6153369134615384 0.9196064807692307 0.6351269519230769 0.9181828701923076 0.64591796875 0.9124961418269231 0.662109375 0.9153395072115385 0.6747070312500001 0.9629629639423077 0.66650390625 0.9984992283653846 0.668408204326923 1 0.5559667956730769 0.9871257716346153 0.5667626947115385 0.9721990745192308 0.5739550769230769
0 0.5796334879807692 0.45821777403846153 0.5927970673076923 0.4436425793269231 0.6100733028846154 0.4321923822115385 0.6150077163461538 0.4014794927884615 0.6103395072115385 0.3896484375 0.6104822524038462 0.3733691394230769 0.6076041658653846 0.36868163942307697 0.5964969134615384 0.3707666009615384 0.5923842596153845 0.37493164182692307 0.5790895072115385 0.384765625 0.5644290120192308 0.3955078125 0.5533101850961539 0.40304199278846153 0.5412808653846154 0.40966796875 0.5331558653846155 0.41345214903846156 0.5235339495192307 0.4228515625 0.5393518509615385 0.43212890625 0.5487847211538461 0.45561523557692307 0.5578356490384615 0.47123535096153846 0.56853009375 0.47123535096153846 0.5796334879807692 0.45821777403846153
0 0.15042438221153848 0.8241650384615385 0.1063271610576923 0.8359130865384615 0.07731095673076924 0.8417919927884616 0.040177468749999994 0.8667578125000001 0.02392746875 0.8931982427884615 0.02392746875 0.9181689447115384 0.02392746875 0.9357910144230769 0.025088735576923076 0.9563574206730769 0.035532406249999995 0.9872021490384615 0.044818673076923075 0.9989501947115385 0.07731095673076924 1 0.1620293221153846 0.9886669927884615 0.19220293269230768 0.9769189447115385 0.21657407451923077 0.9563574206730769 0.2316628076923077 0.92404296875 0.24559027884615384 0.8858544927884615 0.2664776225961539 0.8432568365384616 0.2664776225961539 0.8050683581730769 0.2154166658653846 0.8080078125000001 0.19104552403846153 0.8138818365384615 0.15042438221153848 0.8241650384615385
0 0.25798996874999996 0.5071533197115385 0.26580246874999996 0.50767578125 0.27690972115384616 0.5092333990384615 0.29089506249999997 0.5128808605769231 0.3007638894230769 0.5149609374999999 0.32091820913461533 0.49465820192307697 0.33695987740384614 0.487890625 0.35053240625000004 0.47487793028846154 0.35917052403846156 0.47435546875 0.3682214495192308 0.4780029302884615 0.36904320913461536 0.47019531249999996 0.3353163581730769 0.4561376947115384 0.3163966057692308 0.4483300793269231 0.2826658942307692 0.4509326177884615 0.27320601923076926 0.45197265625 0.25099537019230767 0.47644043028846156 0.23865740625 0.487890625 0.23084105048076922 0.5040283197115385 0.21932484615384615 0.5191259759615384 0.215625 0.5310986322115384 0.22492283894230772 0.5498046875 0.23454475240384615 0.5446337884615384 0.2435918221153846 0.5118408197115385 0.24770447596153847 0.5087158197115385 0.25798996874999996 0.5071533197115385
0 1 0.8001904302884615 0.9971489206730768 0.7831005865384615 0.9758256177884616 0.7822021490384615 0.9559220673076924 0.7822021490384615 0.9303356490384616 0.7911962884615384 0.9083024687500001 0.8010888677884616 0.8834259254807691 0.8181835937499999 0.8862692908653845 0.8487646490384615 0.9125694447115384 0.8496679687500001 0.9322993822115385 0.9305859375 0.9459722211538462 0.9630078125 0.9587654326923077 0.9738037115384616 0.9665856490384616 0.985498045673077 0.980088735576923 0.985498045673077 1 0.9836962884615384 1 0.9576123052884615 1 0.8001904302884615
0 0.7161188269230769 0.7974902355769231 0.7296219134615385 0.8055859375 0.75236496875 0.8235791009615384 0.7807947524038461 0.8118847644230769 0.7971412043269231 0.793896485576923 0.8006983028846153 0.7750048822115385 0.8006983028846153 0.7597119134615385 0.8006983028846153 0.7435205072115385 0.7779513894230768 0.7327246081730769 0.7644483028846154 0.7282275384615384 0.7417052475961537 0.7255273437499999 0.7182484567307692 0.7444189447115386 0.7047453701923078 0.7750048822115385 0.704861110576923 0.7978515625 0.7161188269230769 0.7974902355769231
0 0.6706172836538461 0.4962109375 0.6745871923076923 0.49896972596153844 0.6850964495192307 0.49470214903846155 0.6878742283653847 0.4911865240384615 0.6985879639423077 0.48114746153846155 0.7089004639423078 0.47537109375000003 0.71584490625 0.4711035144230769 0.7174305552884616 0.4660839855769231 0.7176273149038461 0.4598095697115384 0.7160493822115386 0.4560546875 0.7094945985576923 0.4517724615384615 0.7007677475961539 0.44650390624999997 0.6952160504807693 0.442734375 0.6888657403846155 0.44147949278846155 0.6848996923076923 0.44047851682692307 0.6813310192307692 0.43896972596153844 0.6751813269230769 0.4409765625 0.6704205240384616 0.4454980480769231 0.6664544759615385 0.46382324278846154 0.6656597211538462 0.4751220697115385 0.6670486105769231 0.48792480528846155 0.6706172836538461 0.4962109375
0 0.5816010793269231 0.8188720697115385 0.5847415120192307 0.8235693365384615 0.5921682091346153 0.8289941394230769 0.6055941346153846 0.8362255865384616 0.6153047836538461 0.8405615240384615 0.6250154326923076 0.8488769519230769 0.63615740625 0.852490235576923 0.6444405865384616 0.8535742187500001 0.6552932091346153 0.852490235576923 0.6681481490384615 0.8467089831730769 0.6724305552884615 0.8423681634615385 0.6755748461538461 0.8333300793269232 0.6815702163461539 0.8206787115384616 0.6895679014423077 0.7997119134615385 0.6981365745192308 0.7953759759615384 0.697851079326923 0.7856152355769231 0.6924266971153846 0.77404296875 0.6869984567307692 0.7603076177884615 0.6778587956730769 0.7480175793269231 0.6721450625000001 0.7451269519230769 0.6587191346153846 0.7386181634615384 0.6395833341346153 0.72921875 0.6392978389423077 0.72921875 0.6241589495192308 0.7313867187499999 0.6153047836538461 0.7339160144230769 0.613306326923077 0.7342773437500001 0.6047376538461539 0.7353662115384616 0.6001658942307693 0.7364501947115384 0.5924537043269231 0.7371728509615385 0.5890277788461539 0.7378955072115385 0.5864544759615384 0.7393408197115385 0.5795987644230769 0.7407861322115384 0.5664621923076922 0.7631982427884616 0.5681751538461538 0.7733203125 0.5707445985576923 0.7845263677884616 0.5758873461538461 0.8033251947115385 0.5816010793269231 0.8188720697115385
0 0.3175154326923077 0.255859375 0.3331211418269231 0.2533935552884615 0.34040123557692303 0.2538769543269231 0.3488271610576923 0.2529052740384615 0.3530401225961538 0.2504833990384615 0.3610841057692307 0.24951171875 0.36682870432692305 0.25193847596153846 0.3698919759615385 0.25775390625 0.3771720673076923 0.2698730480769231 0.3790856490384616 0.29168945192307694 0.3867476850961538 0.2853857427884615 0.39134259375 0.28247558653846155 0.39670524759615383 0.2776318365384615 0.3737229927884615 0.21412597596153848 0.35533950721153845 0.19037109375 0.3419328701923077 0.17728027403846153 0.33503857932692305 0.17728027403846153 0.3063117283653846 0.19085449278846156 0.29788194471153845 0.20249023317307693 0.28830632692307695 0.20297363221153847 0.2779668221153846 0.20733886778846153 0.26149691346153847 0.21994140625 0.25842978365384617 0.22091308653846153 0.2442592596153846 0.22479003846153847 0.2423456778846154 0.22721191346153846 0.23468364182692308 0.23303222596153847 0.23468364182692308 0.24515136778846153 0.24119598798076922 0.2616308605769231 0.24579089423076922 0.26793456971153845 0.25996527884615384 0.27132812500000003 0.2986111105769231 0.2626953125 0.3051620360576923 0.25775390625 0.3175154326923077 0.255859375
0 0 0.6560839855769232 0.0022453701923076923 0.6475195312500001 0.026423610576923075 0.61447265625 0.04479938221153846 0.5765283197115385 0.06317515384615385 0.5373583990384615 0.06704089423076923 0.5006396490384616 0.06413966105769231 0.46269531249999996 0.05737268509615385 0.4076171875 0.04286265384615384 0.39537597596153845 0.01771990625 0.4002734375 0 0.4027197259615385 0 0.6560839855769232
0 0.2624845673076923 0.8066357427884616 0.26603780769230767 0.80888671875 0.2713695985576923 0.8163818365384615 0.2784760793269231 0.8163818365384615 0.2938734567307692 0.8156347644230769 0.31460648076923076 0.7856494134615384 0.31815972115384616 0.7774023437500001 0.30572144951923075 0.7594140625 0.2932831778846154 0.7339257812500001 0.28299768509615386 0.7111132812500001 0.2743287043269231 0.7046874999999999 0.2494521610576923 0.7249316418269232 0.24175154326923076 0.7451708990384615 0.24175154326923076 0.7991406249999999 0.2541898149038462 0.8006396490384616 0.2624845673076923 0.8066357427884616
0 0.4302777788461538 0.3946484375 0.43560956730769235 0.40514160096153845 0.44034722115384617 0.40514160096153845 0.4492322524038462 0.410390625 0.4628549375 0.40064453125 0.4770679014423077 0.3796582043269231 0.4901003076923077 0.3541699230769231 0.4918788581730769 0.33393066346153844 0.4918788581730769 0.3316796875 0.4883217596153846 0.3271826177884615 0.48003086538461537 0.33018066346153846 0.4563387355769231 0.33842773557692307 0.4350154326923077 0.351171875 0.40200617307692305 0.35791015625 0.3959259254807692 0.3631640625 0.3839853389423077 0.3824755865384616 0.3994791658653846 0.3939013677884615 0.41606481490384617 0.40514160096153845 0.4243827163461538 0.3955078125 0.4302777788461538 0.3946484375
0 0.35472993750000004 0.12734863221153844 0.35061728365384615 0.10808593749999999 0.3456790120192308 0.09351074278846154 0.34027777884615384 0.08447265625 0.3271604927884615 0.08203125 0.3086419759615385 0.09130859375 0.2781635793269231 0.09130859375 0.2650462956730769 0.09326171875 0.24421296394230768 0.09716796875 0.23726851923076925 0.10400390625 0.23495370432692309 0.1181640625 0.23915123557692308 0.14036132692307693 0.2580709879807692 0.14973144471153846 0.2708217596153846 0.14869140625000002 0.2736998461538462 0.15129394471153848 0.28315972115384613 0.15181640625 0.28809799278846154 0.1538964855769231 0.29673225240384615 0.17523925721153846 0.30783950721153847 0.17940429807692307 0.32388117307692305 0.17523925721153846 0.34938271634615387 0.16899414182692307 0.3596643509615385 0.15337402403846154 0.35760802403846154 0.13984375 0.35472993750000004 0.12734863221153844
0 1 0.7507763677884616 0.9894984567307692 0.7089257812499999 0.9814814807692307 0.7001953125 0.975308641826923 0.6845703125 0.9629629639423077 0.66650390625 0.9500115745192308 0.6676953125 0.9332330240384615 0.6770654302884616 0.903125 0.7026806634615385 0.8789390432692308 0.7357861322115385 0.8789390432692308 0.74828125 0.8823919759615385 0.7738916009615384 0.8957214495192307 0.8026269519230769 0.9524807091346154 0.7832617187500001 0.9758256177884616 0.7822021490384615 0.990486110576923 0.78638671875 0.9939429014423078 0.7926318365384616 1 0.7888818365384616 1 0.7757666009615385 1 0.7507763677884616
0 0.48958333413461536 0.15234375 0.48005787019230767 0.155390625 0.46982253124999995 0.16262206971153845 0.45887345673076924 0.17617675721153844 0.45292052403846156 0.1855175793269231 0.4545871923076923 0.18943359375 0.4562538581730769 0.1969628894230769 0.4574459879807692 0.20961425721153845 0.4579205240384615 0.21563964903846153 0.4586342596153846 0.2231738269230769 0.46125385817307696 0.22648437500000002 0.4731558653846154 0.22498046875 0.4781520072115385 0.22227050721153846 0.4941010793269231 0.20841308653846152 0.5055246923076923 0.20027831971153848 0.5186188269230769 0.193046875 0.5202854927884615 0.1816015625 0.5174266971153846 0.16201660096153844 0.5136188269230769 0.15297851682692307 0.5034722211538462 0.14697265625 0.48958333413461536 0.15234375
0 0.7783410504807692 0.2939794927884615 0.7902662043269231 0.28356933653846156 0.7952044759615385 0.27732421874999996 0.8005516971153847 0.2715966802884615 0.8046643509615384 0.2643066394230769 0.8063078701923078 0.25337890625 0.8058989206730769 0.24869140625 0.8013734567307692 0.24452636778846154 0.7845100312500001 0.24088378846153846 0.7610648149038461 0.24712890625 0.7511921298076923 0.25181640625 0.7417322524038461 0.2606640625 0.7376195985576923 0.27315918028846153 0.7335069447115384 0.28356933653846156 0.7240470673076923 0.29814453125 0.7240470673076923 0.3111621081730769 0.7244560192307692 0.32573730528846156 0.7256905865384616 0.33614746153846153 0.7326851850961538 0.3460400384615384 0.7347415120192308 0.35280761778846154 0.7503703701923077 0.36113281249999996 0.7779282403846154 0.3460400384615384 0.7803973774038462 0.32677734375 0.776693673076923 0.3132421875 0.7771064807692307 0.30803711057692307 0.7783410504807692 0.2939794927884615
0 0.0441049375 0.26121581971153846 0.03818287019230769 0.2717138677884615 0.02752314903846154 0.28370605528846154 0.023969906250000002 0.288203125 0.023969906250000002 0.2971972644230769 0.034629629807692304 0.3076953125 0.04588348798076923 0.30544433653846154 0.056543209134615385 0.3144384759615385 0.06839120432692308 0.3166894543269231 0.07312885817307692 0.31293945192307693 0.07668209855769231 0.30169433653846156 0.0802353389423077 0.29869628846153845 0.09682098798076924 0.3076953125 0.10807484615384616 0.3181884759615385 0.11381172836538461 0.30712890625 0.11882716105769231 0.27685546875 0.12525077163461537 0.27020996153846155 0.1329513894230769 0.24247558653846155 0.1346450625 0.220703125 0.11381172836538461 0.22021484375 0.09567901201923078 0.21142578125 0.08378857932692307 0.20874511778846155 0.06957561778846154 0.20874511778846155 0.05832175961538462 0.22298828125 0.05832175961538462 0.24397460817307692 0.05003086538461539 0.25372070432692306 0.0441049375 0.26121581971153846
0 0.8599845673076923 0.38815429807692303 0.8693634254807693 0.39814453125000004 0.8910802475961539 0.3975244134615385 0.923611110576923 0.3701171875 0.9232253076923077 0.3603515625 0.9239969134615384 0.34716796875 0.9108217596153847 0.32630859375 0.9004591057692307 0.3144384759615385 0.8915895072115384 0.30810546875 0.8699845673076924 0.3115234375 0.8510802475961537 0.3291015625 0.8446836418269231 0.3419238269230769 0.8466589495192308 0.35879394471153847 0.8570216057692307 0.3737841802884615 0.8599845673076923 0.38815429807692303
0 0.4499344134615385 0.48047363221153844 0.4454783942307692 0.4726660168269231 0.43725308653846157 0.46529296875 0.4369097211538462 0.46572265625 0.4212962956730769 0.47998046875 0.4136033942307692 0.49912597596153846 0.40740740625 0.5107421875 0.41326003125 0.516044920673077 0.4180594134615384 0.5234228509615385 0.4266280865384615 0.5347021490384616 0.43518518509615384 0.53955078125 0.44598765384615385 0.5478515625 0.4560185192307692 0.5322265625 0.4749575625 0.5078027331730769 0.4653587956730769 0.49262206971153844 0.4567901225961538 0.48291015625 0.4499344134615385 0.48047363221153844
0 0.08744212980769231 0.6290283197115384 0.08053240625 0.6234082019230769 0.07411651201923077 0.6190332019230769 0.06621913461538462 0.6234082019230769 0.05832175961538462 0.6265283197115384 0.03907021634615385 0.6321533197115384 0.031666665865384615 0.6371484374999999 0.03314814903846154 0.6483935552884615 0.03314814903846154 0.6627636706730768 0.03216049278846154 0.67837890625 0.04359567788461539 0.6982421875 0.07559799278846155 0.712109375 0.08102623557692307 0.7089892572115384 0.0894174375 0.6896240240384616 0.10108024759615385 0.66162109375 0.10879629567307693 0.654296875 0.10126157451923076 0.6415234375 0.08744212980769231 0.6290283197115384
0 0.2171720673076923 0.6227587884615384 0.20295910576923076 0.6190087884615385 0.19288966105769229 0.6175097668269232 0.18518904326923075 0.6137597644230769 0.17334490624999999 0.6115136730769231 0.14491512259615386 0.6122607427884615 0.13247685096153847 0.6182568365384615 0.11885416586538462 0.633251954326923 0.10878472115384616 0.6497412115384615 0.12240740625 0.660986329326923 0.14195216105769232 0.6624853509615385 0.16505015384615385 0.6789794927884615 0.1816358028846154 0.70521484375 0.2142129639423077 0.7202050793269231 0.24027392067307693 0.7022167956730769 0.2403549375 0.6435546875 0.23842592548076924 0.6318359375 0.22665123557692307 0.6257568365384615 0.2171720673076923 0.6227587884615384