0 0.33892746875 0.645703125 0.3417939807692308 0.6869287115384615 0.36072530769230765 0.7297363269230769 0.3814467596153846 0.7579199230769231 0.4036921298076923 0.77505859375 0.42303240625 0.8019873052884615 0.4385069447115385 0.8032080072115384 0.4539814807692307 0.7946435552884614 0.48009259374999996 0.7738330072115385 0.4878279326923077 0.7322167980769231 0.4810570985576923 0.6832568365384616 0.4675192908653846 0.63796875 0.4327044759615385 0.5914599615384616 0.3833796298076923 0.546171875 0.34953317788461535 0.553515625 0.3292245360576923 0.60859375 0.33892746875 0.645703125
0 0.35609567788461544 0.37109375 0.3562924375 0.356796875 0.3549228389423077 0.3437841802884615 0.34018132692307695 0.33684081971153845 0.3322993822115385 0.3285986322115385 0.3206442908653846 0.3246923822115385 0.31378857932692306 0.3246923822115385 0.3055632716346154 0.3333691418269231 0.30350694471153844 0.3372753918269231 0.3059066346153846 0.36677246153846155 0.3069328701923077 0.3771875 0.31070601923076924 0.3941015625 0.31413194471153844 0.40451660096153846 0.31858796394230765 0.4149267572115385 0.3288695985576923 0.42013183653846153 0.3418981490384615 0.4131933605769231 0.34978009375 0.3975732427884615 0.3532060192307692 0.38369140625 0.35609567788461544 0.37109375
0 1 0.3501074230769231 0.9934259254807691 0.3436035168269231 0.9874266971153846 0.3407080072115385 0.9834104927884616 0.33984375 0.9772376538461539 0.33935546875 0.9745756177884615 0.3450488269230769 0.9737191346153846 0.3566162115384615 0.9726080240384616 0.36767578125 0.9711458341346154 0.37360839903846155 0.970003858173077 0.38481445432692307 0.9708603389423077 0.39385253846153845 0.9714313269230769 0.4003564447115385 0.9928549375 0.40867187499999996 1 0.4090332043269231 1 0.3540869134615384 1 0.3501074230769231
0 0.5375771610576924 0.7224707019230769 0.523078704326923 0.7170751947115386 0.49919753125 0.7440576177884615 0.48765432211538456 0.77392578125 0.48765432211538456 0.79443359375 0.5081018509615385 0.8076171875 0.5223765432692308 0.822265625 0.5435493822115385 0.8325732427884615 0.5623109567307693 0.8206982427884615 0.5751041658653846 0.8077490240384615 0.5821759254807692 0.7802734375 0.59375 0.74951171875 0.5787037043269231 0.72998046875 0.5589004639423076 0.7278662115384615 0.5375771610576924 0.7224707019230769
0 0.39390432211538456 0.3125 0.3907716057692308 0.2917285168269231 0.3854436730769231 0.27740722596153844 0.36589892067307694 0.24817382932692308 0.3487191346153846 0.21369140625 0.3374691346153846 0.20994140625 0.3250308653846154 0.20919433653846153 0.3191049375 0.21144043028846154 0.30516975240384614 0.2255859375 0.29896990625000003 0.24817382932692308 0.29896990625000003 0.27666015625 0.3131828701923077 0.2968994134615385 0.32384259374999996 0.32020996153846154 0.3510879639423077 0.33437988221153847 0.36352623557692304 0.32838378846153843 0.39390432211538456 0.3125
0 0.10069444471153846 0.3203125 0.08731095673076922 0.3147558581730769 0.08294753125 0.30908203125 0.07207561778846154 0.29758300721153846 0.06612654326923076 0.2855322259615385 0.06017746875 0.2837255865384615 0.05327160576923077 0.28131347596153844 0.045910492788461536 0.2919921875 0.04050925961538462 0.2978515625 0.034232252403846156 0.3042089855769231 0.029706790865384615 0.3125 0.02447144951923077 0.3207763677884615 0.032326389423076925 0.33764648557692306 0.03946759375 0.34698730528846156 0.04636959855769231 0.34668456971153844 0.05375 0.34548339903846154 0.06112654326923077 0.34548339903846154 0.06898148076923077 0.34548339903846154 0.08641975240384615 0.34716796875 0.09645061778846155 0.34423828125 0.10223765384615385 0.337890625 0.1042129639423077 0.32710449278846154 0.10069444471153846 0.3203125
0 0.4727739206730769 0.616787110576923 0.48412808653846157 0.6255322259615385 0.4999228389423077 0.6261572259615384 0.5088078701923077 0.6261572259615384 0.5226273149038462 0.611162110576923 0.5408873461538461 0.5986669927884616 0.5512538581730769 0.596796875 0.5606327163461539 0.5711816394230769 0.5617283942307693 0.56494140625 0.5250771610576923 0.56884765625 0.5003858028846154 0.587890625 0.47222222115384616 0.6015625 0.4727739206730769 0.616787110576923
0 0.6782407403846153 0.8408203125 0.6640625 0.8275 0.6418865745192307 0.8469287115384615 0.6342129639423076 0.8609619134615384 0.61459490625 0.88794921875 0.6128896610576923 0.9030615240384615 0.6128896610576923 0.927890625 0.6188271610576923 0.95263671875 0.6419753076923077 0.96728515625 0.6917438269230769 0.99951171875 0.7071759254807692 0.96337890625 0.7017746923076923 0.8935546875 0.690586420673077 0.8623046875 0.6782407403846153 0.8408203125
0 0.9168364206730769 0.6356445312500001 0.9294097211538461 0.66134765625 0.9390779326923078 0.67603515625 0.95455246875 0.7054150384615384 0.9738927475961539 0.7176513677884616 0.9913040120192308 0.7213232427884615 1 0.7201025384615385 0.9980709879807693 0.5866845697115385 0.9835648149038462 0.57322265625 0.94294753125 0.5756689447115385 0.9284413581730769 0.5952539062500001 0.9168364206730769 0.6356445312500001
0 0.2538966057692308 0.7229785168269232 0.27521605048076925 0.70423828125 0.2876543221153846 0.6907470697115384 0.2876543221153846 0.6810009759615384 0.28173225240384614 0.6750048822115384 0.26692515384615384 0.6712548822115385 0.24797067788461538 0.6705078124999999 0.23020447596153845 0.6705078124999999 0.22131944471153847 0.6720068365384615 0.20947530769230768 0.6839990240384615 0.20947530769230768 0.7102392572115386 0.21243441346153846 0.7274804687499999 0.23138888942307692 0.74171875 0.2538966057692308 0.7229785168269232
0 0.5829398149038462 0.2549707019230769 0.583433641826923 0.24060058653846153 0.5780054014423077 0.22998046875 0.5725771610576923 0.21874023317307692 0.5686265432692308 0.2168652331730769 0.5617168221153845 0.2168652331730769 0.5444444447115384 0.21936523557692308 0.5296373461538462 0.22561035096153845 0.5202584879807692 0.22936035096153845 0.5098919759615385 0.23560546875000002 0.49409722115384613 0.24372558653846152 0.4891628076923077 0.25434570192307693 0.4896566346153846 0.2699609375 0.4975540120192308 0.2749609375 0.53009259375 0.279296875 0.5469251538461538 0.2788183605769231 0.5592515432692308 0.2743359375 0.5755362644230769 0.2655908197115385 0.5829398149038462 0.2549707019230769
0 0.8837731490384615 0.25970703125 0.8784529326923077 0.2692431634615385 0.8819984567307693 0.27653808653846157 0.8826658942307692 0.2846728509615385 0.8884297836538462 0.28720214903846153 0.8984027788461538 0.2911279302884615 0.9003973774038462 0.28775878846153846 0.90625 0.2890625 0.9156905865384615 0.2958984375 0.918796295673077 0.29365234375 0.9221219134615384 0.28439453125 0.9236728389423077 0.2790625 0.930763889423077 0.26615722596153846 0.9378587956730768 0.26139160096153846 0.9436226850961538 0.2546582019230769 0.9447299375 0.24708007932692308 0.9422916658653846 0.24203125 0.9369714495192307 0.23558105528846152 0.9323186730769231 0.23361816346153846 0.92669753125 0.2314453125 0.9230054014423076 0.23698242307692308 0.9196836418269231 0.24287597596153845 0.9176851850961539 0.24680175721153846 0.9037229927884615 0.24736328125 0.8937461418269231 0.24483886778846153 0.8882060192307691 0.24848632692307693 0.8837731490384615 0.25970703125
0 0.07787422836538462 0.15712402403846154 0.06224537019230769 0.15295898557692308 0.05237268509615385 0.15035644471153847 0.033564814903846156 0.1552734375 0.029753086538461537 0.16389160096153846 0.0153549375 0.18575683653846153 0.010420524038461538 0.20137206971153845 0.014533177884615386 0.21854980528846155 0.029753086538461537 0.2346875 0.03756558653846154 0.23885253846153848 0.047438271634615385 0.23364746153846155 0.05854166586538461 0.21178222596153845 0.07787422836538462 0.2055371105769231 0.08939043269230769 0.20449706971153844 0.10008487740384615 0.19147949278846152 0.10008487740384615 0.182109375 0.0918595673076923 0.1696191394230769 0.07787422836538462 0.15712402403846154
0 0.8475231490384616 0.49930175721153847 0.8455246923076923 0.5061718749999999 0.8540933653846154 0.5133984375 0.8698032403846153 0.5365380865384616 0.8829436730769231 0.5535253894230769 0.89665509375 0.567265625 0.8972260793269231 0.5643701177884616 0.8977970673076924 0.554609375 0.8989390432692308 0.5419580072115384 0.9152199062499999 0.5368994134615385 0.9043209879807693 0.5302734375 0.8829436730769231 0.49279296875 0.8735185192307693 0.4891796875 0.8512384254807692 0.4938769519230769 0.8475231490384616 0.49930175721153847
0 0.7063233028846153 0.2507177740384615 0.7016589495192308 0.2601660168269231 0.6969945985576923 0.269609375 0.6918634254807692 0.285546875 0.6923302475961539 0.29204101682692307 0.7002584879807692 0.3032519519230769 0.7133179014423077 0.3008935552884615 0.7315084879807692 0.2926269519230769 0.7492322524038462 0.2890869134615385 0.7557600312499999 0.27905273557692306 0.7627546298076923 0.26665527403846156 0.7669521610576923 0.24540527403846155 0.7627546298076923 0.24068359375 0.7552932091346154 0.2365527331730769 0.7431674374999999 0.23005859374999998 0.7319753076923077 0.22888183653846153 0.7095871923076923 0.23891601682692307 0.7095871923076923 0.24540527403846155 0.7063233028846153 0.2507177740384615
0 0.3917476850961539 0.19395019471153846 0.40055555528846154 0.19515625 0.4122183653846154 0.19786621153846154 0.4165046298076923 0.19274413942307692 0.4269753076923077 0.18039550721153846 0.43268904326923074 0.17075195192307693 0.4315007716346154 0.16171875000000002 0.42673996875000003 0.15689453125 0.4150771610576923 0.15448730528846152 0.40531635817307693 0.15448730528846152 0.3917476850961539 0.15418456971153846 0.38317901201923077 0.15418456971153846 0.3769290120192308 0.1572265625 0.3719945985576923 0.1668359375 0.3781828701923077 0.18220214903846152 0.38317901201923077 0.19033691346153844 0.3872260793269231 0.19666015625 0.3917476850961539 0.19395019471153846
0 0.07131558653846154 0.2984863269230769 0.0827391971153846 0.3053564447115385 0.0898804014423077 0.30029296875 0.09530864182692309 0.2905322259615385 0.10216435096153845 0.2793261706730769 0.09988040144230768 0.26848144471153845 0.08559799278846153 0.26341796875 0.06960262259615385 0.2514892572115385 0.053321759615384615 0.24317382932692308 0.044467593750000006 0.23703125 0.039324846153846155 0.23630859375 0.03818287019230769 0.2373925793269231 0.027615740384615388 0.25185058653846154 0.02561342548076923 0.2565527331730769 0.027615740384615388 0.26414062499999996 0.03618441346153846 0.28474609375 0.040752314903846155 0.29595703125 0.05503472115384615 0.2836621105769231 0.06445987740384615 0.28547363221153843 0.07131558653846154 0.2984863269230769
0 0.44516975240384615 0.41509765625 0.4472260793269231 0.40945800721153847 0.45682484615384616 0.40338867067307693 0.4612808653846154 0.37692382932692303 0.46641975240384614 0.36998535096153845 0.4890432091346154 0.3825634759615385 0.4996682091346154 0.3895068365384615 0.5068672836538461 0.3938427740384615 0.5164621923076923 0.39861328125 0.5291473774038461 0.4055566418269231 0.5411419759615385 0.40642578125 0.5538233028846153 0.3938427740384615 0.5689043221153847 0.38083007932692303 0.5601851850961539 0.36865234375 0.5478395072115385 0.3603515625 0.5347222211538462 0.359375 0.5246913581730769 0.36376953125 0.5142746923076923 0.37451171875 0.5146604927884615 0.35791015625 0.5273919759615384 0.326171875 0.54205246875 0.31982421875 0.5377160504807692 0.30751464903846154 0.5274305552884615 0.29927246153846154 0.5195486105769231 0.29840820192307693 0.49761188221153846 0.29840820192307693 0.48835648076923077 0.301875 0.4667631177884616 0.31662597596153846 0.4619637355769231 0.3235693365384616 0.44653935096153846 0.35046386778846156 0.44516975240384615 0.35740234374999996 0.42494598798076927 0.38603515624999996 0.42391975240384616 0.4098925769230769 0.43008873557692306 0.42377441346153844 0.43865740625 0.4263769543269231 0.44516975240384615 0.41509765625
0 0.8486342596153846 0.3556689447115385 0.8338271610576923 0.3700341802884616 0.8259297836538462 0.37690918028846154 0.8165509254807692 0.39814453125000004 0.8224729927884616 0.4162646490384615 0.8357986105769231 0.4300048822115385 0.8446836418269231 0.4300048822115385 0.8693634254807693 0.42750488221153843 0.878472221153846 0.419921875 0.9020061730769231 0.40576171875 0.912808641826923 0.39453125 0.9174382716346153 0.396484375 0.9232253076923077 0.40380859375 0.9378858028846154 0.40869140625 0.954861110576923 0.39501953125 0.9432870360576923 0.37890625 0.9251543221153846 0.3486328125 0.9157600312499999 0.32630859375 0.8999652788461538 0.32380859375 0.8807137355769231 0.3425488293269231 0.862453704326923 0.3506689447115384 0.8555439807692308 0.35254394471153844 0.8486342596153846 0.3556689447115385
0 0.14479552403846155 0.7154833990384616 0.15200617307692307 0.728515625 0.16358024759615386 0.72021484375 0.1778549375 0.716796875 0.18566357932692307 0.7237304687499999 0.1933641971153846 0.7252294927884615 0.2004706778846154 0.7124853509615385 0.20343364182692308 0.6952441418269231 0.20343364182692308 0.6780029302884615 0.20165509375000001 0.6592626947115385 0.2004706778846154 0.6525146490384616 0.1909953701923077 0.6337744134615384 0.17914737740384615 0.6225341802884615 0.1566396610576923 0.6105371105769231 0.14775848798076924 0.6052929687499999 0.1382793221153846 0.6052929687499999 0.12702546394230768 0.6255322259615385 0.12584105048076924 0.651015625 0.13040123557692307 0.6796875 0.13709490625 0.7004931634615384 0.14479552403846155 0.7154833990384616
0 0.745659721153846 0.8201025384615386 0.7746720673076923 0.8470263677884616 0.8114197524038461 0.865390625 0.8384992283653846 0.866611326923077 0.8520408942307692 0.8519238269230769 0.9119984567307693 0.7784863269230768 0.9477816346153846 0.7540039062499999 0.9603549375 0.7417675769230769 0.9642245360576923 0.7148388677884616 0.934243826923077 0.6683251947115385 0.9090972211538462 0.6169189447115385 0.888788579326923 0.5728564447115384 0.8588078701923076 0.5214453124999999 0.8472029326923077 0.5006396490384616 0.8220601850961539 0.46514160096153845 0.7998148149038461 0.42720214903846154 0.7737037043269231 0.43821777403846157 0.75919753125 0.45290527403846154 0.7330864206730769 0.46514160096153845 0.693433641826923 0.4761572259615384 0.6750578701923077 0.4994140625 0.67892746875 0.6683251947115385 0.6682908942307692 0.7123876947115384 0.6740933653846154 0.74666015625 0.7040740745192308 0.77970703125 0.745659721153846 0.8201025384615386
0 0.7112692908653847 0.35741699278846156 0.7191666658653847 0.3567919927884615 0.7255864206730769 0.3542919927884615 0.7276234567307692 0.33984375 0.7285455240384615 0.3274316418269231 0.7290393509615385 0.32306152403846156 0.7206481490384615 0.32118652403846154 0.7106481490384616 0.32421875 0.7067901225961539 0.3271484375 0.6979166658653846 0.33251953125 0.694058641826923 0.3349609375 0.6936728389423077 0.3447265625 0.6964621923076924 0.35616699278846153 0.70732253125 0.35741699278846156 0.7112692908653847 0.35741699278846156
0 0.27777777884615384 0.4541015625 0.2993827163461539 0.44189453125 0.29976851923076925 0.4326171875 0.2966820985576923 0.42578125 0.29089506249999997 0.4228515625 0.27700617307692305 0.41357421875 0.25231481490384616 0.4189453125 0.2357253076923077 0.427734375 0.22222222115384616 0.43798828125 0.21990740625 0.4521484375 0.21942515384615383 0.46488769471153846 0.23778549278846153 0.4678857427884615 0.24252314903846153 0.47238281249999997 0.2519984567307692 0.47088378846153844 0.2662037043269231 0.46337890625 0.2792438269230769 0.460390625 0.27777777884615384 0.4541015625
0 0.0606674375 0.6238818365384616 0.07850694471153846 0.610927735576923 0.09080246874999999 0.61173828125 0.10110725240384616 0.6057128894230769 0.10892746875 0.5967138677884616 0.11319058653846154 0.5778271490384616 0.10821759375 0.5571337884615384 0.10570987740384616 0.53857421875 0.08641975240384615 0.5283203125 0.0721450625 0.53369140625 0.04436728365384616 0.56103515625 0.03202160576923077 0.572265625 0.01084490625 0.5886181634615385 0.01937114182692308 0.6102099615384615 0.03858024759615385 0.6298828125 0.046593365384615386 0.6200146490384615 0.053487653846153844 0.6217236322115384 0.0606674375 0.6238818365384616
0 0.14120370432692309 0.25390625 0.14055941346153847 0.24049316346153848 0.1364467596153846 0.23572265625 0.13610339423076923 0.23008300721153846 0.13310185096153845 0.21923828125 0.11226851923076923 0.22412109375 0.10300925961538462 0.228515625 0.08023148076923078 0.23658691346153848 0.07234953605769232 0.24266113221153846 0.06926311778846153 0.24916992307692307 0.06960648076923076 0.2535058581730769 0.07986111057692308 0.2587890625 0.09497299278846152 0.2665234375 0.10030864182692308 0.2705078125 0.10108024759615385 0.283203125 0.11074074038461539 0.2825732427884616 0.12547839423076923 0.27302734375 0.13473379567307692 0.26478515625 0.14120370432692309 0.25390625
0 0.6500077163461538 0.08369140624999999 0.6540547836538462 0.07344726442307692 0.6647685192307692 0.06380859375 0.6661959879807693 0.05657714903846153 0.6643518509615384 0.04736328125 0.6550925937500001 0.037109375 0.6492939807692307 0.038203125 0.6423919759615385 0.03669433653846154 0.636203704326923 0.03609375 0.6312037043269231 0.038505860576923075 0.6259683653846154 0.04211914182692308 0.62263503125 0.05085449278846154 0.6195408942307693 0.0559765625 0.6176388894230769 0.07133788942307692 0.6250154326923076 0.07465331971153846 0.6366782403846154 0.08127929807692308 0.6457253076923077 0.08278808653846154 0.6500077163461538 0.08369140624999999
0 0.5710609567307693 0.1541015625 0.5746296298076923 0.14748535096153848 0.5740740745192308 0.14013671875 0.5611188269230769 0.12293945192307693 0.5489969134615384 0.11767578125 0.534336420673077 0.109375 0.5181327163461538 0.09765625 0.5082793221153846 0.09546386778846154 0.49575617307692305 0.1044921875 0.4880401225961538 0.10107421875 0.4762885793269231 0.10522461057692307 0.4685763894230769 0.11570800721153847 0.4648611105769231 0.13089355528846153 0.4598765432692308 0.14697265625 0.46334876442307693 0.17822265625 0.47723765384615385 0.17431640625 0.5088734567307692 0.1630859375 0.5384413581730769 0.16010253846153846 0.5622608028846154 0.15709960817307692 0.5710609567307693 0.1541015625
0 0.9694753076923077 0.49205566346153845 0.9777006177884615 0.48841308653846155 0.9793479927884616 0.48633300721153844 0.9727662043269232 0.47852050721153844 0.9587808653846154 0.47123535096153846 0.9579591057692307 0.47123535096153846 0.9431520072115384 0.46707031250000003 0.939861110576923 0.47748046875 0.9365702163461538 0.48737304567307693 0.9456211418269231 0.49465820192307697 0.959193673076923 0.5107958990384616 0.9596064807692308 0.50455078125 0.9694753076923077 0.49205566346153845
0 0.5243557091346154 0.19824706971153847 0.5316358028846154 0.1962890625 0.5528549375 0.19091796875 0.55169753125 0.1845703125 0.54607253125 0.17638671875 0.5428240745192308 0.17041015625 0.5216049375 0.1669921875 0.5092592596153847 0.16162109375 0.5015432091346154 0.16748046875 0.4888117283653846 0.1875 0.4848688269230769 0.20012206971153848 0.48930941346153844 0.2151171875 0.4986882716346154 0.22198730528846153 0.5332368822115384 0.22448730528846153 0.5219907403846153 0.21044921875 0.5212191346153846 0.203125 0.5243557091346154 0.19824706971153847
0 0.26300540144230766 0.559990233173077 0.2691743822115385 0.5568652331730769 0.2691743822115385 0.548017576923077 0.2712345673076923 0.5266748052884616 0.27534722115384613 0.5136621081730769 0.2815162043269231 0.5048095697115385 0.29097607932692304 0.4975244134615385 0.2942669759615385 0.4954394519230769 0.3053703701923077 0.49960449278846153 0.3094830240384615 0.49596191346153845 0.30084876442307695 0.48710937499999996 0.28809799278846154 0.48190429807692303 0.2720563269230769 0.47878418028846154 0.2588927475961538 0.47982421875000003 0.25190200721153844 0.48138671875 0.23215663461538463 0.48710937499999996 0.2222878076923077 0.5016894519230769 0.21731481490384616 0.51728515625 0.21913580288461537 0.53466796875 0.22067901201923076 0.55810546875 0.23915123557692308 0.55791015625 0.25519290144230766 0.559990233173077 0.26300540144230766 0.559990233173077
0 0.13733410576923077 0.23903808653846154 0.14140046394230768 0.24324706971153848 0.14989583413461538 0.24722168028846153 0.15673225240384614 0.2493261730769231 0.16208719230769233 0.24979492067307693 0.16707561778846153 0.2516650384615385 0.1694753076923077 0.2568066418269231 0.17113811778846152 0.2621826177884615 0.17446373557692307 0.26405761778846154 0.18351466105769232 0.2649902355769231 0.1899807091346154 0.26779785096153846 0.1940432091346154 0.26943359375 0.20198688221153846 0.27153808653846156 0.2077121923076923 0.2734082043269231 0.21787037019230768 0.27387206971153844 0.2232291658653846 0.2703662115384616 0.22840277884615384 0.2579785168269231 0.23135802403846156 0.24979492067307693 0.23190972115384617 0.24067871153846154 0.2343132716346154 0.23155761778846154 0.2374537043269231 0.2266503918269231 0.24151620432692308 0.22478027403846154 0.24613425961538463 0.22197265625 0.24631944471153847 0.21846679807692307 0.24668981490384614 0.21355956971153847 0.24668981490384614 0.21122070192307693 0.24188657451923076 0.20210449278846154 0.23688271634615385 0.19921875 0.22636959855769231 0.1885449206730769 0.2232291658653846 0.1833984375 0.21952160576923077 0.17724609375 0.21029706730769232 0.16773437500000002 0.20863811778846156 0.16306152403846155 0.2040200625 0.15534668028846152 0.19903163461538462 0.14926757692307693 0.19256558653846156 0.14529296875 0.19090277884615384 0.14599609375 0.18813271634615386 0.14810058653846153 0.1855478389423077 0.15207519471153846 0.18240740625 0.15698242307692306 0.18148148076923076 0.15979003846153847 0.18148148076923076 0.16095703125 0.1759413581730769 0.1637597644230769 0.16300925961538462 0.17007324278846153 0.15599151201923078 0.169140625 0.14841820913461537 0.18503418028846155 0.14454089423076924 0.1880761730769231 0.13973765384615386 0.19742675721153846 0.13400848798076923 0.22478027403846154 0.13733410576923077 0.23903808653846154
0 0.6092476850961538 0.652392576923077 0.6235609567307693 0.6280273437499999 0.6334336418269231 0.609287108173077 0.651203704326923 0.5986669927884616 0.65959490625 0.592421875 0.6558641971153846 0.5869140625 0.6516203701923077 0.58447265625 0.64544753125 0.58056640625 0.6180555552884616 0.56591796875 0.5998726850961538 0.5605615240384615 0.5783179014423078 0.5595703125 0.5679012355769231 0.56201171875 0.5584104927884616 0.578056639423077 0.5534760793269231 0.589296875 0.5501543221153846 0.6005859375 0.5485378076923078 0.6024169927884615 0.5485378076923078 0.6186572259615384 0.5534760793269231 0.63365234375 0.564826389423077 0.6505175793269231 0.5855555552884616 0.6530175793269231 0.5998726850961538 0.6542675793269231 0.6092476850961538 0.652392576923077
0 0.09259259375 0.3466796875 0.07793209855769231 0.3486328125 0.052280093750000006 0.34322265625 0.04233024759615385 0.3441259759615385 0.040906634615384616 0.3540185552884615 0.04019675961538461 0.3783056634615385 0.04588348798076923 0.3944970697115385 0.062229937500000006 0.3980957019230769 0.07431327163461539 0.40529296875000004 0.08294753125 0.40087890625 0.10532407451923077 0.37744140625 0.10842978365384615 0.35761718750000004 0.10487654326923077 0.3504199206730769 0.09259259375 0.3466796875
0 0.3846720673076923 0.4562402355769231 0.3747993822115384 0.4643652355769231 0.36196759375 0.47685546874999996 0.3560455240384615 0.48310546875000004 0.35653935096153844 0.49372070192307693 0.35999228365384617 0.5012207019230769 0.36690586538461534 0.5093408197115384 0.3733217596153846 0.5037158197115384 0.38911651201923075 0.5012207019230769 0.4044174375 0.5012207019230769 0.4330439807692308 0.5018457019230769 0.43995370432692305 0.4993457019230769 0.44538194471153847 0.4974707019230769 0.4481790120192307 0.4907568365384615 0.4335378076923077 0.46561035096153847 0.4278549375 0.44970703125 0.40625 0.4404296875 0.39544753125 0.455078125 0.3846720673076923 0.4562402355769231
0 0.5606327163461539 0.614912108173077 0.5537229927884615 0.6024169927884615 0.5384220673076923 0.6011669927884615 0.5226273149038462 0.611162110576923 0.5137422836538461 0.6224072259615384 0.5063387355769231 0.63365234375 0.49893518509615387 0.6417724615384616 0.48906249999999996 0.6542675793269231 0.4806712956730769 0.6655078125 0.4786998461538462 0.6717578125 0.48363425961538464 0.6848730456730769 0.4910378076923077 0.6954931634615384 0.4994290120192308 0.70673828125 0.5083140432692308 0.70923828125 0.5275617283653846 0.70298828125 0.5571759254807692 0.6736328125 0.5571759254807692 0.6611376947115384 0.5606327163461539 0.6367724615384615 0.5606327163461539 0.614912108173077
0 0.5740740745192308 0.21875 0.5760030865384616 0.2255859375 0.5794753076923077 0.2314453125 0.5810185192307692 0.236328125 0.5837191346153846 0.2412109375 0.5898919759615384 0.224609375 0.5983796298076923 0.2138671875 0.6000192908653846 0.2014355480769231 0.6033950625 0.19189453125 0.6003086418269231 0.18701171875 0.59259259375 0.1865234375 0.5787962956730769 0.18894043028846155 0.5699112644230769 0.19019043028846155 0.5520833341346154 0.19189453125 0.5304243822115384 0.19706054567307693 0.5243557091346154 0.19824706971153847 0.5212191346153846 0.20849609375 0.5279552475961539 0.21705078125000002 0.5374228389423077 0.220703125 0.5617168221153845 0.2168652331730769 0.5740740745192308 0.21875
0 0.5643479927884616 0.36955566346153845 0.5774884254807693 0.3753417980769231 0.5889120360576923 0.37642578125 0.5997646610576923 0.37208984375000004 0.6083333341346153 0.3670263677884616 0.6149035504807693 0.35834960817307693 0.6140470673076923 0.3475048822115384 0.6140470673076923 0.3391894519230769 0.6109066346153846 0.32834472596153846 0.6023379639423078 0.31966796875000003 0.5923379639423076 0.31497070192307697 0.5817708341346154 0.31388671875 0.5732021610576923 0.3131640625 0.5597762355769231 0.3175 0.5523495360576923 0.320390625 0.5412114206730769 0.32147949278846155 0.5277854927884615 0.32617675721153844 0.5215007716346154 0.34569824278846156 0.5117901225961539 0.3699169927884615 0.5135030865384616 0.3717285144230769 0.522361110576923 0.3619677740384616 0.5297839495192307 0.35726562500000003 0.5432098774038462 0.3576269519230769 0.5560648149038461 0.36269043028846154 0.5643479927884616 0.36955566346153845
0 0.13580246875000002 0.50390625 0.1392746923076923 0.52099609375 0.13734567788461538 0.53076171875 0.14120370432692309 0.54296875 0.1469521610576923 0.5442724615384615 0.17040509375000001 0.54787109375 0.19243827163461538 0.54787109375 0.21091820913461537 0.54697265625 0.22183642067307693 0.5361328125 0.21731481490384616 0.51728515625 0.20023148076923075 0.494140625 0.14979552403846152 0.49389648557692306 0.13700231490384615 0.49569824278846153 0.13580246875000002 0.50390625
0 0.9152469134615384 0.535234375 0.9295293221153845 0.537041014423077 0.9352430552884615 0.5337890625 0.9455246923076923 0.53017578125 0.9555208341346154 0.529814451923077 0.96009259375 0.5233056634615385 0.9572376538461539 0.509931639423077 0.9369560192307692 0.4871533197115384 0.9326736105769231 0.4781152355769231 0.9186766971153847 0.4726953125 0.9015393509615385 0.4614892572115385 0.8963966057692307 0.4632958990384616 0.88896990625 0.47197265624999996 0.8801157403846154 0.47197265624999996 0.8715470673076923 0.48028808653846156 0.8721180552884615 0.49077148557692307 0.8818287043269231 0.492578125 0.9047067908653846 0.5302734375 0.9152469134615384 0.535234375
0 0.32393132692307697 0.7968212884615385 0.31665123557692304 0.800703125 0.31665123557692304 0.8040966802884615 0.3101388894230769 0.8103955072115384 0.2916666658653846 0.81640625 0.2901234567307692 0.82421875 0.2943672836538461 0.8447265625 0.29398148076923075 0.859375 0.29788194471153845 0.8627539062499999 0.3024691346153846 0.86279296875 0.3024807091346154 0.8743847644230769 0.3032445985576923 0.8884472668269231 0.30899305528846155 0.89474609375 0.30937499999999996 0.8957177740384614 0.32125 0.8928076177884615 0.33350694471153847 0.8845654302884616 0.3381018509615385 0.8821435552884616 0.3453780865384615 0.8821435552884616 0.3534220673076923 0.8831103509615384 0.3645293221153846 0.8831103509615384 0.3733410504807692 0.8797167980769232 0.37678626442307694 0.87583984375 0.3787037043269231 0.87341796875 0.37946759375 0.8661474615384616 0.37985339423076925 0.8608105480769231 0.37602237740384614 0.83560546875 0.3660648149038461 0.7914892572115384 0.3626157403846154 0.7856738269230769 0.3526581778846154 0.7851904302884616 0.3518904326923077 0.7842187500000001 0.33273919711538463 0.7934277355769231 0.32393132692307697 0.7968212884615385
0 0.09458719230769232 0.832734375 0.10492669711538462 0.82982421875 0.11949845673076923 0.8308154302884615 0.13135802403846156 0.83564453125 0.13710262259615386 0.83564453125 0.149375 0.8341894519230769 0.16467978365384614 0.8337255865384615 0.1673919759615385 0.8288964855769231 0.16890817788461537 0.8181933605769232 0.17465277884615385 0.8080126947115385 0.11986496875 0.74646484375 0.09881558653846154 0.7261035144230769 0.08371913461538462 0.7216796875 0.07368827163461539 0.72021484375 0.05606867307692308 0.7336669927884615 0.05515046394230769 0.7458837884615386 0.05515046394230769 0.75751953125 0.05555555528846154 0.7900390625 0.059799382211538465 0.83056640625 0.07583333413461538 0.8288964855769231 0.08883873557692307 0.8288964855769231 0.09458719230769232 0.832734375
0 0.2535493822115385 0.05736328125 0.25983410576923077 0.049409180288461536 0.2658333341346154 0.046157225961538456 0.2661188269230769 0.04434570192307692 0.26211805528846155 0.0367578125 0.2532638894230769 0.02555175721153846 0.24955246875 0.01904296875 0.2421257716346154 0.02048828125 0.23612654326923074 0.023740233173076924 0.22327160576923077 0.03024902403846154 0.22127314903846151 0.03241699278846154 0.21756172836538462 0.0367578125 0.21670138942307693 0.037841798076923075 0.21241898076923077 0.040371093749999996 0.21184799278846153 0.04543456971153846 0.21042052403846154 0.055556641826923076 0.21042052403846154 0.06169921875 0.21756172836538462 0.07543945192307693 0.22841435096153845 0.07073730528846153 0.2426967596153846 0.06567871153846154 0.24669367307692308 0.0638671875 0.2535493822115385 0.05736328125
0 0.12140046394230769 0.4881982427884616 0.13976080288461537 0.4881982427884616 0.14686728365384616 0.48669921875 0.1474614206730769 0.4739599615384616 0.13857638942307693 0.4552197259615385 0.1184375 0.4499707043269231 0.11666280769230769 0.4499707043269231 0.09889274759615385 0.45221679567307693 0.07697916586538461 0.45446777403846156 0.0704629639423077 0.45896484374999996 0.06513117307692308 0.47096191346153843 0.06749999999999999 0.4799560552884615 0.07638503125 0.4986962884615384 0.09592978365384616 0.5076904302884615 0.10836805528846154 0.4971972644230769 0.12140046394230769 0.4881982427884616
0 0.4444097211538462 0.19256347596153847 0.43898148076923077 0.1958203125 0.43041280769230766 0.2019628918269231 0.42441743750000005 0.20919433653846153 0.42869984615384615 0.2200390625 0.43241512259615383 0.23558593749999998 0.438125 0.24570800721153846 0.4469791658653846 0.25329589903846156 0.45440586538461536 0.2558300793269231 0.46069058653846157 0.25799804567307694 0.46354938221153846 0.25799804567307694 0.46783179086538457 0.2522119134615385 0.47440200721153847 0.24498535096153845 0.4843981490384615 0.23052246153846154 0.4878279326923077 0.23052246153846154 0.4878279326923077 0.2229296875 0.47954475240384614 0.20666503846153847 0.4698302475961539 0.19473144471153844 0.4569791658653846 0.19220214903846153 0.4444097211538462 0.19256347596153847
0 0.5148109567307693 0.4059033197115385 0.4983603389423077 0.3960107427884615 0.4934220673076923 0.38872558653846156 0.48231867307692305 0.37831543028846154 0.4732677475961538 0.3741503894230769 0.4658641971153846 0.37050293028846154 0.4609297836538462 0.37466796874999997 0.4584606490384615 0.39497070192307693 0.4547608028846154 0.4105859375 0.4490007716346154 0.4371386706730769 0.44159722115384614 0.4694140625 0.44159722115384614 0.48346679567307693 0.4481790120192307 0.4907568365384615 0.47162422836538465 0.48138671875 0.48478780769230767 0.48710937499999996 0.4942476850961538 0.48971679807692303 0.5012384254807692 0.4907568365384615 0.5045293221153846 0.4928369134615384 0.5341435192307692 0.46160644471153844 0.5349652788461539 0.4387011706730769 0.5292091057692307 0.4267236322115385 0.5230362644230769 0.41787597596153847 0.5148109567307693 0.4059033197115385
0 1 0.4124121081730769 0.9908641971153845 0.4061621081730769 0.9752353389423077 0.40304199278846153 0.9657754639423076 0.40251953125 0.9513773149038461 0.4061621081730769 0.9439737644230769 0.4144921875 0.9378047836538462 0.4181347668269231 0.9221759254807692 0.4332324206730769 0.9172376538461537 0.4472900384615385 0.9176504639423076 0.45405761778846154 0.91888503125 0.45821777403846153 0.9324575625 0.47123535096153846 0.9382716057692307 0.4697265625 0.940586420673077 0.47021484375 0.9550810192307692 0.4681103509615384 0.9620717596153846 0.4733154302884615 0.9801697524038461 0.4826855480769231 0.9867515432692309 0.4826855480769231 0.9953896610576923 0.4780029302884615 1 0.47123535096153846 1 0.4707128918269231 1 0.4332324206730769 1 0.4124121081730769
0 0.6492283942307692 0.3625390625 0.6482407403846153 0.3787792980769231 0.6620601850961538 0.38815429807692303 0.6763734567307692 0.3900244134615385 0.6793364206730769 0.3875292956730769 0.6793364206730769 0.3787792980769231 0.6847646610576923 0.37128418028846155 0.6808179014423076 0.36503906249999996 0.66896990625 0.3606640625 0.661566358173077 0.35816894471153843 0.6492283942307692 0.3625390625
0 0.5865432091346153 0.7323486322115385 0.5914814807692308 0.7261035144230769 0.5914814807692308 0.7173583990384615 0.5924691346153846 0.691748048076923 0.5939467596153846 0.6767529302884616 0.5939467596153846 0.6680078125000001 0.5868055552884616 0.64794921875 0.5766743822115384 0.6542675793269231 0.5658140432692308 0.6561376947115385 0.5490316346153846 0.6842480456730768 0.5421219134615385 0.7129882812499999 0.5515007716346154 0.7298535144230769 0.5759567908653846 0.7332666009615385 0.5865432091346153 0.7323486322115385
0 0.3234683653846154 0.5249560552884616 0.31310570913461533 0.5218310552884615 0.3042206778846154 0.5262060552884615 0.29533564903846155 0.5411962884615384 0.29089506249999997 0.5493212884615384 0.28842592548076923 0.5655615240384615 0.28842592548076923 0.5861767572115385 0.29533564903846155 0.6067919927884615 0.30619598798076925 0.62927734375 0.31853394951923075 0.6367724615384615 0.3377816346153846 0.6398974615384615 0.33728780769230765 0.62865234375 0.3356481490384615 0.5966796875 0.34220679086538464 0.57080078125 0.3407445985576923 0.5499462884615385 0.3333410504807693 0.539951170673077 0.3234683653846154 0.5249560552884616
0 0.786786264423077 0.3374267572115385 0.78728009375 0.3268066394230769 0.7862924375 0.3193115240384615 0.77790509375 0.31119140624999997 0.7616165120192308 0.30994140625 0.7552006177884615 0.31056640625000004 0.7384182091346154 0.31618652403846154 0.7339737644230768 0.3255566418269231 0.7349614206730769 0.348671875 0.7433526225961539 0.35554199278846155 0.7650694447115385 0.346796875 0.7783989206730768 0.34492187500000004 0.786786264423077 0.3374267572115385
0 0.4263117283653846 0.21714843749999999 0.41464892067307696 0.21534179807692308 0.40779320913461536 0.22314453125 0.40470679086538464 0.2265625 0.4027469134615385 0.23160644471153846 0.4034606490384615 0.2388378894230769 0.40488811778846157 0.24546386778846155 0.40393518509615384 0.2545019543269231 0.4051273149038461 0.2614306634615385 0.4096489206730769 0.2677587884615385 0.4213117283653846 0.27709472596153845 0.42531250000000004 0.27770019471153845 0.4278549375 0.27001953125 0.4355941346153846 0.26203613221153843 0.4360686730769231 0.25118652403846153 0.43488040144230766 0.24154785096153847 0.43178626442307694 0.23010253846153847 0.4263117283653846 0.21714843749999999
0 0.7220910504807693 0 0.7147800937500001 0.0022998052884615383 0.713881173076923 0.009609375 0.7092631177884615 0.011069336538461538 0.7052469134615384 0.0146484375 0.6997723774038461 0.020649413461538462 0.6975308653846154 0.0224609375 0.6959876538461539 0.02685546875 0.6914313269230768 0.03314941346153846 0.6902777788461538 0.035585937500000005 0.6666666658653846 0.05517578125 0.6662808653846154 0.06982421875 0.6589776225961538 0.08363769471153847 0.6569251538461539 0.08997070432692308 0.6621875 0.09841308653846154 0.6706520072115385 0.10539550721153847 0.6742438269230769 0.10376953125 0.6782214495192308 0.10101074278846153 0.6868132716346154 0.09841308653846154 0.694641204326923 0.09240722596153847 0.719911264423077 0.07812011778846153 0.7242708341346155 0.07146484375 0.7378703701923077 0.06562011778846154 0.7469753076923078 0.06253418028846154 0.7527469134615384 0.059609375 0.7586496923076923 0.047270507211538464 0.7553124999999999 0.04175293028846154 0.7518518509615385 0.03282226682692308 0.74415509375 0.022431641826923074 0.7364583341346154 0.01220703125 0.728888889423077 0.00392578125 0.7258101850961538 0 0.724911264423077 0 0.7220910504807693 0
0 0.6277584879807693 0.4446875 0.6203549375 0.42490234375 0.6137731490384616 0.4077246105769231 0.60513503125 0.39106933653846154 0.6010223774038461 0.38273925721153845 0.5969097211538462 0.37805175721153844 0.5816898149038462 0.3790917980769231 0.5722299375 0.38481933653846156 0.5640046298076923 0.3900244134615385 0.5594791658653846 0.39106933653846154 0.5533101850961539 0.39471191346153844 0.5467283942307692 0.4077246105769231 0.5422067908653846 0.4285498052884616 0.5397376538461539 0.4394775384615385 0.5364467596153847 0.45561523557692307 0.5331558653846155 0.4681103509615384 0.5331558653846155 0.4738378894230769 0.5405594134615385 0.48216796875 0.5459066346153846 0.4842480480769231 0.5508449062499999 0.47435546875 0.58294753125 0.4462890625 0.6026697524038462 0.4493701177884616 0.6203703701923077 0.45263671875 0.6277584879807693 0.4446875
0 0.5645794759615385 0.536201173076923 0.5581635793269231 0.5162109375 0.5547106490384615 0.4987207043269231 0.5487847211538461 0.48997558653846157 0.5433564807692307 0.48622558653846154 0.5300308653846154 0.47623046874999997 0.5226273149038462 0.47748046875 0.5104166658653846 0.4970703125 0.5007716057692307 0.50244140625 0.4930131177884615 0.5187109375 0.4930131177884615 0.531826173076923 0.5003858028846154 0.5400390625 0.5043634254807693 0.55306640625 0.5246026225961539 0.5668115240384616 0.5413811730769231 0.5636865240384615 0.5635918221153846 0.5568164062500001 0.5670486105769231 0.5474462884615384 0.5645794759615385 0.536201173076923
0 0.4221026225961539 0.34369628846153844 0.4319753076923077 0.34369628846153844 0.43649691346153846 0.32912109375000004 0.43649691346153846 0.3161035168269231 0.43732253125000004 0.3010107427884615 0.4344405865384615 0.2921582043269231 0.43238425961538457 0.28747558653846156 0.4126427475961538 0.2812255865384615 0.40606095673076925 0.28695312500000003 0.39891975240384614 0.2939453125 0.3946759254807692 0.31201171875 0.37809027884615387 0.32443359374999997 0.37768132692307693 0.3312011706730769 0.37809027884615387 0.33953125 0.3830285504807692 0.3520263677884615 0.3916666658653846 0.36711914182692307 0.4035918221153846 0.3733691394230769 0.4142862644230769 0.3416113269230769 0.4221026225961539 0.34369628846153844
0 0.8504089495192309 0.1914453125 0.8501234567307693 0.1758984375 0.8484104927884615 0.17083984375 0.8375540120192307 0.17264648317307693 0.8327006177884615 0.17264648317307693 0.8258449062500001 0.17625976442307692 0.8218441346153846 0.17915527403846154 0.8181327163461538 0.18204589903846152 0.814421295673077 0.18782714903846154 0.8078703701923077 0.20166015625 0.8004243822115384 0.20988281250000002 0.7975655865384615 0.22036621153846153 0.7989969134615384 0.22542480528846154 0.8032793221153847 0.23012695432692307 0.8138464495192307 0.23301757932692307 0.8289853389423077 0.23084960817307693 0.8415547836538462 0.22687011778846153 0.8484104927884615 0.21494140625000002 0.8501234567307693 0.20481933653846152 0.8504089495192309 0.1914453125
0 0.33356095673076924 0.2168359375 0.3593479927884615 0.21071777403846154 0.3714390432692308 0.20357910096153847 0.3738541658653846 0.18521484375 0.3577353389423077 0.16073730528846156 0.3295293221153846 0.13829589903846154 0.29890432211538465 0.11789550721153846 0.27311728365384613 0.10259765625 0.23765432211538462 0.09545898557692307 0.2046103389423077 0.11075683653846154 0.1852700625 0.12299804807692308 0.19896990625 0.15053711057692307 0.22959490625 0.189296875 0.26747299278846154 0.2096972644230769 0.30454475240384615 0.21377441346153844 0.33356095673076924 0.2168359375
0 0.6234567908653846 0.80859375 0.6452970673076923 0.8026757812499999 0.6580941346153846 0.79080078125 0.67259259375 0.7800048822115385 0.6700347211538461 0.7735302740384615 0.6597993822115384 0.7627343750000001 0.6384760793269231 0.7594970697115385 0.6195987644230769 0.7568359375 0.6010802475961539 0.76171875 0.5848765432692308 0.77685546875 0.5806327163461538 0.80224609375 0.6006944447115384 0.81298828125 0.6145833341346154 0.8095703125 0.6234567908653846 0.80859375
0 0.8655787043269231 1 0.8539737644230769 0.9743212884615384 0.8375347211538462 0.9253662115384615 0.8201234567307693 0.894765625 0.8075540120192308 0.887421875 0.7882098774038462 0.8825244134615384 0.7601658942307693 0.887421875 0.7427584879807692 0.8935400384615384 0.7098765432692308 0.9131250000000001 0.69053240625 1 0.705038579326923 1 0.744691358173077 1 0.8065856490384615 1 0.8539737644230769 1 0.8655787043269231 1
0 0.21680941346153848 0.3331787115384615 0.21990740625 0.31591796875 0.22106481490384616 0.3017578125 0.2232253076923077 0.288828125 0.2283950625 0.2802734375 0.2242129639423077 0.27695800721153846 0.21952160576923077 0.2744140625 0.21296296394230768 0.2744140625 0.20100308653846152 0.2802734375 0.1925154326923077 0.287109375 0.18479938221153847 0.296875 0.17534722115384616 0.3131884759615385 0.17090663461538463 0.32568359375 0.17554012259615387 0.330078125 0.1763117283653846 0.3388671875 0.17485339423076923 0.35254394471153844 0.19854552403846154 0.3550439447115385 0.2084182091346154 0.3562939447115384 0.21483410576923076 0.3462988293269231 0.21680941346153848 0.3331787115384615
0 1 0.8094873052884615 0.9645061730769231 0.8115234375 0.9317129639423077 0.8173828125 0.8953433653846155 0.8195410144230769 0.868441358173077 0.82958984375 0.8661265432692308 0.841796875 0.8518518509615384 0.85595703125 0.8699845673076924 0.93017578125 0.8692129639423077 0.97119140625 0.8811728389423077 1 1 1 1 0.8094873052884615
0 0.1145871923076923 0.6937451177884615 0.11577160576923078 0.6847509759615384 0.11991898076923077 0.6735058581730768 0.12051311778846154 0.66076171875 0.12051311778846154 0.6397753918269231 0.11814429086538461 0.6262792956730769 0.11221836538461538 0.6180322259615385 0.10030864182692308 0.611328125 0.0841049375 0.609375 0.07135030769230769 0.6187841802884615 0.06483796394230769 0.6255322259615385 0.06520061778846153 0.63671875 0.061280865384615385 0.6435205072115384 0.061875 0.66076171875 0.06602237740384616 0.67650390625 0.06957561778846154 0.6967431634615384 0.08141975240384616 0.710986326923077 0.09567901201923078 0.71484375 0.1098495360576923 0.7034912115384616 0.1145871923076923 0.6937451177884615
0 0.4036959879807692 0.4077246105769231 0.40815200721153844 0.41206543028846154 0.4208333341346154 0.40599121153846157 0.42117669711538464 0.3886376947115385 0.4228896610576923 0.3843017572115385 0.40472222115384615 0.3721533197115384 0.39409722115384616 0.3721533197115384 0.39478394951923074 0.3812646490384616 0.39547067788461543 0.3938427740384615 0.4036959879807692 0.4077246105769231
0 0.4368402788461539 0.34898925721153845 0.4368402788461539 0.3446484375 0.41559027884615385 0.34248046875000004 0.41216049278846156 0.3446484375 0.4056481490384615 0.36980956971153844 0.42175925961538463 0.38239257692307693 0.43409722115384614 0.37805175721153844 0.4368402788461539 0.36677246153846155 0.4368402788461539 0.34898925721153845
0 0.8007137355769232 0.28013671875 0.8056520072115384 0.27232421875 0.8134645072115384 0.26555664182692307 0.8130555552884615 0.2603515625 0.8072955240384616 0.2593115240384615 0.7937229927884615 0.2587890625 0.7863194447115384 0.2593115240384615 0.7686342596153846 0.26087402403846155 0.7632870360576922 0.2660791009615385 0.7579398149038461 0.28013671875 0.7591705240384615 0.28950683653846154 0.7616396610576923 0.29835449278846154 0.7760378076923077 0.3004345697115384 0.7842631177884616 0.29731445192307693 0.7916666658653846 0.2926269519230769 0.8007137355769232 0.28013671875
0 0.5706018509615385 0.3125 0.5797723774038461 0.3106298822115384 0.5874845673076923 0.31352539182692307 0.5983371923076923 0.31930664182692303 0.6069058653846153 0.32075683653846154 0.6077623461538462 0.31930664182692303 0.6080478389423077 0.31533203125 0.6091936730769231 0.3019580072115385 0.6097646610576923 0.2958105480769231 0.6120486105769231 0.2817138677884615 0.6117631177884616 0.2723144543269231 0.6106211418269231 0.26472168028846155 0.60490740625 0.25712890625 0.5946257716346154 0.25568359375 0.5786304014423077 0.26219238221153846 0.5601851850961539 0.2783203125 0.5469251538461538 0.2788183605769231 0.5446373461538461 0.28388183653846155 0.5397839495192308 0.29400390625 0.5357831778846154 0.30737793028846155 0.5434953701923078 0.32075683653846154 0.5597762355769231 0.3175 0.5686304014423077 0.31677734375 0.5706018509615385 0.3125
0 0.5874228389423076 0.5631738293269231 0.640482252403846 0.5827246105769232 0.6626427475961538 0.584423829326923 0.6720447524038462 0.581025391826923 0.6780902788461538 0.5572265625 0.6807754639423076 0.5087744134615385 0.6915200625 0.4679736322115385 0.6908487644230769 0.45012695432692307 0.6693595673076923 0.43142578125000003 0.6512268509615384 0.4339746081730769 0.6391358028846154 0.4407763677884615 0.6163040120192308 0.4552246081730769 0.5927970673076923 0.4552246081730769 0.5766782403846153 0.45862793028846155 0.5558603389423077 0.4671240240384616 0.5733217596153847 0.5546728509615385 0.5807098774038462 0.558076173076923 0.5874228389423076 0.5631738293269231
0 0.7966820985576923 0.29736328125 0.7976311730769231 0.3055224615384616 0.8055131177884616 0.30898925721153847 0.818881173076923 0.3137646490384615 0.8253935192307692 0.31506347596153844 0.8476736105769231 0.3124609375 0.8589853389423077 0.3016162115384616 0.8624112644230769 0.29033691346153845 0.8600115745192307 0.27905761778846155 0.8534992283653846 0.26951660096153846 0.8459606490384615 0.26257324278846156 0.837048610576923 0.26257324278846156 0.8319058653846153 0.26951660096153846 0.8223070985576922 0.27255371153846153 0.8128858028846154 0.27001953125 0.8063271610576923 0.2763671875 0.80169753125 0.28466796875 0.7966820985576923 0.29736328125
0 0.8572685192307692 0.2716845697115385 0.8678973774038461 0.2708154302884615 0.8761226850961539 0.26864746153846153 0.8771489206730769 0.26257324278846156 0.8774922836538461 0.23915038942307693 0.8757793221153847 0.23394043028846154 0.8706365745192308 0.23133788942307693 0.8607253076923077 0.234375 0.8490432091346154 0.23611328125 0.8343055552884615 0.24479003846153846 0.8288194447115385 0.24479003846153846 0.8195679014423077 0.25346191346153846 0.8229938269230769 0.2634423822115385 0.8277932091346153 0.26604492307692307 0.8415046298076923 0.26604492307692307 0.8572685192307692 0.2716845697115385
0 0.09002314903846154 0.11032226442307692 0.09145447596153847 0.10634765625 0.09259644951923077 0.10381347596153846 0.09744984615384615 0.10272949278846154 0.09859182211538461 0.10272949278846154 0.10430555528846154 0.10272949278846154 0.10716435096153847 0.09875488221153847 0.10773533894230769 0.08176269471153846 0.10659336538461539 0.07272461057692307 0.09573688221153846 0.06622070192307693 0.07117283894230769 0.061879882211538464 0.05403549278846154 0.05790527403846154 0.044610338942307697 0.05790527403846154 0.0408950625 0.07236328125 0.041466050480769234 0.08393066346153846 0.045466822115384616 0.09911621153846153 0.049178240384615386 0.10779296875000001 0.06146219230769231 0.11574706971153846 0.07431327163461539 0.11574706971153846 0.08859567788461538 0.11863769471153847 0.08916666586538462 0.11393554807692308 0.09002314903846154 0.11032226442307692
0 0.6754591057692308 0.3359375 0.6851851850961539 0.32763671875 0.6925154326923076 0.330078125 0.6977391971153846 0.33015136778846155 0.6975308653846154 0.3271484375 0.6857407403846154 0.3222021490384615 0.6739969134615384 0.31640625 0.6585648149038461 0.314453125 0.6450617283653847 0.31103515625 0.6412037043269231 0.31396484375 0.6406134254807692 0.32256347596153845 0.638888889423077 0.3408203125 0.6450617283653847 0.34130859375 0.6535493822115386 0.34326171875 0.6640316346153846 0.34316894471153847 0.6677469134615385 0.3402734375 0.6754591057692308 0.3359375
0 0.4355439807692308 0.3268017572115385 0.4407831778846154 0.33312988221153844 0.44387731490384613 0.3406591802884616 0.44625771634615385 0.34548339903846154 0.4519714495192308 0.33734863221153844 0.45910879567307694 0.32318847596153844 0.48005787019230767 0.30541503846153845 0.5017168221153846 0.29547363221153844 0.5124305552884615 0.2945703125 0.53146990625 0.2897509759615385 0.5219483028846154 0.27619140625 0.5029089495192308 0.2713720697115385 0.4881481490384615 0.2686621105769231 0.47053626442307694 0.26173339903846154 0.4493518509615385 0.25630859375 0.43402777884615384 0.2607421875 0.4313271610576923 0.26611328125 0.42531250000000004 0.27770019471153845 0.4319753076923077 0.29125488221153845 0.43816357932692307 0.2963769519230769 0.43816357932692307 0.30662109374999996 0.4355439807692308 0.3268017572115385
0 0.7496141971153846 0.21142578125 0.7476851850961539 0.2001953125 0.7511574062499999 0.18212890625 0.7488425937500001 0.17626953125 0.7436111105769231 0.1646191394230769 0.7388117283653847 0.1520410168269231 0.7350424375 0.1459667956730769 0.7257870360576923 0.14466308653846155 0.7203047836538462 0.1468359375 0.716875 0.15291015624999998 0.7124189807692307 0.16809081971153847 0.709336420673077 0.17676757932692308 0.7069367283653847 0.18630859375 0.7045370360576922 0.19325195192307693 0.7037037043269231 0.2060546875 0.7025462956730769 0.22216796875 0.7067901225961539 0.23583984375 0.715663579326923 0.2353515625 0.7303240745192308 0.232421875 0.7439544759615385 0.23186035096153848 0.7453703701923077 0.22412109375 0.7496141971153846 0.21142578125