0 0.9396103389423077 0.3444384759615385 0.9347762355769231 0.36483886778846153 0.9251041658653846 0.3923779302884615 0.9202700625 0.4362353509615385 0.9347762355769231 0.4535791009615385 0.9476697524038461 0.45867675721153844 0.9637885793269232 0.46275878846153845 0.9984413581730769 0.45867675721153844 1 0.38727538942307693 0.9565354927884615 0.33933593749999996 0.9396103389423077 0.3444384759615385
0 0.4893595673076923 0.5679980456730769 0.48491898076923073 0.5561279302884615 0.4804745360576923 0.5511328125 0.4696180552884615 0.5380126947115385 0.45875771634615387 0.5355126947115385 0.44987268509615386 0.5367626947115385 0.4444444447115385 0.5386376947115384 0.44148148076923077 0.5473828125 0.43951003125 0.5598779302884616 0.4375347211538462 0.5786181634615384 0.4345717596153846 0.58798828125 0.4335841057692308 0.6004785144230769 0.4400038581730769 0.6160986322115385 0.44987268509615386 0.6292138677884616 0.45875771634615387 0.6310888677884615 0.4661612644230769 0.6329638677884616 0.4760339495192308 0.6348388677884615 0.48541280769230766 0.6367138677884616 0.4947878076923077 0.6285888677884616 0.5021913581730769 0.6123486322115385 0.5015432091346154 0.60400390625 0.5050154326923078 0.5908203125 0.4957754639423077 0.5792431634615385 0.4893595673076923 0.5679980456730769
0 0.5914814807692308 0.5568164062500001 0.5885185192307693 0.5443212884615385 0.5850655865384615 0.5255810552884616 0.58111496875 0.5193359375 0.5687770072115385 0.5168359375 0.5495254639423077 0.5137109375000001 0.5416280865384615 0.5243310552884616 0.52986496875 0.5368261730769232 0.5080671298076923 0.5561914062500001 0.49029706730769235 0.5755566418269231 0.5130015432692308 0.593671875 0.5258487644230769 0.6015625 0.5401504639423077 0.5992919927884615 0.5478395072115385 0.6025390625 0.5593981490384615 0.588671875 0.5722299375 0.5861767572115385 0.5806211418269231 0.5749316394230769 0.5914814807692308 0.5568164062500001
0 0.47784336538461536 0.33939453125 0.48879243749999995 0.3267431634615384 0.48617283894230773 0.31831054567307693 0.47665509375000004 0.31167968749999997 0.4704629639423077 0.30806640625 0.46070601923076926 0.3065576177884615 0.45047067788461537 0.3077636706730769 0.4456018509615385 0.31298828125 0.43880787019230766 0.3285498052884615 0.43642746875000005 0.3384912115384615 0.4369020072115385 0.34240722596153844 0.45403935096153847 0.34481933653846153 0.4611805552884615 0.35054199278846154 0.4649884254807692 0.34361328125 0.46998842548076925 0.3430126947115385 0.4768904326923077 0.3418066418269231 0.47784336538461536 0.33939453125
0 0.94271990625 0.16258300721153846 0.9231828701923077 0.1630175793269231 0.9166705240384616 0.16388183653846153 0.9036458341346154 0.17689941346153845 0.9022762355769232 0.19381347596153847 0.9063888894230769 0.21116699278846152 0.9101581778846154 0.22114746153846154 0.9163271610576923 0.22591796875 0.935181326923077 0.23025390625 0.9612307091346154 0.19685058653846152 0.9612307091346154 0.18774413942307694 0.952318673076923 0.17906738221153845 0.9475192908653847 0.16778808653846153 0.94271990625 0.16258300721153846
0 0.7981095673076923 0.77392578125 0.7846836418269232 0.7909179687500001 0.7634297836538462 0.7965673822115384 0.7606288581730769 0.8128613269230769 0.7606288581730769 0.8341113293269231 0.7751929014423078 0.8553710937500001 0.7763001538461538 0.8744873052884615 0.7902932091346154 0.8787353509615384 0.811558641826923 0.8695263677884615 0.8401003076923076 0.8666943365384616 0.8546527788461538 0.8404833990384616 0.8507368822115384 0.8128613269230769 0.840663579326923 0.770361329326923 0.82946759375 0.7618603509615384 0.8194058653846154 0.7696289062499999 0.7981095673076923 0.77392578125
0 0.7284143509615385 0.040913086538461534 0.7344135793269231 0.034765625 0.73669753125 0.027900391826923075 0.73384259375 0.02030761778846154 0.7309876538461538 0.01524902403846154 0.7238464495192307 0.009462889423076923 0.7201311730769231 0.005126951923076923 0.7184182091346153 0.0015087884615384616 0.7178472211538461 0.0015087884615384616 0.7075655865384616 0.004038086538461538 0.703564814903846 0.00837890625 0.6915702163461539 0.016694336538461536 0.6841435192307692 0.02175293028846154 0.6792862644230768 0.028984375 0.6778587956730769 0.04235839903846154 0.6778587956730769 0.04850586057692308 0.6784297836538461 0.05392578125 0.6798572524038462 0.05790527403846154 0.68642746875 0.06296386778846154 0.6904243822115385 0.06622070192307693 0.6918557091346155 0.0673046875 0.6961381177884616 0.05935058653846154 0.7060185192307693 0.0546875 0.7164197524038461 0.05103515625 0.7207021610576922 0.0459765625 0.7284143509615385 0.040913086538461534
0 0.55732253125 0.33373046875 0.5454938269230769 0.33293945432692307 0.5404668221153845 0.33083984375000003 0.5284722211538462 0.3319238269230769 0.5239004639423077 0.3362646490384616 0.5187615745192308 0.34312988221153845 0.5167592596153846 0.3485546875 0.5219020072115385 0.36916015625000004 0.5259027788461539 0.37603027403846156 0.529328704326923 0.38000488221153844 0.5413271610576923 0.38072753846153845 0.5509259254807692 0.38720703125 0.5590277788461538 0.38525390625 0.5729166658653846 0.3701171875 0.5817901225961538 0.35595703125 0.58388503125 0.3409619134615385 0.5804591057692308 0.33770996153846156 0.5701736105769231 0.3304785144230769 0.55732253125 0.33373046875
0 0.7490470673076923 0.62263671875 0.7508333341346154 0.6311718749999999 0.7553973774038462 0.6364404302884614 0.7591628076923077 0.6404589855769232 0.7678935192307693 0.6356884759615385 0.7730478389423077 0.6309179687500001 0.7760262355769231 0.6286621105769231 0.7788001538461539 0.6248925769230769 0.7788001538461539 0.6183691394230769 0.7784066346153846 0.6168603509615385 0.7746373461538462 0.6063183605769231 0.7706674375 0.6060644543269231 0.7575771610576923 0.6053125 0.7520254639423077 0.6095800793269232 0.7490470673076923 0.61208984375 0.7490470673076923 0.62263671875
0 0.30489197596153844 0.5616162115384615 0.2976157403846154 0.5743652331730769 0.30377314903846153 0.59703125 0.3138464495192308 0.6005761706730769 0.3339969134615384 0.59703125 0.3451890432692308 0.595615233173077 0.36141975240384616 0.5899511730769231 0.36869598798076925 0.5814501947115385 0.3776504639423077 0.5637402355769231 0.38100694471153845 0.5417822259615385 0.37709105048076924 0.52265625 0.3507870360576923 0.51982421875 0.3267206778846154 0.5325732427884615 0.3205632716346154 0.5424902355769231 0.30489197596153844 0.5616162115384615
0 0.9447415120192308 0.7875732427884615 0.9285185192307692 0.8044042956730769 0.9168132716346153 0.8384033197115385 0.9093672836538461 0.8488427740384614 0.9242631177884615 0.8471582043269231 0.9423495360576923 0.8478320312500001 0.966288579326923 0.8495166009615385 0.9766628076923076 0.8481689447115385 0.9822492283653846 0.8427832019230769 0.9841087956730769 0.8347021490384615 0.9873032403846154 0.8276318365384616 0.9912924375000001 0.82359375 0.99767746875 0.82224609375 0.9995370360576923 0.8219091802884615 1 0.8212353509615385 0.9998032403846153 0.8010400384615385 0.9881018509615385 0.7906005865384615 0.9734722211538462 0.7865624999999999 0.9492669759615384 0.7825244134615384 0.9447415120192308 0.7875732427884615
0 0.7054706778846154 0.2656494134615385 0.7028510793269231 0.2650488293269231 0.6990740745192308 0.26708984375 0.6948302475961537 0.26953125 0.6914274687499999 0.27528808653846154 0.688568673076923 0.28342285096153846 0.6869020072115385 0.2879394543269231 0.6873804014423077 0.29547363221153844 0.6873804014423077 0.30240234374999997 0.6878549374999999 0.3078222644230769 0.6880941346153846 0.31595703125 0.6895216057692307 0.3207763677884615 0.6926157403846154 0.32318847596153844 0.7016628076923077 0.31354980528846155 0.7102314807692308 0.30722168028846153 0.7168942908653846 0.30390625 0.7218942908653846 0.30360839903846154 0.7233217596153847 0.29547363221153844 0.7230825625 0.27649414182692306 0.7226080240384616 0.2713720697115385 0.7171334879807693 0.2701660144230769 0.7054706778846154 0.2656494134615385
0 0.6969945985576923 0.5231591802884615 0.6969945985576923 0.5133984375 0.69728009375 0.48881836057692307 0.6912847211538462 0.48375488221153845 0.6812847211538462 0.4819482427884615 0.6718595673076924 0.4768896490384616 0.6624344134615385 0.4768896490384616 0.6407253076923076 0.4768896490384616 0.6213040120192308 0.47616699278846153 0.6181597211538462 0.47761230528846155 0.6153047836538461 0.47905761778846156 0.6124498461538461 0.4909863293269231 0.6124498461538461 0.5000244134615385 0.6095910504807692 0.5181005865384616 0.6298726850961539 0.5271386706730768 0.6658603389423077 0.5314746081730769 0.6858564807692308 0.5329199230769232 0.6918557091346155 0.53111328125 0.6969945985576923 0.5231591802884615
0 0.40480324038461535 0.6587011706730769 0.4106558653846154 0.6570214855769231 0.4196990745192308 0.6576904302884615 0.42874228365384615 0.6587011706730769 0.4375 0.66162109375 0.44124228365384616 0.6647607427884614 0.4425154326923077 0.6708984375 0.4506172836538462 0.671875 0.4521604927884615 0.66845703125 0.4537037043269231 0.65673828125 0.4533179014423077 0.64501953125 0.45100308653846155 0.63525390625 0.44521605048076923 0.6220703125 0.4375192908653846 0.6206591802884615 0.4337962956730769 0.6183056634615384 0.4255401225961538 0.61279296875 0.4174382716346154 0.611328125 0.40972222115384616 0.6123046875 0.3909722211538461 0.6139306634615385 0.3845871923076923 0.6142626947115384 0.3816589495192308 0.6233544927884616 0.37926697596153847 0.6368212884615385 0.3800655865384615 0.6566845697115385 0.39123842548076926 0.6566845697115385 0.3954938269230769 0.6603857427884615 0.40480324038461535 0.6587011706730769
0 0.5139621923076922 0.2964990240384615 0.5061728389423077 0.3046875 0.5043634254807693 0.30907714903846156 0.506076389423077 0.3147167980769231 0.5074498461538461 0.31775390625 0.5112191346153846 0.32252441346153843 0.5187615745192308 0.3372753918269231 0.5269868822115384 0.33684081971153845 0.5372685192307692 0.33380371153846156 0.5454938269230769 0.33293945432692307 0.5557793221153846 0.33163574278846153 0.5646913581730769 0.3268652331730769 0.5749729927884615 0.32166015625 0.5775462956730769 0.314453125 0.5756172836538462 0.30810546875 0.565586420673077 0.3046875 0.559413579326923 0.30322265625 0.5543981490384615 0.29638671875 0.5462962956730769 0.28125 0.5401234567307692 0.2724609375 0.5304783942307693 0.27490234375 0.5231481490384615 0.28369140625 0.5139621923076922 0.2964990240384615
0 0.6919020072115385 0.2767675793269231 0.6947569447115385 0.2725488269230769 0.6959490745192307 0.2686328125 0.7030902788461538 0.26411132692307693 0.7038271610576923 0.2620019543269231 0.6876157403846155 0.2577880865384615 0.6847839495192307 0.2577880865384615 0.6678858028846153 0.26351074278846154 0.6604822524038462 0.27345214903846154 0.6542939807692308 0.28158691346153847 0.6476273149038462 0.2918261706730769 0.6459606490384615 0.3008642572115385 0.6469367283653846 0.31442382932692303 0.6471527788461539 0.32466308653846154 0.6464621923076923 0.33460449278846155 0.6578626538461538 0.3373193365384616 0.6752391971153846 0.3373193365384616 0.6828819447115385 0.33279785096153847 0.6869290120192308 0.3210498052884615 0.6878549374999999 0.2918261706730769 0.6893055552884615 0.28278808653846155 0.6919020072115385 0.2767675793269231
0 0.5784799374999999 0.06461425721153846 0.5707445985576923 0.05984375 0.5647955240384616 0.058837889423076925 0.53107253125 0.05708007932692308 0.5191743822115384 0.06084472596153846 0.5169907403846155 0.07239257692307692 0.5181828701923077 0.08243652403846154 0.522943673076923 0.101015625 0.5288927475961539 0.10955078124999999 0.5366280865384615 0.11331543028846153 0.5415856490384615 0.1110546875 0.5475385793269231 0.1110546875 0.5524961418269231 0.10879394471153846 0.557851079326923 0.10302246153846153 0.5624151225961538 0.10176757932692307 0.5687615745192308 0.09272949278846153 0.5782831778846154 0.09774902403846154 0.5818518509615385 0.0887109375 0.5818518509615385 0.08293945432692308 0.5794714495192308 0.07465331971153846 0.5784799374999999 0.06461425721153846
0 0.1296296298076923 0.2607421875 0.13078703605769232 0.27197265625 0.1362962956730769 0.27263671875 0.1434375 0.2780615240384615 0.14915123557692309 0.28131347596153844 0.15829089423076922 0.28673828125 0.16657407451923076 0.28818359375 0.1782870360576923 0.28131347596153844 0.19542438221153846 0.27697753846153844 0.20256558653846155 0.27661621153846155 0.18999614182692307 0.26359863221153845 0.18518518509615384 0.259765625 0.18132716105769228 0.255859375 0.17013888942307692 0.24609375 0.16666666586538462 0.2421875 0.15600694471153845 0.24010253846153845 0.14972222115384615 0.23721191346153844 0.1402970673076923 0.23721191346153844 0.13387345673076922 0.24755859375 0.1296296298076923 0.2607421875
0 0.7492283942307693 0.43603515625 0.756558641826923 0.42919921875 0.7708333341346154 0.42138671875 0.7712191346153846 0.40869140625 0.7653356490384616 0.4044677740384615 0.7605979927884616 0.39479980528846154 0.7534915120192308 0.39479980528846154 0.7369058653846154 0.3984716802884615 0.7226929014423077 0.4037207019230769 0.708476079326923 0.40971679807692307 0.6930787043269231 0.42103515625 0.6948533942307692 0.44727050721153844 0.7031481490384616 0.44727050721153844 0.7172067908653846 0.4580078125 0.7256520072115384 0.45844238221153844 0.7286149687500001 0.4486962884615385 0.7395833341346154 0.44482421875 0.7503858028846154 0.44384765625 0.7492283942307693 0.43603515625
0 0.18146219230769228 0.46248046875 0.1836766971153846 0.46949706971153843 0.18899691346153846 0.47482421874999997 0.19719907451923074 0.4759472668269231 0.21072144951923077 0.47342285096153847 0.2240200625 0.47089843750000004 0.22337962980769233 0.4609375 0.19143518509615387 0.4327441394230769 0.18500771634615384 0.43218261778846156 0.1836766971153846 0.44256347596153844 0.18146219230769228 0.46248046875
0 0.8391203701923077 0.36083984375 0.8346720673076924 0.36699218749999996 0.8332445985576923 0.371328125 0.8298148149038462 0.3847021490384615 0.829861110576923 0.3916015625 0.8369560192307692 0.3991650384615385 0.8395061730769231 0.39892578125 0.8609490745192308 0.39735839903846154 0.8695177475961539 0.39301757692307693 0.8726620360576922 0.38579101682692307 0.8738040120192309 0.37530761778846156 0.8695177475961539 0.36337402403846153 0.8669483028846153 0.3510839855769231 0.8661265432692308 0.3505859375 0.8441358028846154 0.3603515625 0.8391203701923077 0.36083984375
0 0.21401234615384615 0.5344384759615385 0.21915509375 0.5344384759615385 0.22635030769230768 0.5287988269230769 0.23389274759615386 0.522294923076923 0.2424614206730769 0.514482423076923 0.25582947596153843 0.5101464831730769 0.26576774759615385 0.511015625 0.2731481490384616 0.50390625 0.27584876442307693 0.48974609375 0.2793209879807692 0.46826171875 0.2760532403846154 0.46546386778846155 0.23217978365384614 0.4706689447115385 0.20338734615384618 0.4745751947115385 0.19481867307692308 0.4784765625 0.18364197596153845 0.49169921875 0.17665123557692308 0.5127490240384616 0.19961805528846155 0.52142578125 0.20167438221153844 0.5240283197115384 0.21401234615384615 0.5344384759615385
0 0.7144753076923076 0.5650244134615384 0.7182484567307692 0.5541796875 0.7233873461538463 0.5437646490384616 0.7240740745192308 0.5420312500000001 0.7199614206730769 0.5407324230769232 0.7134490745192308 0.5385595697115385 0.7055632716346154 0.5385595697115385 0.7011072524038462 0.5385595697115385 0.6973379639423077 0.5420312500000001 0.69459490625 0.5468017572115385 0.6921952163461539 0.5702294927884616 0.7028240745192308 0.5763037115384615 0.7076195985576923 0.5776025384615384 0.7127623461538461 0.5754345697115385 0.7144753076923076 0.5650244134615384
0 0.7220177475961538 0.7025390625000001 0.736068673076923 0.6947314447115385 0.7432677475961539 0.6877880865384616 0.758348764423077 0.6769433605769231 0.7641782403846153 0.6734765625 0.7638348774038461 0.6608935552884615 0.7422839495192307 0.65185546875 0.7110339495192307 0.65576171875 0.7045370360576922 0.6478808605769231 0.69459490625 0.6548193365384616 0.6873996923076924 0.6708740240384615 0.6877391971153847 0.6860546875 0.6894560192307692 0.70861328125 0.70625 0.717724610576923 0.7148186730769232 0.7103466802884615 0.7220177475961538 0.7025390625000001
0 0.47001157451923076 0.36953613221153847 0.46714892067307695 0.3592919927884616 0.4631018509615385 0.3517333990384615 0.4576234567307692 0.34842285096153847 0.4509606490384615 0.34542480528846153 0.44049768509615383 0.34455078125 0.4362037043269231 0.3462988293269231 0.42548996875 0.3475488269230769 0.42094907451923075 0.349921875 0.4189814807692308 0.3564453125 0.41665509375 0.3604785144230769 0.4142862644230769 0.36560058653846156 0.4102391971153846 0.36859863221153844 0.4071296298076923 0.3734716802884615 0.4069328701923077 0.37765624999999997 0.4069328701923077 0.38521484375 0.4093016971153846 0.3893994134615385 0.4142862644230769 0.39270996153846155 0.4269212956730769 0.39545898317307693 0.44434413461538463 0.39277343750000004 0.4702083341346154 0.3791552740384615 0.4702083341346154 0.37521972596153846 0.47001157451923076 0.36953613221153847
0 0.31707561778846155 0.30508300721153847 0.3049498461538462 0.3151171875 0.28862654326923076 0.3298730480769231 0.2723032403846154 0.35112304807692307 0.26157407451923076 0.37591796875 0.2536458341346154 0.3989355480769231 0.2606404326923077 0.4125146490384616 0.2765007716346154 0.4225488293269231 0.2998186730769231 0.4219580072115384 0.3147415120192308 0.4119238269230769 0.33246527884615384 0.38949218750000003 0.34505787019230766 0.37355468750000004 0.3618479927884615 0.3428613293269231 0.38050540144230766 0.32102050721153846 0.35065586538461535 0.30095214903846157 0.3306018509615385 0.29858886778846155 0.31707561778846155 0.30508300721153847
0 1 0.13411621153846154 0.9967862644230769 0.13359375 0.9840354927884616 0.12891113221153847 0.9823919759615385 0.13047363221153846 0.9782793221153846 0.13879882932692308 0.9688194447115385 0.15181640625 0.9605902788461538 0.16795410096153846 0.9634722211538461 0.1809667980769231 0.9671720673076922 0.18669433653846154 0.9684066346153847 0.18877441346153848 0.9807445985576924 0.19501953125 0.9914390432692308 0.19189941346153847 1 0.19189941346153847 1 0.16690918028846152 1 0.14869140625000002 1 0.13932128846153846 1 0.13411621153846154
0 0.7480709879807693 0.57373046875 0.7532407403846153 0.5748291009615385 0.7559837956730769 0.5687548822115385 0.7611265432692308 0.55400390625 0.7604398149038462 0.5501025384615384 0.7570138894230769 0.5466308605769231 0.7511844134615384 0.5440283197115384 0.7443325624999999 0.54142578125 0.7385030865384615 0.5383886706730769 0.7302777788461537 0.5388232427884615 0.7240740745192308 0.5420312500000001 0.7210648149038461 0.548828125 0.7179398149038462 0.55791015625 0.7175964495192309 0.5635498052884615 0.7182831778846155 0.5735253894230768 0.72955246875 0.57861328125 0.7319907403846154 0.5717919927884615 0.7384259254807692 0.568359375 0.7480709879807693 0.57373046875
0 0.7643209879807693 0.5781982427884615 0.7710648149038462 0.59150390625 0.7772145072115385 0.601796875 0.7815779326923077 0.609833985576923 0.7891165120192307 0.616357420673077 0.7964544759615385 0.6203759759615385 0.8077623461538461 0.625146483173077 0.8109336418269231 0.62439453125 0.81232253125 0.6203759759615385 0.81232253125 0.616357420673077 0.8113310192307692 0.6043066394230769 0.8105401225961538 0.59853515625 0.8097453701923077 0.59326171875 0.8095486105769231 0.585478514423077 0.8095486105769231 0.5784521490384615 0.8105401225961538 0.5714208990384615 0.8117283942307693 0.5641406250000001 0.8135146610576923 0.5561083990384615 0.8145061730769231 0.5528466802884615 0.8154976850961538 0.547822266826923 0.8154976850961538 0.541044920673077 0.8154976850961538 0.534013673076923 0.8149035504807693 0.5289941418269231 0.81271990625 0.5234716802884616 0.8079591057692308 0.5171972668269231 0.8018094134615384 0.511171875 0.7914969134615385 0.506904298076923 0.7849498461538461 0.5051464855769231 0.7813811730769231 0.50439453125 0.77423996875 0.5089111322115385 0.7643209879807693 0.5244775384615384 0.7601581778846154 0.5530957043269231 0.7607523149038461 0.5694140625 0.7643209879807693 0.5781982427884615
0 0.3987114206730769 0.7011376947115384 0.4002623461538462 0.705908204326923 0.40646990624999996 0.7140429687500001 0.41400462980769226 0.7157275384615385 0.4202121923076923 0.7098339831730769 0.42420138942307695 0.703662108173077 0.43107253125 0.6966503894230769 0.43395447596153847 0.6938427740384616 0.4379436730769231 0.68318359375 0.4430439807692308 0.6758886730769231 0.4417129639423077 0.6688769543269231 0.4375 0.6624218749999999 0.42974537019230774 0.6590576177884616 0.4101080240384615 0.658203125 0.39516589423076925 0.6618603509615385 0.3922839495192308 0.6736425769230769 0.39405478365384616 0.6857080072115385 0.3987114206730769 0.7011376947115384
0 0.5261651225961539 0.5123583990384616 0.5195833341346154 0.5003857427884616 0.5119598774038462 0.49609375 0.49613811778846156 0.48997558653846157 0.4829745360576923 0.4837255865384616 0.46858024759615385 0.4837255865384616 0.46241126442307695 0.487890625 0.4611766971153846 0.5003857427884616 0.4603549375 0.5305810552884616 0.4681674375 0.5347412115384615 0.47968750000000004 0.5425537115384615 0.4821527788461539 0.5456738293269231 0.4893595673076923 0.5679980456730769 0.5105324062500001 0.5545263677884615 0.52986496875 0.5368261730769232 0.5278086418269231 0.5191259759615384 0.5261651225961539 0.5123583990384616
0 0.20472222115384617 0.63162109375 0.22528935096153846 0.626416016826923 0.23721836538461538 0.6274560552884616 0.25243441346153844 0.6300585937500001 0.26107253125 0.6290185552884615 0.2684760793269231 0.6165234374999999 0.28040509375 0.5983056634615385 0.29027777884615386 0.5842480480769231 0.29109953605769234 0.578525389423077 0.28040509375 0.5780029302884615 0.26601080288461537 0.5811279302884615 0.2598379639423077 0.5832080072115384 0.25243441346153844 0.5832080072115384 0.24791280769230767 0.5832080072115384 0.24585648076923078 0.5795654302884615 0.24133101923076922 0.57904296875 0.21912037019230768 0.5780029302884615 0.20801311778846154 0.5795654302884615 0.19483024759615386 0.5927734375 0.1911496923076923 0.60767578125 0.18991512259615384 0.6238134759615386 0.20472222115384617 0.63162109375
0 0.6117592596153846 0.17890625 0.5983256177884615 0.19378418028846156 0.5977662043269231 0.20794921875 0.6050424375 0.22353027403846154 0.6307870360576923 0.2369921875 0.6598881177884616 0.2476171875 0.6912307091346155 0.24619628846153846 0.7018634254807693 0.22494628846153847 0.7152970673076923 0.19307617307692307 0.7136188269230769 0.18457519471153847 0.6632484567307693 0.13145019471153846 0.6369444447115384 0.1519921875 0.6263078701923077 0.16898925721153846 0.6117592596153846 0.17890625
0 0.7937229927884615 0.30744628846153843 0.8128472211538462 0.31748046875 0.8333680552884615 0.31157714903846156 0.8426967596153846 0.30095214903846157 0.8622839495192308 0.27675293028846154 0.8613503076923077 0.26612793028846154 0.8478240745192308 0.2419238269230769 0.8356983028846153 0.22008300721153845 0.8259066346153846 0.1982421875 0.8137808653846155 0.18879882692307692 0.8035185192307692 0.18053710817307692 0.7773919759615384 0.18583984375 0.7680748461538461 0.2525488293269231 0.7736689807692307 0.27261718749999997 0.7843981490384616 0.2867871105769231 0.7937229927884615 0.30744628846153843
0 0.3046836418269231 0.7124999999999999 0.30973765384615387 0.718896483173077 0.31824845673076924 0.7135107427884615 0.32915509374999996 0.706103514423077 0.34165509375 0.7030712884615385 0.34271990625000004 0.6919628894230769 0.34857253125 0.6808544927884616 0.36719135817307696 0.6697460937499999 0.3754359567307692 0.6579638677884615 0.3741049375 0.6471875 0.3682561730769231 0.6387744134615385 0.3553240745192308 0.62451171875 0.3496334879807692 0.6061181634615385 0.34670910576923075 0.5953466802884615 0.3413888894230769 0.5902978509615384 0.33024691346153845 0.59716796875 0.32021605048076923 0.6025390625 0.30973765384615387 0.6040966802884615 0.3054783942307692 0.6067919927884615 0.2996296298076923 0.6111669927884615 0.29563657451923075 0.6195849615384615 0.29457561778846153 0.6216015625 0.2865933653846154 0.6229492187500001 0.27861496875 0.628671875 0.26850694471153846 0.64146484375 0.2764853389423077 0.65560546875 0.2937770072115385 0.6862402331730769 0.2977662043269231 0.7010546875 0.3046836418269231 0.7124999999999999
0 0.8013503076923078 0.66197265625 0.8101118822115385 0.6592529302884615 0.8167245360576924 0.66134765625 0.8185416658653846 0.656953125 0.8185416658653846 0.6537939447115384 0.8185416658653846 0.6416601562500001 0.8178819447115384 0.6351953124999999 0.8129205240384615 0.6293359374999999 0.8064776225961539 0.6280615240384615 0.8013503076923078 0.6230615240384616 0.7977160504807692 0.6182275384615384 0.787631173076923 0.6209716802884616 0.7778780865384616 0.6274365240384616 0.7719290120192308 0.6322656249999999 0.7643248461538461 0.6372900384615385 0.7608526225961539 0.6445898437500001 0.7601929014423077 0.6537939447115384 0.760358795673077 0.657373045673077 0.7661419759615384 0.6740869134615385 0.7681250000000001 0.6740869134615385 0.7790354927884615 0.6705517572115384 0.788622685096154 0.664462889423077 0.8013503076923078 0.66197265625
0 0.35171682211538463 0.35541992067307693 0.35091435096153845 0.35766601442307694 0.34940200721153847 0.36274902403846154 0.34637345673076925 0.3689404302884615 0.34521605048076925 0.37412597596153846 0.33764274759615387 0.3827050769230769 0.33336805528846153 0.3912744134615384 0.3436998461538462 0.40591796874999997 0.35973379567307695 0.4104394543269231 0.3680208341346154 0.4080615240384615 0.3726504639423077 0.40445312499999997 0.3817361105769231 0.39555664182692307 0.38342978365384617 0.3919482427884615 0.3856558653846154 0.38134277403846156 0.37654320913461536 0.3720703125 0.3601813269230769 0.35452148317307697 0.3563503076923077 0.3566503894230769 0.3543904326923077 0.3551855456730769 0.35171682211538463 0.35541992067307693
0 1 0.248046875 0.9882523149038461 0.24239257932692307 0.9618055552884616 0.23674316346153848 0.9413078701923077 0.23318847596153847 0.9294058653846153 0.22984374999999999 0.91701003125 0.22900390625 0.8975038581730769 0.24134765625000001 0.8969907403846153 0.25732421875 0.9039351850961539 0.25830078125 0.9120370360576923 0.2705078125 0.9155092596153847 0.291015625 0.93205246875 0.3034814447115385 0.9419714495192307 0.2932324206730769 0.9494598774038461 0.2841796875 0.9657716057692307 0.2733544927884615 0.9818055552884615 0.2656152331730769 1 0.26611328125 1 0.2597558581730769 1 0.2526464831730769 1 0.248046875
0 0.6921952163461539 0.5446337884615384 0.6870563269230769 0.5368261730769232 0.6805439807692307 0.5329199230769232 0.675401235576923 0.5311865240384616 0.6688888894230769 0.5329199230769232 0.6572337956730769 0.5402978509615385 0.6503819447115385 0.5511425793269231 0.6469521610576923 0.5593847644230769 0.6452391971153847 0.5667578125 0.6504629639423077 0.57373046875 0.6562075625 0.5888818365384615 0.6661458341346154 0.5854101562499999 0.6774691346153846 0.5791015625 0.6921952163461539 0.5702294927884616 0.6928819447115384 0.5567822259615385 0.6921952163461539 0.5446337884615384
0 0.1847067908653846 0.6450292956730769 0.17180941346153847 0.6684912115384616 0.17180941346153847 0.6919482427884615 0.17584105048076923 0.7296875 0.20243441346153845 0.7378466802884615 0.2387037043269231 0.7439697259615384 0.26852237740384616 0.74294921875 0.29592206730769227 0.7143896490384616 0.29592206730769227 0.68888671875 0.2693287043269231 0.63994140625 0.22339120432692308 0.6266699206730769 0.1847067908653846 0.6450292956730769
0 0.06737654326923077 0.86326171875 0.10915894951923076 0.850927735576923 0.1551157403846154 0.7804248052884616 0.13979552403846154 0.7293115240384616 0.07294753125 0.6394189447115385 0.0047106490384615386 0.5442431634615384 0 0.8897021490384615 0.032561728365384617 0.89146484375 0.06737654326923077 0.86326171875
0 0.10570987740384616 0.4814453125 0.11944444471153846 0.4977832019230769 0.12869984615384616 0.5025537115384615 0.13726851923076924 0.4977832019230769 0.1448109567307692 0.4878076177884615 0.14069444471153847 0.4734912115384615 0.1304128076923077 0.46308105528846155 0.1259567908653846 0.4509326177884615 0.12115740624999999 0.43271484375 0.11875771634615385 0.42533691346153846 0.1146450625 0.4257714831730769 0.06357638942307692 0.4470263677884615 0.061859567307692306 0.4734912115384615 0.07043209855769231 0.48086425721153847 0.08859567788461538 0.47479003846153844 0.09613811778846154 0.47609375000000004 0.10570987740384616 0.4814453125
0 0.5452777788461538 0.6495361322115384 0.5486072524038461 0.6664062500000001 0.5547993822115385 0.6832763677884616 0.5612229927884615 0.685986329326923 0.5676504639423077 0.6865917956730769 0.5847878076923076 0.6911083990384616 0.5909799375 0.6805664062500001 0.5952623461538461 0.6718310552884615 0.6009760793269231 0.6597802740384615 0.6054976850961539 0.6534521490384615 0.6054976850961539 0.6362841802884615 0.6054976850961539 0.6275439447115385 0.6054976850961539 0.6206152331730769 0.6050038581730769 0.6165332043269232 0.6045447524038461 0.60736328125 0.6021643509615384 0.603447264423077 0.5981172836538462 0.5995263677884616 0.58740740625 0.593203125 0.5816936730769231 0.5904931634615385 0.5776466057692308 0.5886816394230769 0.5709837956730769 0.5886816394230769 0.5671759254807692 0.5886816394230769 0.5593981490384615 0.588671875 0.5474189807692308 0.60525390625 0.5440856490384616 0.6179052740384615 0.542183641826923 0.6239306634615385 0.5443248461538461 0.6414013677884616 0.5452777788461538 0.6495361322115384
0 0.7458757716346154 0.541044920673077 0.7546026225961538 0.54205078125 0.7623379639423077 0.5397900384615385 0.7659104927884616 0.5335156249999999 0.7661072524038463 0.5217138677884615 0.7688850312500001 0.5164453125 0.7724537043269231 0.5071533197115385 0.7811805552884615 0.5058984375000001 0.7873302475961539 0.5046435552884615 0.8018094134615384 0.511171875 0.8043904326923077 0.5121728509615384 0.8059760793269231 0.506904298076923 0.8004243822115384 0.5001269519230769 0.7940740745192307 0.4953564447115385 0.7871334879807693 0.4905859375 0.7793209879807693 0.4853515625 0.7684876538461538 0.47878418028846154 0.7645216057692308 0.4765283197115385 0.7613464495192308 0.4757714855769231 0.7587692908653847 0.47703124999999996 0.7546026225961538 0.4790380865384615 0.747461420673077 0.48355468749999997 0.7456751538461539 0.4870703125 0.7423032403846155 0.49384765625000004 0.7385339495192308 0.5038916009615385 0.7349652788461539 0.51267578125 0.7363541658653846 0.52146484375 0.7403202163461539 0.5377832043269231 0.7458757716346154 0.541044920673077
0 0.8886766971153846 0.7916015624999999 0.9350154326923078 0.7949658197115385 0.9525038581730769 0.77966796875 0.9820023149038462 0.7541699230769231 0.9773263894230768 0.7133691418269231 0.9692669759615384 0.6743017572115384 0.9396913581730769 0.6037207043269232 0.9108410504807692 0.5621044927884615 0.88803240625 0.5417041009615384 0.8578086418269231 0.5281396490384616 0.8288773149038462 0.523037110576923 0.81146990625 0.5993359375 0.8243634254807692 0.6717529302884616 0.8416898149038462 0.7176513677884616 0.8658680552884616 0.7559033197115385 0.8886766971153846 0.7916015624999999
0 0.0541049375 0.26890625 0.03597222115384616 0.27315918028846153 0.02388503125 0.2859082019230769 0.01985339423076923 0.3088574230769231 0.024556326923076924 0.33095703125 0.026570216346153846 0.35815429807692306 0.02791280769230769 0.39640625 0.043360338942307695 0.4006542980769231 0.07157021634615385 0.40150390625 0.09440200721153845 0.38790527403846153 0.10716435096153847 0.34880859375 0.10917824038461539 0.31905761778846153 0.08231481490384616 0.26720703125 0.07358410576923077 0.26720703125 0.0541049375 0.26890625
0 0.26601080288461537 0.5811279302884615 0.28040509375 0.5780029302884615 0.29109953605769234 0.578525389423077 0.2779436730769231 0.582353516826923 0.29027777884615386 0.5842480480769231 0.29570987740384613 0.5831005865384615 0.3010416658653846 0.5801025384615385 0.3075578701923077 0.5681103509615385 0.3111111105769231 0.5621142572115384 0.31703317788461544 0.5591162115384616 0.3164390432692308 0.5403759759615384 0.3099266971153846 0.5328759759615385 0.2669753076923077 0.509765625 0.24807098798076924 0.5107421875 0.23351851923076922 0.5223828125 0.22022762259615383 0.5493115240384616 0.22759644951923075 0.569609375 0.25243441346153844 0.5832080072115384 0.2598379639423077 0.5832080072115384 0.26601080288461537 0.5811279302884615
0 0.21738811778846154 0.5367138677884615 0.2026736105769231 0.524931639423077 0.18634259375 0.51513671875 0.1409799375 0.5046044927884615 0.11072530769230769 0.50341796875 0.10378086538461538 0.51025390625 0.09698688221153845 0.5275390625 0.09243827163461539 0.5452636730769231 0.08710648076923078 0.5623535168269231 0.08504629567307692 0.5764746081730769 0.08582561778846154 0.5889794927884615 0.09449845673076923 0.5993261730769232 0.10274305528846153 0.5993261730769232 0.11297839423076923 0.6030126947115385 0.13025077163461538 0.6071484375 0.14552855048076924 0.6118261730769231 0.16109567788461537 0.6155175793269231 0.18398148076923077 0.6158740240384616 0.20317129567307693 0.5897900384615384 0.21951774759615386 0.5672998052884616 0.22022762259615383 0.5493115240384616 0.21738811778846154 0.5367138677884615
0 0.20256558653846155 0.1884082043269231 0.19742283894230767 0.19057617307692307 0.18799768509615383 0.20142089903846155 0.18142746875 0.21009765625000001 0.17257330288461536 0.22455566346153846 0.16971450721153847 0.23178710817307693 0.16971450721153847 0.24010253846153845 0.16971450721153847 0.24443847596153848 0.17285879567307694 0.24877929807692306 0.18542438221153848 0.24769531250000001 0.19228009375 0.24443847596153848 0.20313657451923076 0.2339550769230769 0.21296296394230768 0.2236328125 0.21682098798076924 0.20751953125 0.2171296298076923 0.19708496153846153 0.21141975240384614 0.19600097596153845 0.21027777884615384 0.19310546874999998 0.20256558653846155 0.1884082043269231
0 0.8132368822115384 0.18245117067307692 0.8378626538461538 0.16686523317307692 0.8300270072115384 0.14419921875 0.8098804014423078 0.11870117067307692 0.7858140432692308 0.10028320432692307 0.7595100312499999 0.08965820192307693 0.7225733028846153 0.08469726682692308 0.6934683653846154 0.08682617067307692 0.6783603389423077 0.10311523557692308 0.66884259375 0.11586425721153847 0.6643672836538462 0.12507324278846152 0.6850733028846154 0.1519921875 0.7096990745192309 0.17890625 0.7449575625 0.1852832019230769 0.7740625 0.18599121153846154 0.8132368822115384 0.18245117067307692
0 0.6624575625 0.7034912115384616 0.673711420673077 0.7117382812499999 0.6837770072115384 0.691494141826923 0.68259259375 0.654765625 0.6682098774038461 0.6162109375 0.6506095673076923 0.59779296875 0.6277006177884614 0.58935546875 0.6188271610576923 0.5869140625 0.61419753125 0.58837890625 0.6103395072115385 0.59423828125 0.6050038581730769 0.6165332043269232 0.6061882716346154 0.6465185552884616 0.6097415120192308 0.6757568365384615 0.6263271610576923 0.7027392572115385 0.6541628076923077 0.69224609375 0.6565316346153847 0.69599609375 0.6624575625 0.7034912115384616
0 0.4835416658653846 0.4418603509615385 0.4992515432692307 0.44113769471153846 0.5106751538461538 0.4386035144230769 0.5089621923076924 0.4302880865384615 0.5072492283653847 0.4104052740384615 0.4992515432692307 0.40101074278846155 0.4878279326923077 0.3966699230769231 0.4766859567307692 0.39594726442307693 0.45240740625 0.39486328125000003 0.44212577163461536 0.39594726442307693 0.4341280865384615 0.39594726442307693 0.43155478365384614 0.3995605456730769 0.42641589423076925 0.4078759759615384 0.42555941346153847 0.41799804567307697 0.42613040144230774 0.43209961057692303 0.44955246875 0.4400488293269231 0.46383487740384616 0.44113769471153846 0.4835416658653846 0.4418603509615385
0 0.4426003076923077 0.9092089831730769 0.44985339423076925 0.886767576923077 0.4329282403846154 0.8510693365384616 0.4119753076923077 0.8245458990384615 0.38296296394230767 0.7857861322115384 0.3595910504807692 0.77048828125 0.30881944471153844 0.8571875 0.29753472115384616 0.89390625 0.3064004639423077 0.9204248052884616 0.3732908942307693 0.9336865240384615 0.4426003076923077 0.9092089831730769
0 0.8775617283653846 0.34276855528846156 0.8797067908653846 0.34668456971153844 0.8863695985576924 0.3496972668269231 0.8925578701923077 0.35421874999999997 0.8956520072115384 0.3587353509615384 0.9006520072115385 0.35723144471153845 0.903746141826923 0.3548193365384616 0.9108873461538463 0.35180663942307694 0.9123148149038461 0.34729003846153844 0.9123148149038461 0.3382519543269231 0.912808641826923 0.330078125 0.912808641826923 0.32373046875 0.9104938269230769 0.322265625 0.9074074062499999 0.31982421875 0.9016049375 0.32168456971153847 0.8897029326923077 0.31806640625000004 0.883753858173077 0.318671875 0.8832754639423077 0.3249951177884615 0.8801813269230769 0.33282714903846156 0.8775617283653846 0.34276855528846156
0 0.29398148076923075 0.318359375 0.28973765384615385 0.3125 0.2836689807692308 0.3043115240384615 0.27353394951923077 0.30078125 0.27103394951923077 0.30150878846153845 0.26106095673076923 0.30599609375000003 0.24842592548076922 0.3104833990384615 0.22825231490384615 0.3203027331730769 0.22958333413461537 0.32928222596153844 0.2546296298076923 0.33685546875 0.2790123461538462 0.3419042980769231 0.2847762355769231 0.33769531249999996 0.29076003125 0.32535156249999997 0.29398148076923075 0.318359375
0 0.5882330240384616 0.2650390625 0.5926658942307692 0.2594238269230769 0.5955478389423077 0.2583056634615385 0.6059645072115385 0.2583056634615385 0.6115046298076924 0.2521337884615385 0.6149691346153846 0.240234375 0.6149691346153846 0.232421875 0.6138117283653846 0.22998046875 0.5879629639423076 0.21923828125 0.5795871923076923 0.21734375 0.5724922836538462 0.2204296875 0.5466820985576922 0.23095703125 0.5439004639423077 0.24203125 0.5559413581730769 0.251953125 0.5793634254807692 0.260546875 0.5820254639423077 0.26868652403846155 0.5882330240384616 0.2650390625
0 0.6172299375 0.7450537115384616 0.6081790120192307 0.7351611322115384 0.6022376538461539 0.72900390625 0.5914351850961539 0.716796875 0.5852623461538461 0.71044921875 0.5771604927884615 0.703125 0.57330246875 0.701171875 0.5582561730769231 0.69970703125 0.5551697524038461 0.7021484375 0.55169753125 0.70361328125 0.5389660504807693 0.70947265625 0.5362654326923078 0.7314453125 0.5370370360576924 0.75341796875 0.5354938269230769 0.767578125 0.5370216057692307 0.78513671875 0.5394907403846154 0.8007519543269231 0.5588233028846153 0.8038769519230768 0.5707484567307692 0.8054394543269231 0.5802121923076923 0.80595703125 0.6041666658653846 0.80810546875 0.61419753125 0.8134765625 0.628472221153846 0.81396484375 0.6408179014423077 0.82177734375 0.6469907403846153 0.82177734375 0.65625 0.8037109375 0.6643518509615384 0.7998046875 0.649691358173077 0.783203125 0.638888889423077 0.76904296875 0.6277006177884614 0.7568359375 0.6172299375 0.7450537115384616
0 0.715663579326923 0.79248046875 0.7087191346153846 0.80224609375 0.7099922836538461 0.8134814447115384 0.7141589495192308 0.8177490240384616 0.7232831778846154 0.81900390625 0.7296296298076924 0.8202587884615385 0.7421257716346153 0.8212597668269231 0.7528356490384615 0.8205078125 0.7650462956730769 0.81396484375 0.7659297836538462 0.8074560552884615 0.7627314807692307 0.80224609375 0.7600308653846154 0.7919921875 0.7557870360576923 0.7841796875 0.7464891971153846 0.76904296875 0.7430555552884616 0.76708984375 0.7283950625 0.77685546875 0.715663579326923 0.79248046875
0 0.9292361105769231 0.4630419927884616 0.9252469134615384 0.4657373052884616 0.9260455240384615 0.4778564447115385 0.9273726850961539 0.4882910168269231 0.930941358173077 0.49365234375 0.9367283942307693 0.4921875 0.9441319447115385 0.4909863293269231 0.9529089495192308 0.4909863293269231 0.9592939807692308 0.4930029302884616 0.9646141971153847 0.49502441346153847 0.9699344134615384 0.4983886730769231 0.9725925937500001 0.4983886730769231 0.9776466057692308 0.4930029302884616 0.975308641826923 0.4814453125 0.9625771610576923 0.466796875 0.954861110576923 0.4560546875 0.9433333341346154 0.45563476442307693 0.9292361105769231 0.4630419927884616
0 0.7801157403846154 0.3724121105769231 0.7835416658653845 0.3854296875 0.7958256177884616 0.3991650384615385 0.8072492283653846 0.39337890625 0.8209606490384616 0.36916015625000004 0.8258179014423077 0.3575927740384615 0.8295293221153847 0.34819336057692307 0.8295293221153847 0.33843261778846156 0.8295293221153847 0.33083984375000003 0.8261033942307693 0.31854980528846155 0.8215316346153846 0.3163818365384615 0.8072492283653846 0.3113183605769231 0.7986805552884615 0.30517578125 0.7943981490384615 0.30517578125 0.7818287043269231 0.3069824230769231 0.7784027788461538 0.31240234375 0.7781172836538462 0.3239697259615385 0.7781172836538462 0.34349121153846157 0.7801157403846154 0.3724121105769231
0 1 0.89892578125 0.9907407403846153 0.900390625 0.9702006177884616 0.9003466802884615 0.9506172836538462 0.9072265625 0.9435995360576922 0.920546875 0.9420023149038462 0.9316552740384616 0.9414699062499999 0.9511816394230769 0.9414699062499999 0.9602734374999999 0.9435995360576922 0.9720556634615385 0.9608873461538461 0.9835009759615385 0.998128858173077 1 1 1 1 0.89892578125
0 0.7327546298076922 0.6312207019230769 0.7281249999999999 0.6280615240384615 0.7251504639423078 0.6251318365384615 0.7210185192307693 0.6232714831730769 0.7193634254807691 0.6232714831730769 0.7144058653846154 0.62345703125 0.7106018509615384 0.6261767572115384 0.7087847211538462 0.6291064447115384 0.7008526225961538 0.6345703125 0.6955632716346154 0.6389404302884615 0.6950655865384616 0.6487939447115385 0.6973804014423077 0.6508642572115384 0.7053125 0.6508642572115384 0.708618826923077 0.6525390625 0.7107677475961538 0.654443358173077 0.7129166658653846 0.6546533197115385 0.7160570985576923 0.6550683605769231 0.7444907403846154 0.6521386730769231 0.7454822524038461 0.6433349615384615 0.7438271610576923 0.6387304687500001 0.7385378076923076 0.634130860576923 0.7327546298076922 0.6312207019230769
0 0.6390393509615385 0.8472265625000001 0.6399305552884615 0.854443360576923 0.6453626538461539 0.8539941418269231 0.650798610576923 0.8557958990384615 0.6590817908653845 0.8586181634615385 0.6648726850961538 0.8594042956730769 0.670138889423077 0.85693359375 0.6754745360576924 0.8516259759615384 0.6791242283653846 0.8457617187500001 0.6793016971153846 0.8417041009615385 0.68571759375 0.8424951177884614 0.6872299374999999 0.8462158197115385 0.6939120360576924 0.8444091802884616 0.6962268509615386 0.8371923822115386 0.6953395072115385 0.8320068365384615 0.6942708341346153 0.8299804687500001 0.6919521610576923 0.8236669927884616 0.686963735576923 0.8167871081730769 0.6834027788461537 0.814306641826923 0.6765432091346154 0.812841798076923 0.6735146610576923 0.811376954326923 0.6684336418269231 0.8037109375 0.66603009375 0.7988623052884616 0.6645177475961539 0.79818359375 0.6613966057692308 0.79919921875 0.6587268509615385 0.8020166009615385 0.6563194447115385 0.8047265625000001 0.6494598774038463 0.8176904302884616 0.6490162043269231 0.8236669927884616 0.6439390432692308 0.8365185552884615 0.6390393509615385 0.8472265625000001