0 0.11893132692307692 0.73767578125 0.11344521634615384 0.7528613293269231 0.11344521634615384 0.7585009759615384 0.11413194471153847 0.767177735576923 0.12064429086538463 0.7697802740384615 0.12784336538461538 0.77671875 0.1419753076923077 0.79931640625 0.15012345673076924 0.7997119134615385 0.1569753076923077 0.7914697259615384 0.16143132692307693 0.78279296875 0.16486111057692307 0.7723828125 0.16520447596153845 0.7706494134615384 0.16588734615384615 0.76197265625 0.16211805528846154 0.7480908197115385 0.1576620360576923 0.7428857427884614 0.1367554014423077 0.7350732427884614 0.12852623557692308 0.7350732427884614 0.11893132692307692 0.73767578125
0 0.8845023149038462 0.32490234375000004 0.8753240745192308 0.32865722596153846 0.8696566346153846 0.3351464855769231 0.8631790120192308 0.3450537115384616 0.8661458341346153 0.35496093749999996 0.8747839495192308 0.35837890624999996 0.8869290120192308 0.36350097596153846 0.8928665120192308 0.36042480528846155 0.9082523149038462 0.34778808653846155 0.9163503076923077 0.3433447259615384 0.9163503076923077 0.32353515624999996 0.9106828701923076 0.3228515625 0.8845023149038462 0.32490234375000004
0 0.5427777788461539 0.6899267572115384 0.5484490745192308 0.6598681634615384 0.5476388894230769 0.6352734375 0.5376504639423076 0.61306640625 0.5217283942307692 0.59837890625 0.5052623461538461 0.5946240240384616 0.49122685096153845 0.6045263677884616 0.4744945985576923 0.6161425793269231 0.45883873557692306 0.6356152331730769 0.4556018509615385 0.6530371081730769 0.46828703605769234 0.6834375 0.48178240625 0.6848046875 0.49392746875 0.6793359375 0.5082330240384615 0.6783154302884615 0.5246952163461539 0.6984667956730769 0.5327932091346154 0.6977832019230769 0.5427777788461539 0.6899267572115384
0 0.5966203701923077 0.4932470697115384 0.5906674375000001 0.48933105528846155 0.5875771610576923 0.48779296875 0.5817901225961538 0.484375 0.5814043221153846 0.47705078125 0.5749575625 0.47517089903846155 0.5609567908653846 0.4716796875 0.5507523149038461 0.47001953124999996 0.5462962956730769 0.4755859375 0.5470679014423078 0.5 0.5528549375 0.5078125 0.5623418221153846 0.516142576923077 0.5652006177884615 0.5233740240384616 0.5694830240384615 0.5251806634615385 0.5749575625 0.52939453125 0.57638503125 0.5312060552884615 0.5941358028846154 0.5185546875 0.5983796298076923 0.5087890625 0.6006944447115384 0.50390625 0.6025694447115385 0.4992724615384615 0.5966203701923077 0.4932470697115384
0 0.14915123557692309 0.47580566346153846 0.15114969230769232 0.4689355480769231 0.1562924375 0.45628418028846157 0.16057484615384615 0.44941406250000004 0.16057484615384615 0.4443505865384615 0.15857638942307692 0.4367626947115385 0.15172067788461538 0.4335058581730769 0.14543595673076923 0.42880859375 0.13858410576923078 0.4280859375 0.1365817908653846 0.4313378918269231 0.12601466105769232 0.43604003846153844 0.12087191346153846 0.43531738221153843 0.11687499999999999 0.43386718750000003 0.11116126442307692 0.44001464903846155 0.10830632692307693 0.4519433605769231 0.11201774759615385 0.46098144471153846 0.11544753125 0.47291015625 0.11844135817307692 0.48193359375 0.13001157451923076 0.48122558653846154 0.14086805528846155 0.48086425721153847 0.14600694471153847 0.47869628846153844 0.14915123557692309 0.47580566346153846
0 0.5238541658653847 0.39453613221153844 0.5182986105769231 0.3917724615384615 0.5087808653846154 0.38524902403846156 0.5028279326923077 0.38600097596153843 0.49905864182692306 0.396796875 0.49826774759615383 0.40507812499999996 0.49648148076923077 0.4148681634615385 0.49489583413461535 0.42290527403846156 0.5061998461538462 0.42767578125 0.5202854927884615 0.43068359375000004 0.5300038581730769 0.42817382692307693 0.52861496875 0.4060839831730769 0.5266319447115385 0.40206543028846153 0.5238541658653847 0.39453613221153844
0 0.22794367307692306 0.7198876947115385 0.23790123557692308 0.721826170673077 0.24364583413461538 0.7247363293269231 0.2501581778846154 0.7373388677884616 0.25705246875 0.74509765625 0.26662808653846154 0.76158203125 0.26892746875 0.7654589855769232 0.2758217596153846 0.7654589855769232 0.27888503124999997 0.754794920673077 0.28424768509615383 0.7324951177884615 0.2758217596153846 0.71552734375 0.27045910576923077 0.69662109375 0.2524575625 0.6791699230769231 0.23866512259615383 0.6796533197115384 0.21683256250000002 0.6878955072115385 0.21338734615384616 0.695166016826923 0.2130054014423077 0.704375 0.22564429086538462 0.7198876947115385 0.22794367307692306 0.7198876947115385
0 0.4930555552884615 0.8125 0.5007716057692307 0.80712890625 0.5015432091346154 0.79638671875 0.5064004639423076 0.7889013677884615 0.5080632716346154 0.7825878894230769 0.5080632716346154 0.7772119134615385 0.5008603389423076 0.76365234375 0.4940239206730769 0.7543017572115385 0.4892245360576923 0.7528955072115384 0.4868209879807692 0.7531298822115384 0.48589892067307694 0.754765625 0.4814660504807692 0.759677733173077 0.4792476850961539 0.7615478509615384 0.47481481490384614 0.76271484375 0.4698263894230769 0.76365234375 0.4648418221153846 0.766689454326923 0.46225308653846153 0.7718310552884616 0.4533873461538462 0.7837548822115384 0.44675925961538465 0.78515625 0.4441512355769231 0.7952099615384616 0.4441512355769231 0.7975488293269231 0.44433642067307694 0.798486326923077 0.4463734567307692 0.8076171875 0.45177469230769235 0.8046875 0.46141975240384614 0.80615234375 0.46913580288461537 0.8125 0.48054012259615386 0.8113427740384616 0.4930555552884615 0.8125
0 0.8507793221153845 0.375078125 0.8472492283653845 0.38532714903846155 0.8478009254807692 0.39184570192307694 0.8510378076923076 0.39594726442307693 0.8583256177884616 0.40447265625 0.8680439807692307 0.40172363221153845 0.8758796298076923 0.394921875 0.8865046298076924 0.38098144471153844 0.8907137355769231 0.3641748052884616 0.8704706778846153 0.35835449278846154 0.8561574062499999 0.3645068365384615 0.8507793221153845 0.375078125
0 0.9022415120192308 0.3999609375 0.8977854927884615 0.39865722596153846 0.8871604927884615 0.39865722596153846 0.8809876538461539 0.4016943365384616 0.8748186730769232 0.40646484374999997 0.8737924375 0.41384277403846154 0.87790509375 0.4255566418269231 0.8792746923076924 0.42685546875 0.8854436730769231 0.4337988269230769 0.889556326923077 0.4377001947115385 0.8936728389423076 0.4377001947115385 0.8988117283653847 0.4394384759615385 0.9039351850961539 0.435546875 0.9080671298076923 0.4277246081730769 0.9084104927884616 0.41904785096153846 0.9049807091346154 0.41210449278846156 0.9022415120192308 0.3999609375
0 0.07378086538461538 0.6687841802884615 0.045910492788461536 0.67919921875 0.03765046394230769 0.6874462884615385 0.04001929086538462 0.7016894519230769 0.05719521634615384 0.7084374999999999 0.09036265384615386 0.6995166009615384 0.09451003125 0.6935205072115385 0.09391975240384615 0.6762060552884616 0.08621913461538461 0.6717822259615385 0.07378086538461538 0.6687841802884615
0 0.5098302475961538 0.2731787115384615 0.5091820985576923 0.28916503846153846 0.5098302475961538 0.29940918028846153 0.5244058653846154 0.30556152403846154 0.5389776225961538 0.3059716802884615 0.5554976850961538 0.30474121153846156 0.5648881177884616 0.29940918028846153 0.5622993822115384 0.2821923822115385 0.5299112644230769 0.2571875 0.5179282403846154 0.26005859375 0.5098302475961538 0.2731787115384615
0 0.7292283942307692 0.49604492067307693 0.7292283942307692 0.510390625 0.7318171298076923 0.5189990240384615 0.7421836418269231 0.529248048076923 0.7499537043269231 0.531298826923077 0.7548148149038462 0.5300683581730768 0.763881173076923 0.5255615240384615 0.770358795673077 0.516953125 0.7593479927884614 0.5009619134615385 0.7347337956730768 0.47964843749999997 0.7305208341346153 0.48375 0.7292283942307692 0.49604492067307693
0 0.6091049374999999 0.8272412115384615 0.6146450625 0.8148486322115385 0.6087345673076923 0.805263673076923 0.5921103389423077 0.798486326923077 0.5797337956730769 0.7914697259615384 0.5695756177884616 0.786328125 0.5599691346153846 0.7914697259615384 0.5393518509615385 0.81884765625 0.5289390432692308 0.8351904302884615 0.5318942908653846 0.83962890625 0.5437152788461538 0.8450097668269231 0.5557214495192307 0.8473437500000001 0.5632947524038461 0.84080078125 0.5787037043269231 0.8349609375 0.5999228389423077 0.8388671875 0.6091049374999999 0.8272412115384615
0 0.36102237740384613 0.46813964903846156 0.35300925961538465 0.47412109375 0.3493209879807692 0.4786865240384615 0.3431712956730769 0.48345703125 0.3376157403846154 0.490234375 0.33642746874999996 0.4960058581730769 0.337816358173077 0.4995214855769231 0.3415856490384615 0.5002734375 0.3485262355769231 0.5030371105769231 0.35146605048076923 0.509765625 0.35609567788461544 0.51318359375 0.361111110576923 0.515625 0.3668981490384615 0.5078125 0.38850308653846155 0.498046875 0.3819444447115385 0.4931640625 0.37538580288461537 0.48681640625 0.36598379567307693 0.47140624999999997 0.36102237740384613 0.46813964903846156
0 0.5837191346153846 0.76806640625 0.59888503125 0.7579638677884616 0.6102353389423076 0.74921875 0.6196141971153846 0.7304785144230769 0.6136921298076923 0.7261035144230769 0.5939467596153846 0.7161083990384616 0.5801273149038462 0.7117382812499999 0.5589043221153847 0.7198583990384615 0.5421219134615385 0.7298535144230769 0.5371875 0.74796875 0.5411342596153846 0.7673339855769231 0.5470601850961538 0.7823242187499999 0.5584104927884616 0.7816992187499999 0.5686728389423077 0.77734375 0.5837191346153846 0.76806640625
0 0.23219135817307693 0.4147753894230769 0.22286651201923077 0.4014941394230769 0.21353780769230768 0.38477050721153844 0.19604938221153848 0.36263671875000003 0.18244598798076922 0.3326318365384615 0.17039737740384617 0.3262353509615385 0.15795910576923078 0.3262353509615385 0.11248456730769231 0.3291845697115384 0.10043595673076923 0.3306640625 0.08100308653846154 0.33902343749999997 0.07089892067307692 0.3513232427884615 0.07400848798076923 0.3705078125 0.08644675961538462 0.40051269471153844 0.11054398076923078 0.4167431634615385 0.14979552403846152 0.4310107427884615 0.18710648076923078 0.4452734375 0.19915509374999998 0.45560546875 0.23063657451923078 0.4492089831730769 0.23724537019230768 0.42461425721153845 0.23219135817307693 0.4147753894230769
0 0.5746373461538462 0.47246581971153845 0.579861110576923 0.47119140625 0.5863464495192308 0.46601562500000004 0.5914429014423077 0.46165527403846157 0.5953009254807692 0.4588671875 0.6016358028846154 0.4578222644230769 0.6032908942307692 0.45712402403846153 0.6049421298076922 0.4562548822115385 0.6075617283653846 0.4536376947115385 0.6107291658653846 0.449453125 0.6108641971153846 0.4459667980769231 0.6099035504807693 0.4433496081730769 0.6071450625 0.4419580072115385 0.6006944447115384 0.439453125 0.5830401225961539 0.44474609375 0.5767052475961538 0.44736328125 0.57326003125 0.449453125 0.5713734567307692 0.455078125 0.5696797836538462 0.4606103509615384 0.5680246923076923 0.4693261730769231 0.5688541658653846 0.4726416009615385 0.5727083341346154 0.4740332019230769 0.5746373461538462 0.47246581971153845
0 0.20586419711538462 0.7662207043269231 0.20641975240384614 0.7905371081730769 0.20918981490384617 0.7889013677884615 0.2200887355769231 0.7849267572115385 0.23412808653846154 0.805263673076923 0.24557870432692308 0.81041015625 0.25315200721153847 0.8083056634615384 0.2625733028846154 0.781650389423077 0.2651581778846154 0.7692626947115385 0.2664544759615385 0.7643505865384616 0.2668209879807692 0.7580419927884615 0.26442129567307693 0.7512597668269231 0.2509375 0.7391015625 0.24336419711538462 0.7276464855769231 0.23819058653846154 0.720166016826923 0.22562885817307693 0.7220361322115385 0.22067901201923076 0.73681640625 0.2156558653846154 0.7428417956730768 0.21122299278846152 0.7521972644230769 0.20586419711538462 0.7662207043269231
0 0.06791666586538461 0.5578417956730769 0.06850694471153845 0.5211083990384615 0.06850694471153845 0.5083642572115384 0.06199459855769231 0.5001171875 0.05547839423076923 0.48587890625 0.037118055288461536 0.4753808605769231 0.024679783653846155 0.47088378846153844 0.011647377403846155 0.4686376947115385 0.007503858173076924 0.47763183653846153 0.007503858173076924 0.4986181634615384 0.007503858173076924 0.5406005865384615 0.007503858173076924 0.5645849615384615 0.011057098557692307 0.5855761706730769 0.01994212980769231 0.58482421875 0.04304012259615385 0.589326173076923 0.06732253125 0.57658203125 0.06791666586538461 0.5578417956730769
0 0.3669945985576923 0.5729296875000001 0.3646141971153846 0.57443359375 0.35818672836538457 0.58015625 0.3529513894230769 0.58859375 0.34915123557692307 0.59619140625 0.3557098774038462 0.6044921875 0.36199459855769234 0.6087792956730769 0.36794753124999996 0.61841796875 0.3727083341346154 0.6253466802884616 0.3784182091346154 0.6367919927884615 0.38439814903846153 0.6331298822115384 0.38936728365384615 0.6313720697115385 0.39722222115384614 0.6313720697115385 0.4072222211538462 0.6361914062499999 0.40936342548076926 0.63197265625 0.40055555528846154 0.6154052740384616 0.39103394951923076 0.59853515625 0.38293981490384615 0.5858837884615384 0.37127700721153845 0.574130858173077 0.3669945985576923 0.5729296875000001
0 0.15351466105769232 0.7382861322115384 0.16503086538461537 0.7247509759615384 0.17490355048076925 0.7091357427884616 0.17361111057692308 0.70849609375 0.1312692908653846 0.6925634759615384 0.11444058653846154 0.693515625 0.10991512259615385 0.7018457043269231 0.10827160576923077 0.7096533197115384 0.10970679086538461 0.7239111322115386 0.11485339423076923 0.7408886706730768 0.1367554014423077 0.7350732427884614 0.15351466105769232 0.7382861322115384
0 0.17529320913461538 0.5558496105769231 0.16868441346153845 0.5435546875 0.15663580288461537 0.5376513677884616 0.1403125 0.5356835937500001 0.1333179014423077 0.542080079326923 0.1251581778846154 0.5524072259615385 0.12476851923076923 0.5661816418269231 0.1333179014423077 0.5730664062499999 0.1395370360576923 0.5735595697115385 0.1519753076923077 0.5696240240384616 0.17218364182692308 0.5725781249999999 0.1760686730769231 0.56765625 0.17529320913461538 0.5558496105769231
0 0.36558642067307695 0.571806639423077 0.37212577163461535 0.571337889423077 0.3733217596153846 0.5738378918269231 0.3773109567307692 0.5806054687500001 0.3822453701923077 0.5871142572115384 0.38442515384615383 0.589140625 0.38603009374999997 0.5841455072115385 0.3864004639423077 0.57685546875 0.38722222115384614 0.5672802740384616 0.3850424375 0.564052735576923 0.38323302403846154 0.5570214831730769 0.37907793269230766 0.5492138677884616 0.3773109567307692 0.5431787115384615 0.3715509254807693 0.53443359375 0.3624189807692308 0.53037109375 0.3566628076923077 0.5314111322115385 0.35587962980769233 0.5308935552884615 0.35423611057692306 0.5324511706730769 0.35135802403846156 0.54078125 0.35135802403846156 0.5548388677884616 0.3530015432692308 0.5704541009615385 0.3538233028846154 0.5772216802884615 0.3551003076923077 0.582841798076923 0.35645833413461536 0.5815966802884616 0.36558642067307695 0.571806639423077
0 0.5243209879807693 0.3419042980769231 0.5230246923076923 0.33956543028846153 0.5093557091346154 0.33021484375 0.5065856490384616 0.3253076177884615 0.4986419759615384 0.322265625 0.49624228365384615 0.323203125 0.4879282403846154 0.33349121153846156 0.48645061778846155 0.3444775384615385 0.48645061778846155 0.3507910144230769 0.4871913581730769 0.35429687499999996 0.4932870360576923 0.35359375 0.49846064903846155 0.35453125 0.5126813269230769 0.3594384759615385 0.5281983028846153 0.3594384759615385 0.5263503076923077 0.3489208990384615 0.5243209879807693 0.3419042980769231
0 0.3926234567307692 0.6964648437500001 0.39891975240384614 0.70068359375 0.41666666586538464 0.6943359375 0.4178240745192308 0.6767578125 0.41473765384615385 0.65673828125 0.4128086418269231 0.6494140625 0.4097608028846154 0.6465771490384615 0.40804783894230773 0.6426757812499999 0.40547839423076926 0.6396484375 0.4004629639423077 0.6318359375 0.39296682211538464 0.6318310552884616 0.39125385817307695 0.631396483173077 0.38439814903846153 0.6331298822115384 0.37925540144230774 0.6483154302884616 0.37103009375 0.6565576177884616 0.36486111057692305 0.66740234375 0.3727430552884616 0.6899609375 0.38439814903846153 0.6960302740384615 0.3926234567307692 0.6964648437500001
0 0.9324884254807693 0.4375390625 0.9404243822115385 0.44130371153846154 0.9529205240384615 0.44306152403846155 0.9582754639423077 0.4397998052884615 0.9638271610576923 0.4355322259615385 0.9656134254807692 0.42825195192307697 0.9723572524038461 0.42624023557692303 0.9731520072115385 0.4177050769230769 0.9664081778846154 0.41143066346153845 0.9604552475961537 0.41017578125000004 0.9574807091346155 0.40766601442307693 0.9475617283653845 0.40138671875000004 0.9376466057692308 0.3938574206730769 0.9340740745192307 0.3933544927884615 0.9283217596153845 0.3918505865384615 0.9261419759615385 0.3920996105769231 0.9211805552884615 0.39963378846153846 0.9245524687500001 0.41369140625 0.9265393509615384 0.4244873052884615 0.9295138894230769 0.4332714855769231 0.9324884254807693 0.4375390625
0 0.16588734615384615 0.5797705072115384 0.1556057091346154 0.5806396490384615 0.1484066346153846 0.5945214831730768 0.1449807091346154 0.5984277331730768 0.1367554014423077 0.611005858173077 0.13469907451923077 0.6192480480769231 0.1343557091346154 0.6270556634615385 0.13846836538461538 0.6331298822115384 0.14532407451923077 0.6392041009615385 0.15183642067307693 0.6448437499999999 0.1597183653846154 0.6444091802884616 0.17137345673076923 0.6348681634615385 0.19091049278846153 0.6192480480769231 0.18542438221153848 0.5949560552884615 0.18199845673076925 0.5828076177884616 0.17137345673076923 0.5823730480769231 0.16588734615384615 0.5797705072115384
0 0.08285107932692307 0.6718798822115384 0.08621913461538461 0.6717822259615385 0.0843325625 0.6618847668269231 0.08235725240384616 0.6593896490384614 0.07060185096153847 0.6474609375 0.061134259615384615 0.6400244134615385 0.04978394951923077 0.6175341802884616 0.04682098798076923 0.6206591802884615 0.037442129807692306 0.6368994134615384 0.024610338942307693 0.662509764423077 0.023128858173076923 0.6787548822115385 0.0315200625 0.686875 0.059652778846153845 0.6750048822115384 0.06705632692307692 0.6731298822115386 0.08285107932692307 0.6718798822115384
0 0.11766975240384615 0.470703125 0.11496913461538462 0.4609375 0.10506172836538462 0.46448730528846155 0.08235725240384616 0.4682373052884615 0.061134259615384615 0.4763574230769231 0.047314814903846154 0.48760253846153845 0.05373070913461538 0.49946777403846154 0.06199459855769231 0.5001171875 0.0721450625 0.53466796875 0.09321759375000001 0.5175878918269231 0.11444058653846154 0.5007177740384615 0.11844135817307692 0.48193359375 0.11766975240384615 0.470703125
0 0.9716165120192308 0.649267579326923 0.9728472211538463 0.6419824206730769 0.9675 0.6279248052884616 0.9654436730769231 0.6237597644230769 0.9490740745192308 0.60888671875 0.9300733028846154 0.6044970697115384 0.9053935192307693 0.6169921875 0.9033371923076923 0.63208984375 0.9090972211538462 0.6471875 0.9391203701923078 0.6555126947115385 0.9716165120192308 0.649267579326923
0 0.5650347211538461 0.44580078125 0.5650347211538461 0.4389306634615385 0.5616049375000001 0.4280859375 0.5536072524038461 0.40892578125 0.5504668221153847 0.3995263677884615 0.5490393509615384 0.39555175721153846 0.5453240745192308 0.39265625 0.5416126538461539 0.39193359375000003 0.5378973774038461 0.3959130865384616 0.5361844134615384 0.4049511730769231 0.5350424375 0.4147119134615384 0.5330439807692308 0.42916992307692303 0.5330439807692308 0.44182128846153845 0.5353279326923077 0.44724609374999996 0.5376118822115384 0.4595361322115385 0.5387538581730769 0.46568359375 0.5433256177884616 0.4750830072115385 0.5458950625 0.4765283197115385 0.5507523149038461 0.47001953124999996 0.5538927475961539 0.4703808605769231 0.5607484567307692 0.47001953124999996 0.5638888894230769 0.46965820432692307 0.5625 0.4560546875 0.5650347211538461 0.44580078125
0 0.16246142067307692 0.7259667956730769 0.15834876442307694 0.736376951923077 0.1617746923076923 0.7441845697115385 0.16417438221153846 0.7511279302884616 0.16520447596153845 0.7524267572115384 0.1679436730769231 0.75806640625 0.17068672836538462 0.7715136706730769 0.1799421298076923 0.7754199206730769 0.1967592596153846 0.76220703125 0.20254629567307691 0.75537109375 0.20770447596153846 0.7472216802884616 0.22145061778846153 0.73681640625 0.22450231490384615 0.717724610576923 0.21627314903846154 0.7068798822115384 0.19707947596153846 0.68388671875 0.18782407451923078 0.6916943365384616 0.1754861105769231 0.7060107427884615 0.16246142067307692 0.7259667956730769
0 0.35453703605769227 0.5308007812500001 0.3591010793269231 0.529296875 0.3591010793269231 0.5245263677884615 0.35810570913461537 0.52251953125 0.34957947596153843 0.5074560552884615 0.33232253125 0.499921875 0.3164544759615385 0.4946533197115385 0.3114930552884615 0.49214355528846154 0.3130787043269231 0.5029345697115384 0.31605709855769226 0.5079589831730769 0.3233950625 0.5240234375 0.31942901201923074 0.5280419927884615 0.31605709855769226 0.53255859375 0.31804012259615383 0.53783203125 0.3293441346153846 0.5458642572115384 0.3366859567307693 0.5511376947115385 0.34303240625 0.554150391826923 0.35135802403846156 0.5548388677884616 0.3501736105769231 0.545361329326923 0.35223765384615385 0.53515625 0.35453703605769227 0.5308007812500001
0 0.16933642067307692 0.6762597668269231 0.18044753125000002 0.6917724615384616 0.19078703605769232 0.69080078125 0.2011304014423077 0.6898339831730769 0.20955632692307694 0.6990429687499999 0.22334490624999997 0.6903173822115385 0.24288194471153846 0.6806201177884615 0.24096450721153848 0.6738378894230769 0.22870756250000002 0.654443358173077 0.2202816346153846 0.6462011706730769 0.20764274759615386 0.6428076177884615 0.18657407451923075 0.6379638677884615 0.17469907451923075 0.6384472668269231 0.1655092596153846 0.6554150384615384 0.16933642067307692 0.6762597668269231
0 0.7144135793269231 0.27747558653846155 0.712631173076923 0.26868652403846155 0.712631173076923 0.26567382932692307 0.7092592596153846 0.25638671875 0.7062808653846153 0.24910644471153848 0.70509259375 0.24759765625 0.7033063269230768 0.24308105528846152 0.6986882716346153 0.2421875 0.6987461418269232 0.2390625 0.6925964495192307 0.2398144519230769 0.6890239206730769 0.24031738221153848 0.6846604927884615 0.2453417956730769 0.6830748461538462 0.25111328125 0.6824807091346153 0.2624121081730769 0.68228009375 0.27069335817307694 0.6834722211538462 0.27747558653846155 0.6882330240384615 0.28324706971153846 0.6923958341346155 0.28726562499999997 0.6951736105769231 0.2890234375 0.6977546298076922 0.29077636778846155 0.7039043221153847 0.29103027403846154 0.7096566346153845 0.29027831971153845 0.7142168221153846 0.28601074278846156 0.7144135793269231 0.28324706971153846 0.7144135793269231 0.27747558653846155
0 0.7658796298076923 0.6056445312500001 0.763263889423077 0.59931640625 0.7606442908653845 0.5938964831730769 0.7554089495192307 0.5863623052884616 0.7523148149038461 0.5857617187499999 0.7489814807692308 0.5854589855769231 0.7451736105769231 0.5854589855769231 0.7425540120192308 0.5827490240384615 0.7385069447115384 0.58154296875 0.7346990745192308 0.583955079326923 0.7275578701923078 0.5869677740384616 0.7204166658653846 0.5902783197115384 0.71875 0.595703125 0.7199421298076923 0.6053417980769231 0.723036264423077 0.6104638677884615 0.73017746875 0.621005858173077 0.7385069447115384 0.6300439447115385 0.7385069447115384 0.6306494134615386 0.7463618822115384 0.6405908197115384 0.7496952163461538 0.6360693365384615 0.7615972211538462 0.637578125 0.7661188269230769 0.6360693365384615 0.7677854927884616 0.6333593750000001 0.7677854927884616 0.6279345697115384 0.767546295673077 0.6179980480769232 0.7673109567307693 0.6131738269230769 0.7658796298076923 0.6056445312500001
0 0.6487229927884616 0.6726708990384616 0.653483795673077 0.6612255865384615 0.6610995360576923 0.6585156249999999 0.6689544759615385 0.65791015625 0.6746682091346153 0.6497802740384616 0.6696682091346153 0.6395361322115385 0.6653858028846155 0.6371240240384615 0.6570216057692307 0.62646484375 0.6516203701923077 0.62109375 0.6469907403846153 0.61865234375 0.6413464495192307 0.62296875 0.6358719134615385 0.6268847668269231 0.6284915120192308 0.6289892572115385 0.618256173076923 0.6317041009615385 0.6107253076923077 0.6357421875 0.6041666658653846 0.64208984375 0.6007368822115384 0.6422167980769231 0.5987384254807693 0.6503808605769231 0.6008796298076923 0.6594189447115385 0.6161265432692308 0.67333984375 0.6268248461538461 0.6814111322115385 0.6425347211538461 0.6802050769230769 0.6487229927884616 0.6726708990384616
0 0.8902932091346153 0.6633642572115386 0.8829783942307692 0.6538671875000001 0.8791820985576924 0.65001953125 0.870443673076923 0.65001953125 0.8586651225961539 0.6569921875 0.8513541658653847 0.6619189447115384 0.8458449062500001 0.6704541009615385 0.8465123461538462 0.6777880865384615 0.8558179014423076 0.6805517572115385 0.8629398149038461 0.6807910168269231 0.8664351850961538 0.6812499999999999 0.8807947524038462 0.6840380865384615 0.8874421298076923 0.6845166009615385 0.8950385793269231 0.6726171875 0.8902932091346153 0.6633642572115386
0 0.7881944447115384 0.3515625 0.7839506177884614 0.33837890625 0.7773919759615384 0.33056640625 0.7610223774038462 0.321875 0.7491782403846153 0.31875 0.7486844134615385 0.32687011778846153 0.7501658942307692 0.3424853509615385 0.7511535504807691 0.36435058653846153 0.7501658942307692 0.37309570432692307 0.7486844134615385 0.38059081971153846 0.7590509254807691 0.3980859375 0.7797800937499999 0.3980859375 0.797546295673077 0.3974609375 0.7959104927884616 0.37939453125 0.7881944447115384 0.3515625
0 0.013757716346153847 0.8165625 0.009494598557692307 0.8291552740384615 0.010914350961538461 0.84984375 0.017310956730769232 0.8570410168269231 0.04147762259615385 0.8588427740384615 0.07914737740384616 0.8561425793269231 0.04645061778846154 0.8219580072115384 0.03294753125 0.8138623052884615 0.013757716346153847 0.8165625
0 1 0.39453125 0.9984567908653846 0.38818359375 0.9957561730769231 0.37744140625 0.9918981490384616 0.36865234375 0.9806905865384615 0.36724609375 0.9769212956730768 0.36724609375 0.97017746875 0.37226562500000004 0.9660493822115386 0.3798828125 0.9687885793269231 0.39059570432692303 0.9739467596153847 0.39662109375 0.9810841057692308 0.40013183653846157 0.9862422836538461 0.4028955072115385 0.9927893509615384 0.4041503918269231 0.9977469134615385 0.40565918028846154 1 0.40465331971153845 1 0.39453125
0 0.34025077163461537 0.6285302740384615 0.3086419759615385 0.61279296875 0.2901234567307692 0.61328125 0.28279320913461536 0.62109375 0.28279706730769233 0.6442724615384615 0.2723765432692308 0.67041015625 0.27865355048076923 0.6735058581730768 0.28694444471153846 0.683251951923077 0.29227623557692306 0.6899951177884615 0.3005671298076923 0.6944970697115385 0.3201118822115384 0.7087353509615385 0.32248070913461535 0.710986326923077 0.3307754639423077 0.7207324206730769 0.3603395072115385 0.69873046875 0.3621643509615385 0.683251951923077 0.3568364206730769 0.6615136706730769 0.35209490625 0.6427734375 0.34025077163461537 0.6285302740384615
0 0.7366898149038461 0.4633642572115385 0.7564313269230769 0.467109375 0.7737075625000001 0.47085937499999997 0.7801234567307692 0.468359375 0.7801234567307692 0.4571142572115384 0.7746952163461539 0.4489941418269231 0.7615740745192308 0.44384765625 0.7538580240384616 0.43408203125 0.7476851850961539 0.42578125 0.7431057091346154 0.42275878846153847 0.7386651225961539 0.4133886706730769 0.732638889423077 0.4091796875 0.7268518509615384 0.40625 0.7229938269230769 0.40966796875 0.7172067908653846 0.41162109375 0.7106481490384616 0.416015625 0.6948302475961537 0.42431640625 0.6956018509615384 0.43310546875 0.7106481490384616 0.451171875 0.7169483028846154 0.4596142572115385 0.7268171298076923 0.4627392572115384 0.7366898149038461 0.4633642572115385
0 0.10022376442307693 1 0.0991049375 0.9900146490384615 0.07559799278846155 0.9503466802884616 0.058807870192307696 0.9106787115384616 0.02802469230769231 0.9248486322115385 0 0.93263671875 0 1 0.04649691346153846 1 0.10022376442307693 1
0 0.3342862644230769 0.6289648437500001 0.3416898149038462 0.63365234375 0.3453935192307692 0.6383349615384616 0.35209490625 0.6427734375 0.3577314807692308 0.6513525384615384 0.36349151201923074 0.6477050769230769 0.36760416586538464 0.6388574230769231 0.36719135817307696 0.6284472644230769 0.36199459855769234 0.6087792956730769 0.35197144951923076 0.6008544927884615 0.34744984615384616 0.5862792980769231 0.3297608028846154 0.5831542956730769 0.31289737740384616 0.5732666009615385 0.3001466057692308 0.5909667956730769 0.29151234615384614 0.6024169927884615 0.29151234615384614 0.60970703125 0.3227700625 0.6216796874999999 0.3264737644230769 0.6247998052884616 0.3342862644230769 0.6289648437500001
0 0.8103009254807693 0.46121093750000003 0.8009799375 0.45895507932692303 0.7972106490384616 0.45895507932692303 0.7904668221153847 0.4637255865384615 0.7880864206730769 0.46949706971153843 0.7815393509615384 0.48380859375 0.7793209879807693 0.4951171875 0.78669753125 0.50087890625 0.7926466057692308 0.5011279302884616 0.7993904326923077 0.501630858173077 0.804151235576923 0.501630858173077 0.8029629639423077 0.49334472596153844 0.804151235576923 0.4898339855769231 0.8146643509615384 0.488828125 0.8186304014423077 0.4762744134615385 0.8192283942307692 0.47275878846153846 0.8154591057692309 0.46347168028846153 0.8103009254807693 0.46121093750000003
0 0.5643981490384615 0.3899658197115385 0.5685648149038461 0.3889599615384615 0.5760995360576924 0.3899658197115385 0.5776890432692308 0.3889599615384615 0.5780864206730769 0.38193359375 0.57709490625 0.37490234375 0.5764969134615385 0.36486328125 0.5757060192307693 0.3583349615384615 0.5745138894230769 0.3540673822115385 0.57134259375 0.3487939447115384 0.5628124999999999 0.3437744134615385 0.5574575625 0.3432714855769231 0.5451581778846154 0.34226562499999996 0.541388889423077 0.3455322259615385 0.5403973774038462 0.3540673822115385 0.5403973774038462 0.36310546875 0.5402006177884615 0.37390136778846156 0.5423804014423077 0.37942382692307697 0.5495216057692308 0.38720703125 0.5624151225961538 0.3927294927884616 0.5626118822115385 0.3922265625 0.5643981490384615 0.3899658197115385
0 0.6431018509615385 0.3712792980769231 0.6352276225961538 0.37156249999999996 0.6323070985576924 0.3775390625 0.6296064807692308 0.3815234375 0.6300578701923077 0.38978027403846155 0.6316319447115385 0.40088378846153844 0.6352276225961538 0.4054345697115384 0.6559220673076923 0.39718261778846153 0.6608680552884615 0.3826660168269231 0.6556983028846154 0.3761181634615385 0.6502970673076922 0.3758300793269231 0.6431018509615385 0.3712792980769231
0 0.606211420673077 0.6795703125 0.6012114206730769 0.67173828125 0.5964544759615384 0.66029296875 0.5981172836538462 0.6527587884615385 0.5981172836538462 0.6485449230769231 0.6007368822115384 0.6422167980769231 0.5956790120192308 0.63427734375 0.5883487644230769 0.6318359375 0.5787037043269231 0.62939453125 0.5752700625 0.6316748052884615 0.5681288581730769 0.635888670673077 0.5631288581730769 0.6401074230769231 0.5567013894230769 0.6476367187500001 0.5547993822115385 0.65396484375 0.5578935192307692 0.6593896490384614 0.5578935192307692 0.6657128918269231 0.5607484567307692 0.6735449206730769 0.5600347211538461 0.685595701923077 0.5607484567307692 0.7018652331730769 0.5617013894230769 0.7066845697115384 0.5695563269230769 0.71361328125 0.5843132716346153 0.7118066394230769 0.5897878076923078 0.7081933605769231 0.6012114206730769 0.7045751947115384 0.6095447524038462 0.7006591802884615 0.6078780865384615 0.6910205072115385 0.606211420673077 0.6795703125
0 0.23336033894230768 0.592841798076923 0.2415200625 0.5849707043269231 0.2446296298076923 0.5707080072115385 0.2438541658653846 0.5598828124999999 0.23180555528846153 0.5500488269230769 0.21742283894230768 0.5456201177884615 0.21275848798076924 0.5456201177884615 0.2115933653846154 0.5643115240384615 0.2104282403846154 0.5697216802884616 0.2108179014423077 0.5864453125 0.2220871923076923 0.5913671875 0.23336033894230768 0.592841798076923
0 0.4167554014423077 0.511318360576923 0.41593364182692305 0.5019482427884616 0.41140817788461537 0.49726074278846155 0.40770447596153847 0.49205566346153845 0.4040046298076923 0.4889355480769231 0.3994791658653846 0.4889355480769231 0.3896604927884615 0.4970703125 0.38425925961538465 0.50146484375 0.375 0.50341796875 0.36766975240384614 0.5078125 0.3649691346153846 0.5107421875 0.36204861057692306 0.518603514423077 0.3649305552884616 0.5279785144230769 0.3686304014423077 0.5337011730769231 0.3920756177884615 0.5380761706730769 0.40354938221153847 0.5244140625 0.41058642067307694 0.5232910168269231 0.41634259375 0.5149609374999999 0.4167554014423077 0.511318360576923
0 0.3184760793269231 0.4314990240384615 0.30292824038461535 0.4231396490384615 0.2939891971153846 0.42363281249999996 0.2893248461538462 0.4305175793269231 0.2893248461538462 0.44232421875 0.30059799278846155 0.45314453125000004 0.3153665120192307 0.4590478509615385 0.3246913581730769 0.46150390625 0.33246527884615384 0.4541259759615385 0.3390740745192308 0.4541259759615385 0.326246141826923 0.4383886706730769 0.3184760793269231 0.4314990240384615
0 0.8880555552884615 0.4720068365384616 0.8880555552884615 0.4622167956730769 0.8876581778846154 0.4587011706730769 0.8872646610576923 0.4519238293269231 0.8872646610576923 0.44866211057692307 0.8872646610576923 0.4421337884615385 0.8872646610576923 0.43912109374999997 0.8848842596153846 0.4366113293269231 0.8842862644230769 0.435859375 0.8779398149038461 0.43711425721153846 0.8765509254807693 0.4393701177884616 0.8741705240384616 0.44489746153846155 0.8624691346153845 0.45443359375000003 0.8575115745192308 0.45619140625 0.8573109567307693 0.4569433581730769 0.854733795673077 0.46347168028846153 0.8537422836538462 0.46824218749999996 0.8521527788461539 0.47451660096153847 0.8555246923076923 0.4747705072115384 0.867627314903846 0.47803222596153844 0.8692129639423077 0.4865673822115385 0.8715933653846153 0.4913378894230769 0.8787345673076923 0.4898339855769231 0.8831018509615384 0.48876953125 0.8830979927884616 0.4865673822115385 0.8862731490384615 0.4810449230769231 0.8874614206730769 0.4757714855769231 0.8880555552884615 0.4720068365384616
0 0.39602623557692307 0.596171875 0.40638888942307694 0.6036669927884616 0.41774305528846156 0.611787110576923 0.4231712956730769 0.616787110576923 0.4261342596153846 0.5980419927884616 0.4274691346153846 0.58251953125 0.42515432211538456 0.56396484375 0.4189814807692308 0.55126953125 0.3920756177884615 0.5380761706730769 0.3757870360576923 0.5387011706730769 0.38862268509615383 0.5699316418269231 0.3841782403846154 0.5824267572115385 0.39602623557692307 0.596171875
0 0.5026311730769231 0.38750488221153845 0.5064004639423076 0.3842431634615385 0.5087808653846154 0.38524902403846156 0.5143325625 0.38826171875 0.5157214495192307 0.3870019543269231 0.5157214495192307 0.38147949278846155 0.5139351850961538 0.3714404302884615 0.51080246875 0.361328125 0.5014390432692308 0.35637695432692307 0.4917206778846154 0.35361328125 0.4871566346153846 0.35687988221153844 0.47803240625 0.3618994134615384 0.4760493822115385 0.37645996153846156 0.47704089423076923 0.3824853509615384 0.48557098798076925 0.39026855528846155 0.49548996875 0.3940332019230769 0.4998533942307692 0.3922753918269231 0.4998533942307692 0.39126953124999997 0.5026311730769231 0.38750488221153845
0 0.7208024687500001 0.5501318365384615 0.7176620360576924 0.5432275384615385 0.7105555552884616 0.53193359375 0.7060918221153846 0.52962890625 0.6998109567307692 0.5250292956730769 0.6915432091346154 0.5223095697115384 0.6887345673076923 0.5212646490384615 0.6847685192307692 0.5212646490384615 0.6826195985576924 0.5216796875 0.682453704326923 0.5277490240384616 0.6811304014423077 0.5287939447115385 0.6781558653846154 0.5321435552884616 0.6773302475961539 0.536953125 0.6771643509615385 0.5434375 0.6786496923076922 0.5484619134615385 0.683445216346154 0.55431640625 0.6880748461538461 0.56080078125 0.6903858028846154 0.564775391826923 0.6993132716346153 0.5649853509615385 0.70794753125 0.57373046875 0.717496141826923 0.5704248052884615 0.7211342596153846 0.564775391826923 0.7234452163461539 0.5578759759615385 0.7208024687500001 0.5501318365384615
0 0.13386188221153847 0.504794920673077 0.12803240625 0.5225000000000001 0.13775077163461538 0.5293896490384615 0.1599035504807692 0.5446386730769232 0.17389274759615383 0.5421777355769231 0.18127700721153847 0.526435548076923 0.1785570985576923 0.50380859375 0.14863040144230769 0.48708496153846154 0.13813657451923078 0.49249511778846156 0.13386188221153847 0.504794920673077
0 0.69638503125 0.3383544927884615 0.6947646610576924 0.34982910096153846 0.6970331778846154 0.3584375 0.7086921298076923 0.3682763677884615 0.7190586418269231 0.3666357427884615 0.7213233028846153 0.36048828125 0.7281249999999999 0.3309716802884616 0.711608795673077 0.3186767572115385 0.7057793221153846 0.32564453125 0.69638503125 0.3383544927884615
0 0.9458680552884615 0.2269824230769231 0.9315547836538461 0.23323242067307692 0.9202006177884615 0.23572753846153846 0.9131944447115384 0.248046875 0.9118094134615385 0.26259277403846154 0.9118094134615385 0.26508788942307693 0.9221759254807692 0.2657128894230769 0.9305671298076923 0.2719628894230769 0.9414236105769231 0.2719628894230769 0.9488271610576924 0.2719628894230769 0.9828858028846154 0.27008788942307693 0.9853510793269231 0.23885253846153848 0.97646990625 0.2269824230769231 0.9596875 0.22448730528846153 0.9458680552884615 0.2269824230769231
0 0.5944521610576923 0.5816943365384616 0.5787422836538462 0.58048828125 0.5699382716346154 0.5816943365384616 0.5563695985576923 0.59103515625 0.5520833341346154 0.59826171875 0.54946759375 0.608203125 0.5527970673076923 0.6091064447115385 0.5597029326923078 0.6154345697115384 0.5656520072115385 0.620859375 0.5716010793269231 0.6283886730769231 0.5746952163461538 0.6292919927884615 0.5808873461538462 0.6295947259615384 0.5927854927884615 0.6335107427884614 0.6007368822115384 0.6422167980769231 0.61611496875 0.6308007812499999 0.6144483028846154 0.61091796875 0.6082600312499999 0.5916357427884615 0.6063541658653846 0.5856103509615385 0.5944521610576923 0.5816943365384616
0 0.4099266971153846 0.7654052740384615 0.4274691346153846 0.76904296875 0.43788580288461537 0.7509765625 0.4346064807692308 0.738857423076923 0.43090277884615386 0.7305273437500001 0.4212962956730769 0.7216796875 0.40702160576923074 0.71337890625 0.39891975240384614 0.70068359375 0.3877160504807692 0.6972119134615385 0.3700308653846154 0.6956494134615384 0.35892361057692307 0.6956494134615384 0.34822916586538466 0.7013769519230769 0.3412384254807692 0.7143896490384616 0.33753472115384614 0.7216796875 0.34740740625 0.7268847668269232 0.3655054014423077 0.7362548822115385 0.37619984615384616 0.7445849615384615 0.3877160504807692 0.7596826177884615 0.4099266971153846 0.7654052740384615
0 0.10828703605769231 0.7598925793269231 0.11188271634615385 0.74462890625 0.10223765384615385 0.72119140625 0.06597222115384616 0.716796875 0.0606674375 0.7230126947115385 0.05213734615384616 0.7311083990384616 0.045030865384615384 0.7481982427884616 0.035081019230769235 0.76708984375 0.02655092548076923 0.7940722668269231 0.039344134615384614 0.8129638677884615 0.07488040144230769 0.7814794927884615 0.1000771610576923 0.7680419927884615 0.10828703605769231 0.7598925793269231
0 0.4838464495192308 0.9243261706730769 0.5043132716346154 0.926484375 0.5324614206730769 0.920009766826923 0.573398920673077 0.9167724615384615 0.5989853389423077 0.9081347668269231 0.611111110576923 0.89892578125 0.6168981490384616 0.88134765625 0.6134259254807692 0.869140625 0.5802469134615384 0.85791015625 0.5043132716346154 0.831494141826923 0.4770216057692308 0.8239404302884614 0.44205246875 0.8142236322115385 0.42840663461538464 0.8325732427884615 0.4190239206730769 0.88978515625 0.42840663461538464 0.91029296875 0.44290509375 0.9113720697115385 0.4838464495192308 0.9243261706730769
0 0.3053433653846154 0.5184033197115384 0.2965393509615385 0.5066503894230769 0.2917785504807692 0.5021337884615384 0.28249228365384615 0.49309570432692307 0.26964120432692307 0.48797363221153844 0.2603587956730769 0.48857910096153845 0.2586921298076923 0.49490234375000003 0.2575 0.502734375 0.2541705240384615 0.507255858173077 0.2513117283653846 0.5123779302884615 0.24869598798076925 0.5165917956730769 0.2451234567307692 0.5244238293269231 0.24440972115384613 0.53255859375 0.24559799278846153 0.540390625 0.24940972115384616 0.5506347668269231 0.25347222115384616 0.55810546875 0.27463734615384616 0.5641894519230769 0.2982021610576923 0.5554541009615385 0.3043942908653846 0.548828125 0.30677469230769233 0.5241259759615384 0.3053433653846154 0.5184033197115384
0 0.08602623557692309 0.77671875 0.07094521634615385 0.7845263677884616 0.061346449519230774 0.793203125 0.05517746875 0.8248730456730768 0.05517746875 0.833984375 0.05997685096153846 0.8417919927884616 0.07094521634615385 0.8474316418269231 0.09048225240384615 0.8482958990384616 0.11550154326923077 0.8417919927884616 0.13161265384615384 0.8396240240384615 0.1456674375 0.8270410144230769 0.1456674375 0.8179296875000001 0.1449807091346154 0.8118603509615384 0.13538194471153847 0.7923388677884616 0.12578703605769231 0.7762841802884615 0.12064429086538463 0.7697802740384615 0.1000771610576923 0.7680419927884615 0.08602623557692309 0.77671875
0 0.8502777788461539 0.6201171875 0.8515123461538461 0.6138720697115384 0.8506905865384616 0.6091845697115384 0.8441358028846154 0.60009765625 0.840277778846154 0.5908203125 0.8297106490384615 0.5753466802884616 0.8235416658653846 0.5748291009615385 0.8144945985576922 0.5873193365384616 0.8128472211538462 0.5992919927884615 0.8144945985576922 0.6071044927884615 0.8287037043269231 0.6328125 0.8416396610576923 0.6279248052884616 0.8465779326923077 0.6242822259615385 0.8502777788461539 0.6201171875
0 0.6497145072115385 0.42672851682692303 0.6584606490384615 0.4279589831730769 0.670443673076923 0.4291894519230769 0.6746527788461538 0.4275488269230769 0.6736805552884615 0.4164794927884615 0.6594290120192308 0.40213378846153847 0.6370833341346154 0.4156640625 0.6406442908653845 0.4254980456730769 0.6497145072115385 0.42672851682692303
0 0.2907445985576923 0.86734375 0.28284722115384614 0.8573486322115385 0.27248456730769227 0.853603516826923 0.2586612644230769 0.853603516826923 0.23250385817307692 0.8542236322115385 0.21621527884615382 0.8573486322115385 0.20634259375000003 0.87171875 0.19696759375 0.90794921875 0.19153549278846155 0.9160693365384615 0.18363811778846154 0.9341845697115385 0.18660107932692307 0.9560498052884616 0.1910416658653846 0.958544920673077 0.28087577163461536 0.9597949230769232 0.30407021634615383 0.9410546875 0.3030864206730769 0.9191943365384615 0.2976543221153846 0.889208983173077 0.29617669711538464 0.8804638677884615 0.2907445985576923 0.86734375
0 0.8912731490384616 0.4636425793269231 0.8885300937499999 0.4679785144230769 0.8861304014423077 0.4757910144230769 0.8864737644230769 0.48967285096153845 0.8873456778846154 0.50244140625 0.8916165120192308 0.49921386778846155 0.89915509375 0.5013818365384616 0.9005246923076923 0.504853516826923 0.9094367283653846 0.5083251947115385 0.9142361105769231 0.51005859375 0.9238348774038462 0.5135302740384615 0.9269174375 0.5061572259615384 0.9378858028846154 0.5026855480769231 0.9344598774038461 0.4970458990384615 0.9173225312500001 0.47145019471153843 0.9060108028846153 0.46190918028846156 0.8946990745192308 0.4584375 0.8912731490384616 0.4636425793269231
0 0.26851851923076925 0.61962890625 0.2600308653846154 0.609375 0.2557870360576923 0.607421875 0.2430555552884615 0.609375 0.23032793269230767 0.61794921875 0.22381558653846156 0.62228515625 0.2310146610576923 0.6348681634615385 0.23186728365384615 0.64697265625 0.23765432211538462 0.65478515625 0.25603394951923075 0.65134765625 0.2658179014423077 0.64453125 0.26774691346153845 0.6357421875 0.27160493750000003 0.62353515625 0.26851851923076925 0.61962890625
0 0.7185339495192308 0.63021484375 0.7255285504807693 0.63021484375 0.7304629639423077 0.6291748052884615 0.7325192908653846 0.6265722668269231 0.7325192908653846 0.623447264423077 0.7172993822115384 0.595859375 0.7078395072115384 0.5739941418269231 0.6996141971153846 0.5661865240384615 0.6851851850961539 0.56494140625 0.6732253076923077 0.55517578125 0.659336420673077 0.56005859375 0.6551929014423077 0.572431639423077 0.6419753076923077 0.59423828125 0.6678240745192308 0.619140625 0.684413579326923 0.61474609375 0.6890432091346154 0.630859375 0.704961420673077 0.6343798822115385 0.7185339495192308 0.63021484375
0 0 0.7158154302884616 0.0009645072115384615 0.7248095697115384 0.011624228365384615 0.7284082019230769 0.011624228365384615 0.7544921874999999 0.010914350961538461 0.7598925793269231 0.010914350961538461 0.7643896490384615 0.03792438221153846 0.7571923822115385 0.05640046394230769 0.7194140625000001 0.04432098798076923 0.6987207043269231 0.034367283653846156 0.6924267572115385 0.018730709134615383 0.6807324206730769 0.0016743822115384615 0.6762353509615384 0 0.682529295673077 0 0.7158154302884616
0 0.10590663461538462 0.6227197259615385 0.10213734615384616 0.6248876947115385 0.09973765384615385 0.6357324230769231 0.09802083413461539 0.6400732427884616 0.095625 0.6465771490384615 0.09390817788461538 0.6643652331730769 0.09596450721153847 0.6704394519230769 0.09939429086538462 0.6760791009615384 0.10419367307692308 0.6804150384615385 0.11104552403846155 0.6851855480769231 0.11721836538461537 0.68822265625 0.1312692908653846 0.6925634759615384 0.14395061778846155 0.695166016826923 0.15320601923076924 0.6925634759615384 0.1556057091346154 0.68822265625 0.16417438221153846 0.6708740240384615 0.16383101923076923 0.6561230456730769 0.1597183653846154 0.6444091802884616 0.14155478365384616 0.6352978509615385 0.1292129639423077 0.6257568365384615 0.12373070913461538 0.6227197259615385 0.11276234615384614 0.6227197259615385 0.10590663461538462 0.6227197259615385