0 0.3610416658653846 0.4801416009615384 0.36247299278846157 0.4861669927884616 0.36485339423076923 0.49219238221153844 0.37151620432692306 0.49309570432692307 0.3769907403846154 0.48767089903846156 0.3805632716346154 0.4849609375 0.3810378076923077 0.4698974615384615 0.37961033894230767 0.46357421875000004 0.3753240745192308 0.4518261730769231 0.37373070913461537 0.44375 0.3641358028846154 0.4391699206730769 0.3531867283653846 0.43374999999999997 0.3450964495192308 0.43495605528846154 0.3405709879807692 0.435859375 0.3405709879807692 0.44158203125 0.33995370432692307 0.4493701177884616 0.34200231490384614 0.46357421875000004 0.34009644951923074 0.47291015625 0.3484259254807692 0.48737304567307693 0.35509259374999996 0.4810449230769231 0.3610416658653846 0.4801416009615384
0 0.9404359567307693 0.3978857427884615 0.9260416658653846 0.39476074278846157 0.9132908942307693 0.3906005865384615 0.9030092596153847 0.39476074278846157 0.9063001538461539 0.4103808581730769 0.9095871923076922 0.4207910144230769 0.9137037043269232 0.43432617307692306 0.9182253076923076 0.43796874999999996 0.9248070985576924 0.4462988293269231 0.9309760793269231 0.45566894471153846 0.9424922836538462 0.4619140625 0.9527777788461538 0.45879394471153845 0.9527777788461538 0.4421337884615385 0.9511304014423078 0.41662597596153844 0.9486651225961539 0.40309081971153843 0.9404359567307693 0.3978857427884615
0 0.5981944447115385 0.6037890625 0.5928626538461539 0.591796875 0.5857561730769231 0.591796875 0.5721334879807692 0.6082910144230769 0.5585108028846154 0.6247802740384615 0.5525848774038461 0.6420214855769231 0.5561419759615385 0.6525146490384616 0.5596952163461538 0.6592626947115385 0.5787037043269231 0.6748046875 0.5856481490384615 0.64111328125 0.5964158942307692 0.62328125 0.6017476850961538 0.6150341802884616 0.5981944447115385 0.6037890625
0 0.6084490745192308 0.5538867187500001 0.6101620360576923 0.5517187499999999 0.6153047836538461 0.546298826923077 0.6158757716346154 0.533642579326923 0.6110185192307692 0.5256933581730769 0.5961651225961538 0.5184619134615385 0.5881674375 0.5188232427884615 0.5784567908653846 0.5224365240384615 0.5716010793269231 0.5260546875000001 0.5658912043269231 0.5350927740384616 0.5687461418269231 0.5441259759615384 0.5744598774038462 0.54955078125 0.5850270072115384 0.5556982427884616 0.6084490745192308 0.5538867187500001
0 0.6030478389423076 0.8448681634615384 0.6148958341346155 0.8433691418269231 0.6184490745192307 0.8418701177884615 0.6273341057692308 0.8328759759615385 0.6261496923076924 0.8178808581730769 0.6153549375 0.8056640625 0.5947569447115385 0.770654295673077 0.5840972211538461 0.7601611322115385 0.5627739206730769 0.74966796875 0.5473726850961539 0.7631591802884615 0.5349382716346154 0.7721533197115384 0.5278279326923078 0.7856494134615384 0.5278279326923078 0.8006396490384616 0.5195370360576923 0.8156347644230769 0.5189467596153846 0.8343750000000001 0.5384915120192308 0.8493652355769231 0.5692901225961539 0.8433691418269231 0.6030478389423076 0.8448681634615384
0 0.6554861105769232 0.16790527403846156 0.6102469134615385 0.17734863221153846 0.5976543221153846 0.20037109375 0.6018518509615385 0.22397949278846155 0.6144444447115385 0.2405078125 0.6596836418269232 0.2741552740384615 0.7030594134615384 0.29068359374999997 0.7301080240384615 0.3083886730769231 0.7427006177884615 0.29835449278846154 0.7548263894230769 0.28064453125 0.7571604927884615 0.26116699278846156 0.7002584879807692 0.18325195432692307 0.6881327163461539 0.17380859375 0.6554861105769232 0.16790527403846156
0 0.9613271610576923 0.6204345697115384 0.9601427475961538 0.5949462884615385 0.9500733028846154 0.5859521490384615 0.9240123461538462 0.5642138677884615 0.9163117283653845 0.5559667956730769 0.9032793221153846 0.5417236322115385 0.8831442908653847 0.54697265625 0.8594521610576924 0.5642138677884615 0.8668981490384616 0.58203125 0.8877314807692307 0.58837890625 0.9186805552884615 0.6204345697115384 0.950663579326923 0.6309277331730769 0.9613271610576923 0.6204345697115384
0 0.9021257716346154 0.39052246153846154 0.9099537043269231 0.39120605528846153 0.9185879639423077 0.3888134759615385 0.9283063269230769 0.38129882692307693 0.9355941346153845 0.37207519471153844 0.9420717596153847 0.3659277331730769 0.9439583341346154 0.3590917956730769 0.9353240745192307 0.3409912115384615 0.9307330240384615 0.33825683653846156 0.9226388894230768 0.3372314447115385 0.9204783942307693 0.33825683653846156 0.8926774687500001 0.3549951177884615 0.8861998461538462 0.3666113269230769 0.8856597211538462 0.37480956971153845 0.8889004639423077 0.38642089903846155 0.9021257716346154 0.39052246153846154
0 0.44787808653846156 0.28738769471153847 0.43451003125 0.29996581971153846 0.42457175961538457 0.31081543028846154 0.42388503125 0.33423828125 0.431423610576923 0.34508300721153845 0.43930941346153846 0.3511572259615384 0.4454783942307692 0.34638671875000004 0.4509606490384615 0.3472509759615384 0.4578163581730769 0.3602685552884616 0.4639891971153846 0.35853027403846155 0.47050154326923077 0.352890625 0.47392746875 0.3494238269230769 0.4759837956730769 0.3455175769230769 0.4763271610576923 0.3372753918269231 0.4749575625 0.33423828125 0.4746141971153846 0.3194873052884616 0.4687847211538462 0.31124511778846153 0.46364583413461535 0.3034375 0.45610339423076923 0.29085937500000003 0.44787808653846156 0.28738769471153847
0 0.6491280865384615 0.5828027331730768 0.6390625000000001 0.591796875 0.6355054014423077 0.604541014423077 0.6420216057692307 0.6172851562499999 0.6532754639423076 0.6210302740384616 0.65919753125 0.6405224615384615 0.6627507716346154 0.64501953125 0.6704513894230769 0.6502685552884616 0.6888117283653846 0.6210351562499999 0.6876273149038461 0.6097900384615385 0.6763734567307692 0.5872998052884616 0.661566358173077 0.58205078125 0.6491280865384615 0.5828027331730768
0 0.3398379639423077 0.26135742307692306 0.3288695985576923 0.24140625 0.3189313269230769 0.23316406250000002 0.30282021634615386 0.21624511778846156 0.29219521634615386 0.21581054567307692 0.2788271610576923 0.221015625 0.27437114182692307 0.22882324278846153 0.27094521634615387 0.23923339903846155 0.2664891971153846 0.24530761778846152 0.2620331778846154 0.26179199278846155 0.26580246874999996 0.274375 0.2692322524038462 0.28131347596153844 0.2712885793269231 0.29085937500000003 0.2740316346153846 0.2982324206730769 0.2798572524038461 0.3194873052884616 0.2993942908653846 0.31515136778846153 0.3110493822115385 0.30560546875 0.3189313269230769 0.28348144471153847 0.3247569447115385 0.28218261778846154 0.3340123461538462 0.2761083990384615 0.3398379639423077 0.26135742307692306
0 0.44390046394230764 0.47061035096153847 0.4478510793269231 0.4637402355769231 0.4394598774038462 0.4549902331730769 0.4187307091346154 0.42875488221153846 0.4088580240384615 0.4306298822115385 0.40046682211538465 0.43125488221153846 0.39010030769230764 0.4375 0.3841782403846154 0.45312011778846156 0.38763503125 0.4668603509615385 0.4068827163461538 0.48185546875 0.4197183653846154 0.48123046875000003 0.42761188221153845 0.47560546875000004 0.44390046394230764 0.47061035096153847
0 0.8251890432692307 0.3676416009615385 0.8194290120192308 0.36139648317307693 0.8140817908653847 0.35150390625 0.7992746923076923 0.34577636778846155 0.7898148149038462 0.34109375000000003 0.7815895072115384 0.34265625 0.7770640432692308 0.35410644471153846 0.7737731490384616 0.36347656250000004 0.7704822524038462 0.37232910096153843 0.7680169759615385 0.3822167956730769 0.7688387355769231 0.39783203125 0.7713078701923077 0.40251953125 0.7725385793269232 0.40668456971153844 0.7928240745192308 0.41552734375 0.8128472211538462 0.4124121081730769 0.8272453701923077 0.390546875 0.8276543221153846 0.3806542980769231 0.8251890432692307 0.3676416009615385
0 0.8588580240384616 0.48677734375 0.8677430552884615 0.4957714855769231 0.8819598774038462 0.5062646490384616 0.8843287043269231 0.5040185552884615 0.8902507716346153 0.4905224615384615 0.8902507716346153 0.4837792956730769 0.8872878076923078 0.47703124999999996 0.8813657403846153 0.4687841802884615 0.8748495360576923 0.4597900384615385 0.8701118822115385 0.4387988269230769 0.8647839495192307 0.43580078125 0.8458294759615386 0.42680664182692307 0.8322067908653845 0.42680664182692307 0.8233217596153846 0.4328027355769231 0.8120679014423077 0.44779785096153846 0.8132523149038462 0.46054199278846153 0.8470138894230769 0.47028320192307693 0.8520138894230769 0.4765771490384615 0.8588580240384616 0.48677734375
0 0.7523842596153846 0.6565576177884616 0.7609529326923077 0.6569921875 0.7722646610576922 0.653955076923077 0.7798070985576923 0.6452783197115385 0.7825501538461539 0.6339990240384614 0.7828896610576923 0.6053662115384616 0.7770640432692308 0.5953906250000001 0.7671257716346154 0.5851953125 0.7530709879807692 0.573701173076923 0.7458719134615385 0.5745654302884615 0.7328472211538462 0.5862792980769231 0.7208526225961538 0.611005858173077 0.7122839495192307 0.6279248052884616 0.7157098774038461 0.6392041009615385 0.7157098774038461 0.6457128894230769 0.7445023149038461 0.6496142572115384 0.7523842596153846 0.6565576177884616
0 0.4632060192307692 0.5126025384615385 0.44406635817307694 0.5169433605769231 0.44235339423076925 0.539716795673077 0.44435185096153845 0.5509228509615385 0.44549382692307693 0.575146485576923 0.45492283894230773 0.5921337884615384 0.45777777884615384 0.5950292956730769 0.4606327163461538 0.595751951923077 0.46292052403846157 0.59828125 0.4734876538461539 0.5874365240384616 0.49405478365384614 0.5671923822115384 0.4909104927884615 0.5545410168269231 0.4860570985576923 0.5371875 0.47920138942307694 0.522001951923077 0.4632060192307692 0.5126025384615385
0 0.6195408942307693 0.48375488221153845 0.6159722211538461 0.49972168028846153 0.614066358173077 0.5096630865384616 0.61978009375 0.5208105456730769 0.6328703701923076 0.5316552740384616 0.6421527788461538 0.540390625 0.6500077163461538 0.5418994134615385 0.66571759375 0.5440087884615384 0.6788117283653846 0.5340673822115385 0.6845216057692307 0.5190039062499999 0.6845216057692307 0.5123779302884615 0.6823804014423077 0.4994238269230769 0.6773804014423077 0.4982177740384615 0.6647376538461539 0.48779296875 0.6502469134615385 0.47411621153846156 0.63048996875 0.47321288942307693 0.6228742283653846 0.4747216802884615 0.6195408942307693 0.48375488221153845
0 0.47381172836538465 0.7709570312499999 0.4980709879807692 0.771484375 0.5117168221153846 0.7469677740384615 0.5015432091346154 0.7294921875 0.4969135793269231 0.7080078125 0.4749961418269231 0.6690087884615384 0.4708526225961539 0.6637597668269231 0.4489351850961538 0.6735058581730768 0.4309413581730769 0.70703125 0.44984567788461544 0.7470703125 0.4456018509615385 0.77978515625 0.4566358028846154 0.7769531249999999 0.47381172836538465 0.7709570312499999
0 0.0721450625 0.28466796875 0.06912808653846153 0.2784082019230769 0.0650154326923077 0.2740673822115384 0.05850308653846154 0.27060058653846153 0.050960649038461536 0.26712890625 0.043078704326923074 0.26669433653846153 0.03690972115384616 0.2658251947115385 0.03039737740384615 0.26669433653846153 0.02525462980769231 0.2697314447115385 0.025597992788461536 0.2784082019230769 0.029367283653846152 0.28534668028846155 0.031080247596153847 0.29185546875 0.031423610576923076 0.2944580072115385 0.03211033894230769 0.2983642572115385 0.05233410576923077 0.3048681634615385 0.058159721153846156 0.30877441346153844 0.059185956730769235 0.3144140625 0.0682870360576923 0.31591796875 0.07049768509615385 0.3105078125 0.07324074038461538 0.3048681634615385 0.07392746875 0.2940234375 0.0721450625 0.28466796875
0 0 0.6566943365384615 0.0012808653846153846 0.6700927740384616 0 0.71533203125 0.007897377403846153 0.726220701923077 0.03900462980769231 0.7304101562499999 0.04893518509615384 0.742138673076923 0.05091820913461539 0.7622412115384616 0.05422839423076923 0.7672656250000001 0.07342206730769231 0.7572167956730769 0.11512345673076922 0.7362744134615385 0.16939814903846154 0.6968994134615384 0.19123842548076922 0.6793115240384615 0.18064814903846155 0.6483154302884616 0.13773148076923075 0.62890625 0.10455246875 0.60400390625 0.04893518509615384 0.63072265625 0.013194444711538463 0.6474755865384616 0 0.6566943365384615
0 0.42642746875 0.6997412115384616 0.43294367307692305 0.6997412115384616 0.4394598774038462 0.6727539062500001 0.43709105048076924 0.6525146490384616 0.43057484615384617 0.63302734375 0.4104359567307692 0.62328125 0.39859182211538463 0.630029295673077 0.38319058653846155 0.6427734375 0.37193672836538466 0.6570166009615386 0.36483024759615384 0.6690087884615384 0.36423996875000003 0.6877490240384615 0.38911651201923075 0.685498048076923 0.40925154326923074 0.68625 0.42642746875 0.6997412115384616
0 1 0.681640625 0.96875 0.67529296875 0.9606481490384616 0.68701171875 0.9491242283653847 0.712109375 0.9463734567307692 0.73583984375 0.9449768509615384 0.75708984375 0.9562307091346154 0.7638330072115385 0.9822916658653846 0.7720800793269231 1 0.7743310552884615 1 0.7683300793269231 1 0.7218554687500001 1 0.7068652355769232 1 0.6918701177884615 1 0.681640625
0 0.8142245360576923 0.27654296875 0.8156172836538461 0.28755859375 0.8190972211538461 0.2972509759615385 0.827453704326923 0.3082666009615384 0.8385956778846153 0.31928222596153844 0.8479976850961539 0.31399413942307697 0.8549614206730769 0.30033691346153846 0.8368557091346154 0.27345703125000004 0.8284992283653847 0.2690478509615385 0.8142245360576923 0.27654296875
0 0.73353009375 0.5580664062499999 0.7157638894230769 0.5333251947115385 0.7051003076923077 0.5400732427884616 0.6902932091346153 0.5618115240384616 0.6849652788461539 0.5723095697115385 0.6814081778846154 0.588798826923077 0.6831867283653845 0.6052929687499999 0.6908873461538462 0.6262792956730769 0.7074691346153846 0.62703125 0.7370833341346154 0.5865527331730769 0.7424151225961538 0.5760546875 0.7382677475961539 0.5655615240384615 0.73353009375 0.5580664062499999
0 0.22153163461538464 0.615166014423077 0.21610339423076924 0.6061279302884615 0.19982253125 0.6050439447115384 0.1849691346153846 0.603955079326923 0.18011188221153845 0.6104638677884615 0.17554398076923078 0.6241992187500001 0.16897376442307693 0.6346875 0.17211419711538462 0.6440820312500001 0.18268518509615386 0.6538427740384616 0.18639660576923076 0.6599902355769232 0.19153935096153846 0.6679443365384615 0.19439429086538462 0.6704736322115384 0.1966820985576923 0.6719189447115385 0.1995370360576923 0.6690283197115385 0.21010416586538463 0.6654150384615385 0.2201003076923077 0.6636035144230769 0.2301003076923077 0.6646923822115384 0.23067129567307693 0.6440820312500001 0.22981481490384617 0.6339599615384616 0.22638503125 0.6256494134615385 0.22153163461538464 0.615166014423077
0 0.29109182211538465 0.6427734375 0.28724151201923076 0.63302734375 0.2683487644230769 0.621181641826923 0.25910879567307693 0.6193847644230769 0.2498688269230769 0.634677733173077 0.2420486105769231 0.6472705072115384 0.24560185096153847 0.6625634759615384 0.25771605048076923 0.6884765625 0.2953549375 0.6535644519230769 0.2953549375 0.651767576923077 0.29109182211538465 0.6427734375
0 0.47920138942307694 0.522001951923077 0.48348765384615383 0.5343261706730769 0.4908912043269231 0.5305810552884616 0.5100308653846154 0.517578125 0.5402469134615384 0.5249560552884616 0.5427160504807692 0.5237060552884615 0.5516087956730769 0.51267578125 0.5520833341346154 0.494140625 0.5427160504807692 0.47998046875 0.5338310192307693 0.46936035096153844 0.5234645072115385 0.4624902355769231 0.5027353389423077 0.44812011778846156 0.48447530769230773 0.45312011778846156 0.43709105048076924 0.4724853509615385 0.42327160576923073 0.48248046875 0.4143865745192308 0.49372070192307693 0.4173456778846154 0.5037158197115384 0.44695987740384613 0.5143359375000001 0.4731211418269231 0.5162109375 0.47920138942307694 0.522001951923077
0 0.9275655865384616 0.5557421875 0.9423726850961539 0.54599609375 0.9417785504807692 0.5220068365384616 0.9382253076923077 0.5040185552884615 0.9286265432692308 0.490234375 0.9239969134615384 0.482421875 0.9204591057692307 0.48302734375 0.9070216057692307 0.48876953125 0.9008487644230769 0.49853515625 0.8892746923076923 0.5185546875 0.8997260793269231 0.5407470697115385 0.9127584879807693 0.5557421875 0.9275655865384616 0.5557421875
0 0.5525848774038461 0.6420214855769231 0.5484413581730769 0.630029295673077 0.53125 0.6171875 0.5146604927884615 0.615234375 0.5038580240384616 0.615234375 0.4899691346153846 0.61279296875 0.4733796298076923 0.61181640625 0.46670524759615384 0.6210302740384616 0.46078317788461537 0.630029295673077 0.4649266971153846 0.6502685552884616 0.4898032403846154 0.6622607427884616 0.4838811730769231 0.6690087884615384 0.5046103389423077 0.6637597668269231 0.5342245360576923 0.6585156249999999 0.5466628076923077 0.64501953125 0.5525848774038461 0.6420214855769231
0 0.11608410576923077 0.2502001947115385 0.12266589423076923 0.2502001947115385 0.13171682211538463 0.24603515625 0.13171682211538463 0.241875 0.12801311778846153 0.23354492307692307 0.12390046394230768 0.22157226442307693 0.12184413461538461 0.20022949278846153 0.12060956730769232 0.19189941346153847 0.11074074038461539 0.19346191346153846 0.10127700721153846 0.19710449278846154 0.09552083413461537 0.19970703125 0.09346450721153846 0.2064746105769231 0.09017361057692308 0.21324218749999999 0.09346450721153846 0.22573730528846153 0.09963348798076922 0.23614746153846153 0.09963348798076922 0.24343261778846154 0.10416666586538462 0.2490234375 0.11304012259615384 0.2490234375 0.11608410576923077 0.2502001947115385
0 0.07947916586538462 0.25884277403846156 0.09140817788461539 0.25363769471153846 0.0967554014423077 0.24843261778846154 0.09634259375 0.24426757932692308 0.09017361057692308 0.23854003846153848 0.08294753125 0.22607421875 0.06590663461538461 0.20991210817307693 0.0552121923076923 0.2104296875 0.04246142067307693 0.21407226682692307 0.021894290865384615 0.22136230528846154 0.025185185096153844 0.23281249999999998 0.029710649038461538 0.25884277403846156 0.058090278846153844 0.2645703125 0.06919753125 0.26248535096153847 0.07947916586538462 0.25884277403846156
0 0.49750771634615387 0.5259814447115384 0.48928240625 0.557646483173077 0.4954513894230769 0.5580810552884615 0.5091628076923077 0.5667578125 0.5132754639423077 0.5667578125 0.5328125 0.5719628918269231 0.5509799375 0.588447266826923 0.5592052475961539 0.5927880865384615 0.5681172836538462 0.5919189447115385 0.5729166658653846 0.5862792980769231 0.5770293221153846 0.5758691418269231 0.5801157403846153 0.5702294927884616 0.5783989206730769 0.5611181634615384 0.5616049375000001 0.538994139423077 0.5475540120192307 0.5320556634615385 0.5197878076923077 0.5177392572115385 0.5074498461538461 0.5168701177884615 0.49750771634615387 0.5259814447115384
0 0.7510146610576923 0.5752197259615385 0.75923996875 0.57912109375 0.7671257716346154 0.5851953125 0.7712384254807693 0.5899658197115385 0.7842631177884616 0.6086230456730769 0.7866628076923077 0.61599609375 0.7921450625 0.6146923822115384 0.7972878076923077 0.606015625 0.8038001538461538 0.5934375000000001 0.8044868822115384 0.5756494134615384 0.8010570985576924 0.56654296875 0.7907754639423078 0.5530957043269231 0.7846064807692308 0.5400781250000001 0.7719212956730769 0.5309716802884615 0.7619830240384615 0.52966796875 0.750671295673077 0.5344384759615385 0.7328472211538462 0.5509228509615385 0.7424151225961538 0.5760546875 0.7499845673076924 0.5752197259615385 0.7510146610576923 0.5752197259615385
0 0.7110339495192307 0.46826171875 0.70794753125 0.4599609375 0.7069714495192307 0.45119140625000004 0.7055979927884616 0.43861328125 0.69634259375 0.4308056634615385 0.6843479927884615 0.4286328125 0.6805787043269231 0.4295019519230769 0.67201003125 0.436875 0.6672106490384616 0.44381836057692303 0.662411264423077 0.45509765625000004 0.6593248461538461 0.4589990240384615 0.6524729927884615 0.4741845697115385 0.6555555552884615 0.4780859375 0.6739969134615384 0.4951171875 0.6859567908653846 0.48876953125 0.7021720673076923 0.4780908197115385 0.7110339495192307 0.46826171875
0 0.6587500000000001 0.2776953125 0.6368325625 0.2871386706730769 0.6321682091346154 0.3001269519230769 0.63263503125 0.3166552740384615 0.6405632716346153 0.32845703125000003 0.66294753125 0.33613281250000004 0.6834683653846153 0.30366699278846154 0.6769405865384616 0.28241699278846155 0.6718094134615384 0.27887695192307693 0.6587500000000001 0.2776953125
0 0.5240239206730769 0.3177734375 0.5285493822115385 0.3125634759615385 0.5285493822115385 0.3031933605769231 0.5264930552884615 0.2959082043269231 0.5203240745192308 0.2959082043269231 0.5071604927884615 0.2943457043269231 0.48618441346153846 0.29174316346153845 0.48289351923076923 0.29278320432692306 0.47795910576923073 0.2990332019230769 0.4763117283653846 0.30475585817307693 0.4763117283653846 0.3151660144230769 0.47608024759615386 0.33984375 0.4981134254807692 0.3323486322115385 0.5125077163461539 0.3323486322115385 0.5199112644230769 0.32609863221153845 0.5240239206730769 0.3177734375
0 0.5853125 0.3078808605769231 0.5865432091346153 0.30111328125000003 0.5865432091346153 0.29798828125 0.5927160504807693 0.29174316346153845 0.5914814807692308 0.28341308653846153 0.5873688269230769 0.27560546875 0.5820216057692308 0.26623535096153844 0.5737924375 0.26623535096153844 0.568036264423077 0.26623535096153844 0.5635108028846154 0.2599902355769231 0.5543981490384615 0.2548828125 0.5413001538461539 0.26727538942307694 0.5330748461538461 0.27248046875000004 0.5264930552884615 0.2750830072115385 0.5363657403846154 0.31568847596153843 0.5668016971153846 0.3287011730769231 0.5770833341346153 0.32193359374999997 0.5803742283653845 0.31464843750000004 0.5853125 0.3078808605769231
0 0.31685570913461536 0.47710449278846156 0.32330246875 0.470703125 0.3406635793269231 0.47119140625 0.34336419711538463 0.45458984375 0.34220679086538464 0.44921875 0.34104938221153847 0.44140625 0.32692515384615384 0.43437988221153845 0.31330246875 0.42913086057692307 0.2935956778846154 0.427734375 0.2753935192307692 0.43512695192307693 0.26967592548076924 0.4599609375 0.2570331778846154 0.47335937499999997 0.2475578701923077 0.49060058653846156 0.24874228365384615 0.5025927740384616 0.25288966105769234 0.507841795673077 0.27353394951923077 0.50439453125 0.28395061778846153 0.513671875 0.2860570985576923 0.5168359375 0.29316357932692305 0.5093408197115384 0.30516975240384614 0.48828125 0.31685570913461536 0.47710449278846156
0 0.7106481490384616 0.7998046875 0.7261689807692308 0.8057177740384615 0.7831790120192307 0.81103515625 0.8067129639423077 0.7998046875 0.8252314807692307 0.78271484375 0.8225308653846154 0.75390625 0.8100964495192307 0.712451170673077 0.7851080240384616 0.703125 0.7488425937500001 0.70654296875 0.7220756177884616 0.71763671875 0.7091049375 0.76611328125 0.7106481490384616 0.7998046875
0 0.21770447596153847 0.3824316418269231 0.2017129639423077 0.39142578125 0.20052855048076923 0.4446484375 0.2147453701923077 0.45064453125 0.25442901201923074 0.44689453125 0.2875964495192308 0.43415527403846155 0.30062500000000003 0.42815429807692307 0.30486882692307693 0.41284179807692306 0.3278703701923077 0.3921728509615384 0.3385339495192307 0.37493164182692307 0.33142746875 0.3726855456730769 0.3278703701923077 0.36369140625 0.3249112644230769 0.3554443365384615 0.30891975240384617 0.3434472668269231 0.3001543221153846 0.33642578125 0.2689043221153846 0.3525390625 0.24732253125 0.37193359375 0.21770447596153847 0.3824316418269231
0 0.4909104927884615 0.59611328125 0.5000501538461538 0.6116552740384615 0.5089043221153846 0.6170800769230769 0.5191898149038462 0.61744140625 0.5300424375 0.62033203125 0.5354706778846153 0.6235888677884615 0.5320408942307693 0.6112939447115384 0.5363271610576923 0.5997265625 0.5354706778846153 0.5870751947115385 0.5374691346153846 0.578037108173077 0.5291859567307692 0.5693603509615385 0.5211882716346155 0.5693603509615385 0.5129050937499999 0.5689990240384616 0.5009066346153846 0.5740625 0.49005401201923077 0.5740625 0.48634259375 0.575146485576923 0.4829128076923077 0.5802050769230769 0.4909104927884615 0.59611328125
0 0.3005054014423077 0.49231933653846155 0.29316357932692305 0.5093408197115384 0.28919753125000003 0.5284667956730769 0.29197916586538464 0.5378271490384615 0.30653549278846154 0.5517138677884615 0.3155787043269231 0.5502099615384616 0.32176697596153847 0.5465917980769232 0.33224151201923074 0.5423779302884616 0.3348611105769231 0.5402685552884615 0.33557484615384614 0.5336376947115384 0.33938271634615386 0.5200830072115384 0.3493788581730769 0.49357421875 0.34985725240384613 0.4860400384615385 0.3421604927884615 0.4815234375 0.32688657451923075 0.4772558581730769 0.3195486105769231 0.4772558581730769 0.3080439807692308 0.48277831971153845 0.3005054014423077 0.49231933653846155
0 0.8831558653846153 0.5280419927884615 0.8780015432692309 0.51724609375 0.8744290120192308 0.5011816418269232 0.8658989206730769 0.491640625 0.8573726850961538 0.48260253846153844 0.8520138894230769 0.4765771490384615 0.8422955240384616 0.46879394471153846 0.8365432091346154 0.4665332019230769 0.8276157403846154 0.4650292980769231 0.8165084879807692 0.46427734375 0.8109567908653846 0.46427734375 0.8073842596153846 0.469296875 0.8071875000000001 0.4755712884615385 0.8046064807692308 0.491640625 0.7968711418269231 0.5122265625 0.7934992283653847 0.523271485576923 0.8020293221153847 0.5240234375 0.8061959879807692 0.5300488293269231 0.8079783942307692 0.5403417956730769 0.8113503076923076 0.5426025384615385 0.813931326923077 0.5458642572115384 0.8212692908653847 0.5498828125 0.8530054014423077 0.5694628894230769 0.8726427475961539 0.56017578125 0.880976079326923 0.5443603509615385 0.8843479927884614 0.5365771490384615 0.8831558653846153 0.5280419927884615
0 0.2449845673076923 0.31884765625 0.21429012259615382 0.3114404302884616 0.20491126442307694 0.3070703125 0.1674382716346154 0.361328125 0.16898148076923075 0.3779296875 0.19058642067307693 0.37548828125 0.20195216105769231 0.37828125 0.21429012259615382 0.38140625 0.21770447596153847 0.3824316418269231 0.2281095673076923 0.38140625 0.26019290144230767 0.3645410168269231 0.2695717596153846 0.34455078125 0.26809027884615383 0.33330566346153845 0.26463348798076924 0.3239355456730769 0.2449845673076923 0.31884765625
0 0.3787268509615384 0.4467626947115385 0.38682098798076925 0.44495605528846155 0.38801311778846154 0.4326025384615385 0.3942901225961538 0.42138671875 0.3981481490384615 0.41357421875 0.40200617307692305 0.39599609375 0.4043209879807692 0.3818359375 0.40547839423076926 0.37548828125 0.4004629639423077 0.36962890625 0.39372299278846157 0.36843750000000003 0.38372685096153847 0.36663086057692307 0.3727777788461539 0.36994140625 0.36896990625 0.37536621153846156 0.3653973774038462 0.37897949278846155 0.3651620360576923 0.3837988293269231 0.3630169759615385 0.39524902403846157 0.3601620360576923 0.4051904302884616 0.35540123557692305 0.4133251947115385 0.34778549278846155 0.4244677740384616 0.34754629567307693 0.4271826177884615 0.35016589423076927 0.4298925769230769 0.3604012355769231 0.43109863221153844 0.3706365745192307 0.4383300793269231 0.37373070913461537 0.44375 0.3787268509615384 0.4467626947115385
0 0.34778549278846155 0.4244677740384616 0.35540123557692305 0.4133251947115385 0.3601620360576923 0.4051904302884616 0.3630169759615385 0.39524902403846157 0.3651620360576923 0.3837988293269231 0.3653973774038462 0.37897949278846155 0.36009259375 0.37910156250000004 0.34961805528846157 0.37970214903846156 0.33641975240384614 0.38134765625 0.33033950721153843 0.38723632692307697 0.32271990625 0.396875 0.31134259375 0.40087890625 0.30486882692307693 0.41284179807692306 0.30344135817307694 0.41826660096153845 0.30344135817307694 0.4254931634615385 0.3350964495192308 0.43604003846153844 0.34754629567307693 0.4271826177884615 0.34799382692307695 0.42724609375 0.34799382692307695 0.42626953125 0.34778549278846155 0.4244677740384616
0 0.34871527884615383 0.6609814447115384 0.3531712956730769 0.6488330072115385 0.35762731490384614 0.6375537115384616 0.35762731490384614 0.6284472644230769 0.3572878076923077 0.6206347644230769 0.35385802403846156 0.6141308605769231 0.3490586418269231 0.6141308605769231 0.3415200625 0.616298829326923 0.33603394951923077 0.6258447259615385 0.32609567788461535 0.6414599615384616 0.3158140432692308 0.6510058605769231 0.3067129639423077 0.66552734375 0.3384336418269231 0.697421875 0.34048996875 0.6848388677884615 0.34871527884615383 0.6609814447115384
0 0.34390432211538463 0.5926904302884616 0.36009259375 0.5851611322115384 0.3615200625 0.576123048076923 0.3615200625 0.56798828125 0.3567592596153846 0.5568408197115384 0.3524729927884615 0.5535253894230769 0.34366898076923075 0.5490087884615384 0.3350964495192308 0.54388671875 0.3174845673076923 0.5520214855769231 0.3053433653846154 0.5713037115384615 0.30510802403846154 0.5914843750000001 0.3167708341346154 0.5914843750000001 0.34390432211538463 0.5926904302884616
0 0.11998456730769232 0.41357421875 0.11342592548076923 0.390625 0.10763888942307692 0.369140625 0.0995370360576923 0.37158203125 0.08294753125 0.36669921875 0.06904320913461538 0.3732080072115384 0.06844907451923077 0.39419921874999997 0.06844907451923077 0.42418456971153845 0.08799382692307692 0.4346777355769231 0.10102623557692307 0.4354296875 0.11265432211538462 0.4296875 0.12191357932692307 0.421875 0.11998456730769232 0.41357421875
0 0.697816358173077 0.4094140625 0.6907098774038462 0.4026708990384616 0.6907098774038462 0.4019189447115385 0.6847839495192307 0.3951708990384616 0.6764930552884615 0.3921728509615384 0.666423610576923 0.3921728509615384 0.6551697524038461 0.3951708990384616 0.6522106490384616 0.40566894471153847 0.6504320985576922 0.41916015624999997 0.6693865745192308 0.43040527403846157 0.6936689807692308 0.42665527403846154 0.6960378076923077 0.41841308653846154 0.697816358173077 0.4094140625
0 0.3660146610576923 0.7822021490384615 0.3772685192307692 0.7822021490384615 0.3968132716346154 0.789697264423077 0.42669753125 0.79541015625 0.44020061778846153 0.79150390625 0.4502314807692308 0.75927734375 0.4475308653846154 0.74365234375 0.43709105048076924 0.7282275384615384 0.4193209879807692 0.6989941418269231 0.4068827163461538 0.6899951177884615 0.373121141826923 0.6869970697115384 0.34113811778846154 0.7117382812499999 0.33758487740384613 0.73947265625 0.3482484567307692 0.7657080072115385 0.3541705240384615 0.7792041009615385 0.3660146610576923 0.7822021490384615
0 0.5919753076923077 0.41264160096153846 0.5878279326923077 0.3939013677884615 0.5878279326923077 0.3646630865384616 0.5866435192307692 0.35941894471153846 0.5712422836538461 0.34817382692307697 0.5593981490384615 0.3429248052884616 0.545181326923077 0.34667480528846156 0.5392592596153846 0.35191894471153845 0.5363001538461538 0.35866699278846154 0.5333371923076923 0.42837890624999997 0.5416280865384615 0.438125 0.5588040120192308 0.438125 0.5777584879807692 0.438125 0.58486496875 0.42388183653846156 0.5919753076923077 0.41264160096153846
0 0.30915509375 0.73572265625 0.31685570913461536 0.7379736322115384 0.31685570913461536 0.74171875 0.31685570913461536 0.758212889423077 0.31804012259615383 0.758212889423077 0.33225694471153844 0.7529638677884616 0.3346257716346154 0.7529638677884616 0.3429166658653846 0.73947265625 0.3458796298076923 0.7147363269230769 0.34528549278846155 0.704990233173077 0.32633101923076924 0.6869970697115384 0.3138927475961539 0.6787548822115385 0.3013117283653846 0.662109375 0.2913888894230769 0.6585156249999999 0.2753935192307692 0.6757568365384615 0.2617708341346154 0.6847509759615384 0.26236496875 0.704990233173077 0.2682870360576923 0.7207324206730769 0.2842785504807692 0.736474608173077 0.29790123557692305 0.73572265625 0.30915509375 0.73572265625
0 0.17013888942307692 0.2734375 0.13695987740384616 0.2451171875 0.09259259375 0.255859375 0.06172839423076923 0.2705078125 0.07312885817307692 0.28070800721153844 0.08989197596153847 0.29345703125 0.11033950721153846 0.29541015625 0.11998456730769232 0.3017578125 0.14776234615384615 0.30322265625 0.16010802403846155 0.3056640625 0.16898148076923075 0.298828125 0.17013888942307692 0.2734375
0 0.7073726850961539 0.5361767572115385 0.7157638894230769 0.5333251947115385 0.7192746923076924 0.53677734375 0.7226080240384616 0.541015625 0.7257021610576923 0.5458154302884616 0.7310956778846154 0.55224609375 0.7395061730769231 0.5455126947115384 0.7690239206730769 0.5301513677884615 0.7711651225961538 0.5256298822115385 0.7692592596153845 0.515087891826923 0.7673572524038461 0.5096630865384616 0.7623572524038462 0.506953125 0.756558641826923 0.50927734375 0.753472221153846 0.5078125 0.7476851850961539 0.50634765625 0.736111110576923 0.494140625 0.7261766971153846 0.4915917956730769 0.7130864206730769 0.49068359375 0.6997569447115384 0.4888769543269231 0.6940432091346154 0.4849609375 0.6890470673076923 0.4915917956730769 0.6873804014423077 0.5021337884615384 0.6888078701923077 0.5196044927884615 0.6957098774038462 0.5328613269230769 0.7011844134615385 0.5437060552884615 0.7033256177884616 0.5418994134615385 0.7073726850961539 0.5361767572115385
0 0.28013503125 0.513837889423077 0.27276234615384615 0.50390625 0.25288966105769234 0.507841795673077 0.2440046298076923 0.5093408197115384 0.23215663461538463 0.5153369134615384 0.2173495360576923 0.52658203125 0.2108371923076923 0.5565673822115385 0.21320601923076923 0.5648095697115385 0.22327546394230768 0.5715576177884615 0.23689814903846151 0.5775537115384616 0.2540740745192308 0.5865527331730769 0.2605864206730769 0.5902978509615384 0.2842785504807692 0.5925488293269231 0.3013117283653846 0.5673828125 0.3002700625 0.5565673822115385 0.29197916586538464 0.5378271490384615 0.28013503125 0.513837889423077
0 0.6087962956730769 0.6192919927884616 0.6246450625000001 0.6130859375 0.6305439807692307 0.6094873052884615 0.63267746875 0.59509765625 0.6288888894230769 0.5769970697115384 0.6092206778846154 0.5609130865384615 0.5921643509615385 0.56541015625 0.5681172836538462 0.5919189447115385 0.5786574062500001 0.59779296875 0.59259259375 0.59033203125 0.5981944447115385 0.6037890625 0.6087962956730769 0.6192919927884616
0 0.36275848798076926 0.6127880865384616 0.3811188269230769 0.62927734375 0.38526620432692305 0.6307763677884615 0.39474151201923074 0.6247802740384615 0.42790894951923075 0.6187841802884615 0.44331018509615383 0.6097900384615385 0.4492322524038462 0.595546875 0.4510108028846154 0.5835498052884616 0.4462692908653846 0.567060545673077 0.44212577163461536 0.5498193365384615 0.44212577163461536 0.532578125 0.44331018509615383 0.5243310552884616 0.4415316346153846 0.5175878918269231 0.4350154326923077 0.507841795673077 0.4225810192307692 0.5048437499999999 0.41369598798076923 0.50109375 0.4006635793269231 0.50109375 0.36690586538461534 0.510087891826923 0.35920524759615385 0.5198339831730769 0.3532831778846154 0.5438232427884615 0.35565200721153845 0.5760546875 0.36275848798076926 0.6127880865384616
0 0.6084490745192308 0.5260546875000001 0.6158757716346154 0.533642579326923 0.6190162043269231 0.5361767572115385 0.6207330240384615 0.527861326923077 0.6170177475961538 0.5191845697115385 0.6067361105769231 0.5050878918269232 0.6015933653846154 0.5003857427884616 0.5947376538461538 0.4949658197115384 0.5847415120192307 0.48375488221153845 0.57103009375 0.46821288942307693 0.5678896610576923 0.4703808605769231 0.5625 0.48681640625 0.5578935192307692 0.49785644471153845 0.5516087956730769 0.51267578125 0.5505401225961538 0.5322265625 0.5644598774038462 0.53111328125 0.5927391971153846 0.5181005865384616 0.6007368822115384 0.5206298822115385 0.6084490745192308 0.5260546875000001
0 0.2982253076923077 0.650390625 0.31288580288461537 0.6484375 0.3244598774038462 0.64306640625 0.3340316346153846 0.6307763677884615 0.34220679086538464 0.61474609375 0.3557098774038462 0.6162109375 0.35802469230769235 0.63232421875 0.3589081778846154 0.6307763677884615 0.36728394951923077 0.63037109375 0.3622685192307692 0.60400390625 0.3587962956730769 0.58984375 0.3557098774038462 0.58740234375 0.3292939807692308 0.591796875 0.27835648076923075 0.5910498052884615 0.2659182091346154 0.5992919927884615 0.2659182091346154 0.614287108173077 0.28724151201923076 0.63302734375 0.2943479927884615 0.6375244134615384 0.2982253076923077 0.650390625
0 0.2644367283653846 0.8061865240384616 0.27391589423076923 0.81068359375 0.27805941346153845 0.8196826177884616 0.2981983028846154 0.8219287115384616 0.30589892067307695 0.8219287115384616 0.31365740625 0.81103515625 0.32070601923076925 0.7956933605769231 0.3201118822115384 0.7687060552884616 0.31685570913461536 0.7379736322115384 0.3130054014423077 0.7319775384615385 0.28872299278846153 0.7312255865384615 0.2792438269230769 0.7312255865384615 0.2650308653846154 0.7312255865384615 0.25436728365384614 0.7312255865384615 0.2466705240384615 0.7319775384615385 0.2419328701923077 0.7402197259615384 0.23482253125 0.7529638677884616 0.23304783894230768 0.7657080072115385 0.2265316346153846 0.7822021490384615 0.2265316346153846 0.7956933605769231 0.23956018509615384 0.8046875 0.25436728365384614 0.8046875 0.2644367283653846 0.8061865240384616
0 0.5191705240384615 0.25884277403846156 0.5167052475961539 0.2546777355769231 0.5101234567307692 0.24947265625 0.5019290120192308 0.25 0.4940817908653846 0.2578027331730769 0.49037808653846154 0.26977538942307694 0.4854436730769231 0.28278808653846155 0.48585648076923077 0.28747558653846156 0.5203240745192308 0.2959082043269231 0.52986496875 0.285390625 0.52986496875 0.2755029302884615 0.5253395072115384 0.26925293028846153 0.5191705240384615 0.25884277403846156
0 0.6700192908653846 0.583935548076923 0.6727623461538462 0.5813330072115385 0.6761882716346155 0.58046875 0.6820987644230769 0.58056640625 0.6847993822115386 0.56689453125 0.6916126538461539 0.556171875 0.6861304014423077 0.5522705072115385 0.6710493822115384 0.544892579326923 0.657681326923077 0.544892579326923 0.6463695985576923 0.544892579326923 0.6347145072115384 0.5483642572115385 0.6299189807692307 0.5518359375 0.6288888894230769 0.5596435552884615 0.6288888894230769 0.5769970697115384 0.6371141971153846 0.5852392572115385 0.661566358173077 0.58205078125 0.6700192908653846 0.583935548076923
0 0.6391782403846153 0.3226123052884615 0.6385879639423078 0.31586425721153844 0.6362191346153847 0.31286621153846156 0.6297029326923076 0.31286621153846156 0.6066049375 0.32111328125 0.5752121923076923 0.3376025384615385 0.5710648149038462 0.3420996081730769 0.5799498461538461 0.3518457043269231 0.5906134254807692 0.36083984375 0.5906134254807692 0.38183105528846156 0.5976080240384616 0.37939453125 0.6184490745192307 0.37283691346153847 0.6326658942307692 0.36383788942307693 0.6391782403846153 0.3376025384615385 0.6391782403846153 0.3226123052884615
0 0.2648611105769231 0.46249511778846153 0.26128857932692306 0.4579736322115385 0.24415123557692306 0.4594824230769231 0.23510802403846157 0.4603857427884615 0.22939429086538463 0.4618896490384615 0.21701774759615383 0.4630957019230769 0.21154320913461538 0.46098632932692307 0.20749614182692305 0.46430175721153844 0.20701774759615385 0.470625 0.20860725240384617 0.4730859375 0.2078125 0.47961425721153844 0.20741512259615383 0.4866455072115385 0.2131674375 0.49342285096153843 0.21931712980769233 0.50396484375 0.22725308653846155 0.508232420673077 0.2347878076923077 0.5089892572115384 0.24113811778846153 0.504970704326923 0.24807870432692306 0.49367187500000004 0.2534336418269231 0.4778564447115385 0.2601003076923077 0.46731445192307697 0.2648611105769231 0.46249511778846153
0 0 0.47424316346153844 0.002932098557692308 0.5395849615384616 0.04331018509615384 0.57560546875 0.08037422836538462 0.6074365240384615 0.10287808653846153 0.6082714855769231 0.14126543269230768 0.6275390624999999 0.15393518509615384 0.6298828125 0.17369984615384615 0.62 0.1809413581730769 0.6083984375 0.1890432091346154 0.591796875 0.19174382692307693 0.5771484375 0.18634259375 0.56494140625 0.13199845673076924 0.5203173822115384 0.11743827163461538 0.5043994134615384 0.10353780769230769 0.49518554567307693 0.09559799278846154 0.4868066394230769 0.06647376442307693 0.46586425721153846 0.05654706730769231 0.45330078125 0.032056326923076923 0.444921875 0.022129629807692307 0.444921875 0.0055825625 0.444921875 0.00028549278846153845 0.4466015625 0 0.4516259759615385 0 0.47424316346153844
0 0.61240740625 0.6877490240384615 0.625439814903846 0.685498048076923 0.6408371923076923 0.68025390625 0.6639351850961539 0.68025390625 0.6680825625 0.6727539062500001 0.665713735576923 0.657763670673077 0.65919753125 0.6405224615384615 0.6491280865384615 0.6225341802884615 0.6455748461538462 0.6150341802884616 0.6355054014423077 0.6127880865384616 0.619513889423077 0.614287108173077 0.6130015432692308 0.6172851562499999 0.6064853389423077 0.62328125 0.5839776225961538 0.6465185552884616 0.5839776225961538 0.6637597668269231 0.5869405865384615 0.6817529302884615 0.5916782403846154 0.685498048076923 0.61240740625 0.6877490240384615
0 0.9236921298076923 0.48417968749999996 0.9286265432692308 0.490234375 0.9325 0.4971337884615385 0.9363078701923077 0.5028564447115385 0.9436882716346153 0.5124951177884616 0.944641204326923 0.51400390625 0.95178240625 0.5085791009615385 0.9663001538461539 0.4959277331730769 0.951388889423077 0.48291015625 0.9475308653846154 0.4658203125 0.9301697524038463 0.45556640625 0.9174382716346153 0.45751953125 0.9082214495192308 0.4474267572115384 0.8982253076923077 0.43236328125 0.8906057091346155 0.4251318365384616 0.8867978389423077 0.4227246105769231 0.8806095673076922 0.4341699230769231 0.8734683653846154 0.4435107427884616 0.8996527788461539 0.49201171875 0.9112654326923076 0.48876953125 0.9236921298076923 0.48417968749999996