0 0.4196334879807692 0.5847167980769231 0.41140817788461537 0.5706640625 0.3966010793269231 0.5706640625 0.3879629639423077 0.5789892572115385 0.3789158942307692 0.6071044927884615 0.37027777884615387 0.6315673822115385 0.3636959879807692 0.646142576923077 0.36287422836538463 0.6596777331730769 0.3649305552884616 0.6721728509615384 0.37151234615384615 0.6773779302884615 0.3789158942307692 0.6763378894230769 0.38878472115384616 0.6654052740384616 0.3961882716346154 0.6612402355769231 0.4019483028846154 0.6487499999999999 0.41705246875 0.6123046875 0.42399691346153845 0.59716796875 0.4196334879807692 0.5847167980769231
0 0.9249344134615385 0.4392529302884615 0.9521990745192308 0.4544042956730769 0.9810146610576923 0.46730468750000004 0.9892168221153846 0.46281738221153845 0.9892168221153846 0.45552246153846154 0.9883294759615384 0.44486328125 0.98544753125 0.4344824206730769 0.9836766971153845 0.4221386730769231 0.9805709879807692 0.410078125 0.97990740625 0.4005371081730769 0.9792438269230769 0.3915625 0.9781327163461538 0.38903808653846156 0.9732561730769231 0.385390625 0.9666087956730769 0.3842675769230769 0.9546373461538462 0.38342285096153844 0.9471450625 0.388671875 0.947766204326923 0.39913574278846153 0.9471450625 0.4169921875 0.9315856490384615 0.43560546875 0.9249344134615385 0.4392529302884615
0 0.6083989206730769 0.3118505865384616 0.6110455240384616 0.3162451177884616 0.6204668221153846 0.3151953125 0.6439390432692308 0.3118505865384616 0.6510455240384616 0.30787597596153843 0.6536921298076923 0.30159668028846154 0.6510455240384616 0.29406738221153844 0.6422878076923078 0.2800488269230769 0.6355092596153846 0.2710546875 0.6270794759615386 0.2628955072115385 0.6198070985576922 0.26247558653846154 0.6090625000000001 0.2614306634615385 0.6017901225961538 0.2628955072115385 0.5971604927884615 0.26896484375 0.5892245360576923 0.28695312500000003 0.5880671298076924 0.29636718749999996 0.59236496875 0.30139160096153844 0.5979861105769231 0.30222656249999996 0.6054243822115384 0.30390136778846155 0.6083989206730769 0.3118505865384616
0 0.45833333413461536 0.85205078125 0.4687770072115385 0.8424707043269231 0.47723765384615385 0.8330078125 0.4765972211538462 0.81998046875 0.4638040120192307 0.78669921875 0.4545640432692308 0.7795019519230769 0.44105709855769226 0.7615087884615386 0.43537422836538464 0.7516162115384616 0.4197376538461538 0.7363232427884616 0.4119174375 0.7327246081730769 0.4005478389423077 0.7309277355769231 0.39390432211538456 0.732421875 0.38633101923076923 0.7462207043269231 0.3913078701923077 0.7525146490384615 0.4005478389423077 0.773203125 0.41262731490384613 0.8064892572115384 0.4225810192307692 0.8325732427884615 0.45833333413461536 0.85205078125
0 0.8769290120192307 0.7772412115384615 0.8787924375 0.7559912115384615 0.8610725312499999 0.7465478509615384 0.8470794759615384 0.7412353509615385 0.8204938269230768 0.7276611322115384 0.8195640432692308 0.7376953125000001 0.82142746875 0.7737011730769231 0.8270254639423077 0.8197412115384615 0.8400848774038461 0.8285986322115384 0.8629359567307693 0.8221044927884615 0.8676003076923077 0.7955419927884615 0.8769290120192307 0.7772412115384615
0 0.7298688269230769 0.27146484374999996 0.7372453701923077 0.2711621105769231 0.7451003076923077 0.26875 0.7560493822115385 0.2663427740384615 0.7617631177884616 0.26302734375000003 0.7653317908653846 0.25790527403846153 0.7641435192307693 0.25007324278846155 0.757955247596154 0.24375000000000002 0.7539081778846154 0.237421875 0.7517669759615385 0.23260253846153847 0.7443865745192307 0.23350586057692307 0.7322492283653846 0.23802246153846152 0.7267746923076923 0.24706054567307692 0.7244174375000001 0.24805664182692308 0.719868826923077 0.2639306634615385 0.7186805552884615 0.2690527355769231 0.7217746923076922 0.27236816346153847 0.7298688269230769 0.27146484374999996
0 0.8525810192307692 0.4520703125 0.8817206778846154 0.46376464903846154 0.8909606490384616 0.47186035096153844 0.9009104927884616 0.4592675793269231 0.9065972211538462 0.44847168028846157 0.9101504639423077 0.43767578125 0.9101504639423077 0.43587890625000003 0.9058873461538461 0.4124902331730769 0.9058873461538461 0.40619140625 0.9002006177884615 0.3971972644230769 0.8810108028846154 0.40979003846153844 0.8476041658653847 0.43138183653846157 0.8440509254807692 0.4439746081730769 0.8525810192307692 0.4520703125
0 0.3727430552884616 0.4791308581730769 0.38988425961538464 0.48259765625 0.40290894951923073 0.48086425721153847 0.40770447596153847 0.4778271490384615 0.40895061778846153 0.47216796875 0.4124228389423077 0.458984375 0.40804783894230773 0.4504980456730769 0.4056481490384615 0.4279394519230769 0.38234182211538464 0.4374853509615385 0.3693171298076923 0.44572753846153845 0.3669174375 0.45917480528846155 0.3624614206730769 0.47175293028846155 0.3727430552884616 0.4791308581730769
0 0.5964506177884615 0.6572265625 0.5987654326923078 0.64697265625 0.59259259375 0.63134765625 0.5852623461538461 0.61328125 0.5794753076923077 0.6015625 0.5830902788461538 0.5970458990384615 0.5852623461538461 0.5810546875 0.5821759254807692 0.57421875 0.579861110576923 0.57080078125 0.5671296298076923 0.552734375 0.5609567908653846 0.5556640625 0.5582137355769231 0.5558154302884616 0.5501543221153846 0.56005859375 0.5439814807692308 0.57275390625 0.5378086418269231 0.58251953125 0.5297067908653846 0.59130859375 0.5243055552884616 0.595703125 0.5154320985576922 0.60302734375 0.5142746923076923 0.6103515625 0.5167515432692308 0.6202832019230768 0.520898920673077 0.6375244134615384 0.5363001538461538 0.6660107427884616 0.5392592596153846 0.6697558605769232 0.5522916658653846 0.6742578124999999 0.5740740745192308 0.68310546875 0.5895061730769231 0.67041015625 0.5964506177884615 0.6572265625
0 0.44192901201923074 0.6555126947115385 0.4488387355769231 0.6511425793269231 0.4517978389423077 0.6373974615384616 0.4582137355769231 0.6192822259615384 0.4626581778846154 0.609287108173077 0.47203703605769226 0.6061669927884615 0.49671296394230774 0.6055419927884615 0.5021450625 0.596796875 0.5021450625 0.589921875 0.5006635793269231 0.5761816418269231 0.4972067908653846 0.55931640625 0.49459876442307693 0.54296875 0.4819058653846154 0.5368261730769232 0.4637345673076923 0.53857421875 0.44097222115384616 0.560546875 0.4413580240384615 0.57275390625 0.4221836418269231 0.6024169927884615 0.41033950721153845 0.6224072259615384 0.40737654326923073 0.651767576923077 0.43057484615384617 0.6548925793269231 0.4335378076923077 0.6548925793269231 0.44192901201923074 0.6555126947115385
0 0.2833989206730769 0.35542480528846154 0.2814004639423077 0.34783203125 0.27854166586538465 0.3416845697115385 0.2639737644230769 0.3453027355769231 0.25683642067307694 0.34638671875000004 0.2525501538461538 0.3525292956730769 0.2502662043269231 0.36771484375 0.2502662043269231 0.3767529302884615 0.24969521634615385 0.38579101682692307 0.2502662043269231 0.39446289182692307 0.2514081778846154 0.39735839903846154 0.2622608028846154 0.4013330072115385 0.26740355048076925 0.40241699278846155 0.2742592596153846 0.4045849615384615 0.28539737740384613 0.39482910096153845 0.2859683653846154 0.3886816418269231 0.2842554014423077 0.37494628846153844 0.2833989206730769 0.36337402403846153 0.2833989206730769 0.35542480528846154
0 0.5944521610576923 0.30191894471153846 0.5747453701923078 0.30372558653846154 0.5624614206730769 0.30878906250000004 0.5513233028846154 0.3192724615384615 0.5450385793269231 0.32939453124999996 0.5410416658653846 0.3395166009615384 0.5356134254807693 0.34783203125 0.5341859567307693 0.36084472596153844 0.534336420673077 0.369140625 0.5339506177884615 0.3818359375 0.5327932091346154 0.3935546875 0.5389660504807693 0.3837890625 0.5427546298076923 0.37819824278846154 0.5558912043269231 0.3637353509615385 0.5598919759615385 0.36120605528846156 0.5687461418269231 0.3590380865384616 0.5740740745192308 0.3505859375 0.5853125 0.34963867067307697 0.5904552475961539 0.34819336057692307 0.6055941346153846 0.35397461057692303 0.6084490745192308 0.33698730528846155 0.6118827163461538 0.31298828125 0.6041666658653846 0.3037109375 0.5944521610576923 0.30191894471153846
0 0.8051697524038463 0.5634765625 0.8282986105769231 0.5595654302884616 0.847222221153846 0.56201171875 0.8761574062499999 0.57177734375 0.9039351850961539 0.56787109375 0.9220679014423077 0.5458984375 0.9398148149038461 0.5302734375 0.934027778846154 0.5205078125 0.9212885793269231 0.5093408197115384 0.91951003125 0.5018457019230769 0.9124035504807692 0.4928466802884615 0.9035185192307692 0.48310546875000004 0.8869328701923076 0.47560546875000004 0.8679822524038462 0.4688623052884615 0.8518518509615384 0.45751953125 0.8407368822115384 0.45836425721153845 0.8321759254807692 0.4619140625 0.8117283942307693 0.4765625 0.8040123461538461 0.4681103509615384 0.789205247596154 0.46361328125 0.7625540120192308 0.46361328125 0.7548533942307691 0.46361328125 0.7471527788461538 0.46361328125 0.7400462956730769 0.46361328125 0.7347145072115384 0.4703613269230769 0.7258294759615385 0.513837889423077 0.7471527788461538 0.55056640625 0.7625540120192308 0.55431640625 0.8051697524038463 0.5634765625
0 0.1788503076923077 0.23291992307692308 0.18674768509615386 0.23354492307692307 0.19217978365384614 0.23229492067307692 0.24449845673076925 0.20668456971153845 0.2751003076923077 0.19418945192307693 0.28047839423076926 0.181640625 0.2750771610576923 0.17041015625 0.26325231490384615 0.16545410096153848 0.25540123557692307 0.1611328125 0.25042052403846154 0.15483398557692307 0.23956018509615384 0.15170898317307693 0.2296913581730769 0.14671386778846154 0.2237692908653846 0.14421386778846154 0.2227816346153846 0.14296386778846154 0.21537808653846155 0.13296875 0.20698688221153846 0.12859863221153847 0.19810185096153846 0.12609863221153847 0.18724151201923078 0.12297363221153847 0.18280092548076923 0.12609863221153847 0.17901234615384617 0.14794921875 0.17129629567307691 0.17431640625 0.1705246923076923 0.2021484375 0.1704629639423077 0.22542480528846154 0.1788503076923077 0.23291992307692308
0 0.2410416658653846 0.5668115240384616 0.25881172836538463 0.5843017572115385 0.2662152788461538 0.5849267572115384 0.273125 0.5855517572115384 0.2825038581730769 0.5674365240384616 0.28891975240384615 0.55431640625 0.2948418221153846 0.5430712884615384 0.2987924375 0.5337011730769231 0.30668981490384617 0.5255810552884616 0.30372685096153845 0.5187109375 0.29780478365384616 0.5118408197115385 0.26769675961538464 0.5105908197115384 0.24943287019230767 0.5168359375 0.2316628076923077 0.5449462884615385 0.23067901201923077 0.5580664062499999 0.2410416658653846 0.5668115240384616
0 0.37342978365384616 0.4309765625 0.38234182211538464 0.4374853509615385 0.3926234567307692 0.43141113221153843 0.40153549278846157 0.43054199278846156 0.41216049278846156 0.43531738221153843 0.4224459879807692 0.4383496105769231 0.4344405865384615 0.4262060552884615 0.4494598774038462 0.40283203125 0.45949074038461535 0.38037109375 0.4601466057692308 0.37067871153846155 0.4567901225961538 0.35986328125 0.44746527884615384 0.35853027403846155 0.4430092596153846 0.35375976442307694 0.4173032403846154 0.34074706971153845 0.4018788581730769 0.34074706971153845 0.38439814903846153 0.3429150384615385 0.37206018509615385 0.3646044927884615 0.3621180552884615 0.4092871105769231 0.3655478389423077 0.42056640624999997 0.37342978365384616 0.4309765625
0 0.25991898076923076 0.30231933653846155 0.26020447596153845 0.29544921875 0.25991898076923076 0.2903857427884616 0.25820601923076925 0.277734375 0.25820601923076925 0.27195312499999996 0.2556365745192308 0.2618310552884615 0.24792438221153848 0.2531542980769231 0.24192515384615382 0.24664550721153844 0.2356404326923077 0.24664550721153844 0.2265007716346154 0.24917480528846153 0.21679012259615385 0.25423828125000003 0.2062191346153846 0.2618310552884615 0.2036496923076923 0.26652831971153845 0.20536265384615385 0.2788183605769231 0.20707561778846154 0.28207519471153847 0.21821759375 0.29436523557692307 0.2270717596153846 0.3099072259615384 0.23106867307692308 0.31822265625 0.23678240625 0.32147949278846155 0.2504938269230769 0.3189453125 0.25706404326923077 0.31171875000000004 0.25820601923076925 0.30846191346153845 0.25991898076923076 0.30231933653846155
0 0.3437075625 0.7129833990384615 0.35653935096153844 0.7148583990384616 0.3649305552884616 0.7154833990384616 0.3772685192307692 0.70673828125 0.37924382692307695 0.7004931634615384 0.3708526225961538 0.6792529302884615 0.36838348798076925 0.6748779302884615 0.3649305552884616 0.6623876947115386 0.35456404326923074 0.6623876947115386 0.3353163581730769 0.6798779302884616 0.31557098798076927 0.70486328125 0.33185956730769234 0.70736328125 0.3387692908653846 0.7123632812499999 0.3437075625 0.7129833990384615
0 0.4751427475961538 0.8006542956730769 0.48485725240384614 0.8035449230769232 0.4962808653846154 0.8002880865384616 0.5008526225961538 0.7934228509615384 0.5011381177884615 0.7793212884615385 0.4988503076923077 0.7717333990384615 0.4899961418269231 0.7655859374999999 0.47971450721153847 0.7536572259615385 0.47171682211538457 0.7485937500000001 0.4622916658653846 0.7428125 0.4551504639423077 0.74353515625 0.4528665120192308 0.7453417956730769 0.44829475240384614 0.7587158197115385 0.4500077163461539 0.7702832043269231 0.45400848798076926 0.7760693365384616 0.4585763894230769 0.7854687499999999 0.4665740745192308 0.7945068365384615 0.4751427475961538 0.8006542956730769
0 0.5896064807692307 0.6390234375 0.6008564807692308 0.638271485576923 0.6127044759615384 0.6255322259615385 0.613888889423077 0.6105371105769231 0.6204050937500001 0.5932958990384616 0.6209953701923077 0.5805517572115385 0.6204050937500001 0.57005859375 0.6132947524038461 0.5520703124999999 0.6014660504807693 0.54736328125 0.5868055552884616 0.54833984375 0.5783179014423078 0.5634765625 0.5866435192307692 0.594794923076923 0.5884220673076923 0.6120361322115385 0.5896064807692307 0.6390234375
0 0.9100424375 0.8581103509615384 0.9249652788461538 0.8409912115384616 0.9436226850961538 0.8179736322115385 0.9618094134615384 0.7979052740384615 0.9613464495192308 0.7837353509615385 0.9524845673076924 0.7760644543269231 0.9217013894230769 0.7731103509615385 0.900713735576923 0.7677978509615385 0.8857908942307693 0.77783203125 0.8615354927884616 0.8167919927884615 0.8503433653846154 0.8421728509615385 0.8517438269230768 0.8622412115384616 0.88298996875 0.8793603509615384 0.8937191346153845 0.8728662115384616 0.9100424375 0.8581103509615384
0 0.5597993822115385 0.19921875 0.5528549375 0.18701171875 0.5435956778846154 0.177734375 0.5297839495192307 0.16826660096153848 0.5090547836538462 0.16888671875 0.4972067908653846 0.17513671875 0.4873379639423077 0.17826171875 0.4799344134615385 0.20012206971153848 0.4873379639423077 0.20761718750000002 0.4972067908653846 0.2107421875 0.4991820985576923 0.2138671875 0.5021450625 0.22573730528846153 0.503128858173077 0.2326074206730769 0.5046103389423077 0.23822753846153846 0.5120138894230769 0.23885253846153848 0.5223804014423077 0.24260253846153848 0.5308641971153846 0.25244140625 0.5638387355769231 0.25447265625 0.5751929014423077 0.24759765625 0.5679012355769231 0.2255859375 0.5597993822115385 0.19921875
0 0.4766010793269231 0.26135742307692306 0.48414351923076926 0.25354980528846155 0.4909953701923077 0.25268066346153845 0.49305169711538466 0.2505126947115385 0.49236882692307693 0.24443847596153848 0.48825617307692304 0.22665527403846156 0.47557098798076924 0.21754394471153848 0.4625462956730769 0.21581054567307692 0.45740740625000004 0.21581054567307692 0.45020833413461536 0.21624511778846156 0.4433526225961538 0.21971191346153846 0.4433526225961538 0.23923339903846155 0.4505516971153846 0.25311523317307694 0.4606481490384615 0.2607421875 0.4656327163461539 0.2674316418269231 0.4735146610576923 0.2665625 0.4766010793269231 0.26135742307692306
0 0.12733410576923077 0.7796826177884615 0.11795138942307691 0.785078125 0.0983796298076923 0.81005859375 0.08724922836538461 0.8174609375 0.08724922836538461 0.8293359375 0.09151234615384615 0.8466064447115385 0.09577932211538462 0.84984375 0.11283564903846154 0.8552441418269231 0.13160107932692308 0.8606396490384616 0.1597453701923077 0.8660351562499999 0.1763117283653846 0.87255859375 0.1929012355769231 0.84228515625 0.19753086538461537 0.83154296875 0.21091820913461537 0.7915576177884615 0.20750771634615386 0.7786035168269231 0.20238811778846152 0.7742822259615385 0.1929012355769231 0.771484375 0.16087962980769233 0.73974609375 0.14004629567307691 0.73828125 0.13850308653846152 0.75 0.12903935096153846 0.773203125 0.12733410576923077 0.7796826177884615
0 0.8058796298076923 0.28243652403846153 0.8263078701923077 0.27920410096153847 0.84290509375 0.2755712884615385 0.8521604927884615 0.27152831971153846 0.8528009254807691 0.2618359375 0.855034721153846 0.25294921875000004 0.8556712956730769 0.24729003846153846 0.8540779326923077 0.24163574278846156 0.8476929014423077 0.23961425721153845 0.8377970673076922 0.24001953125 0.8275848774038461 0.24123046875 0.8237538581730769 0.24244140625000002 0.8164120360576923 0.24850097596153847 0.80875 0.2545605480769231 0.8065162043269231 0.2666845697115385 0.80428240625 0.2755712884615385 0.8058796298076923 0.28243652403846153
0 0.6647762355769231 0.09477538942307692 0.6760879639423076 0.08176269471153846 0.681913579326923 0.06788086057692308 0.6832870360576924 0.05790527403846154 0.6832870360576924 0.05313476442307692 0.6771141971153847 0.05096191346153846 0.6644328701923077 0.05052734375 0.652777778846154 0.05052734375 0.64146990625 0.05052734375 0.6301581778846154 0.05052734375 0.6192129639423077 0.0556640625 0.614733795673077 0.06744628846153847 0.6123341057692308 0.07829101682692308 0.6154205240384615 0.09520996153846153 0.6250154326923076 0.09520996153846153 0.6373572524038462 0.09564453125 0.6503819447115385 0.09564453125 0.6592901225961539 0.09694824278846154 0.6647762355769231 0.09477538942307692
0 0.4687770072115385 0.6795019519230769 0.47944058653846156 0.6952441418269231 0.486111110576923 0.71484375 0.49884259375 0.72314453125 0.5169753076923077 0.72998046875 0.5320216057692307 0.73095703125 0.5398533942307693 0.7214794927884616 0.545181326923077 0.7184814447115385 0.5457754639423077 0.7117382812499999 0.545181326923077 0.69599609375 0.5374845673076923 0.6847509759615384 0.5321527788461539 0.6720068365384615 0.5297839495192307 0.6615136706730769 0.52267746875 0.6352734375 0.5167515432692308 0.6225341802884615 0.5108294759615385 0.6097900384615385 0.5066859567307692 0.6037890625 0.503128858173077 0.6037890625 0.49246913461538466 0.6052929687499999 0.48180941346153844 0.604541014423077 0.46527777884615384 0.60595703125 0.4628549375 0.6180322259615385 0.45278549278846153 0.6397753918269231 0.4545640432692308 0.66076171875 0.45811728365384613 0.6682568365384616 0.4687770072115385 0.6795019519230769
0 0.9776041658653847 0.2098046875 0.983526235576923 0.20230956971153846 0.9840200625000001 0.1923144543269231 0.9840200625000001 0.18419433653846154 0.9771103389423076 0.17544921875 0.957858795673077 0.17044921875 0.9450270072115384 0.17044921875 0.9326890432692309 0.17169921875 0.9193634254807692 0.18419433653846154 0.8971527788461539 0.1885644543269231 0.895671295673077 0.1966894519230769 0.8882677475961539 0.21605468749999998 0.8902391971153846 0.2310449230769231 0.9109722211538462 0.2585302740384615 0.9267669759615385 0.25416015625 0.9470023149038462 0.22666992307692307 0.9637847211538462 0.21667480528846153 0.9776041658653847 0.2098046875
0 0.8615162043269231 0.9177734375 0.7918865745192308 0.9006396490384615 0.7270910504807693 0.8786083990384616 0.6787345673076923 0.8565771490384615 0.6313464495192308 0.8406640625 0.6158719134615385 0.8467822259615385 0.5955632716346154 0.8712646490384616 0.5336689807692307 0.9899902355769231 1 1 0.9524266971153845 0.9434765625 0.8615162043269231 0.9177734375
0 0.37628086538461536 0.26196777403846155 0.3609799375 0.26009277403846154 0.3501234567307692 0.26196777403846155 0.3338348774038461 0.2750830072115385 0.32494984615384614 0.28695312500000003 0.31902777884615385 0.30007324278846154 0.3145833341346154 0.3106933581730769 0.32100308653846155 0.31943847596153846 0.3486419759615385 0.3213134759615385 0.37577160576923074 0.32177734375 0.39390432211538456 0.32861328125 0.41724922836538464 0.32630859375 0.42958719230769227 0.30694336057692306 0.4281057091346154 0.288828125 0.4212962956730769 0.28173828125 0.41473765384615385 0.275390625 0.37628086538461536 0.26196777403846155
0 0.13246913461538462 0.2127734375 0.12115740624999999 0.21667480528846153 0.10607638942307693 0.22231445432692307 0.10025077163461539 0.22795410096153848 0.09956404326923077 0.23402831971153845 0.09956404326923077 0.24227050721153848 0.09956404326923077 0.2509472668269231 0.10127700721153846 0.25615234375 0.11087577163461539 0.26222656250000004 0.11498842548076924 0.26699706971153847 0.11910107932692307 0.26959960817307693 0.12321373557692308 0.27003418028846154 0.1345254639423077 0.2635302740384616 0.14549382692307694 0.25745605528846155 0.1427507716346154 0.2405371105769231 0.14138117307692308 0.22752441346153846 0.13589892067307693 0.21233886778846156 0.13246913461538462 0.2127734375
0 0.9577121923076923 0.3787792980769231 0.9631404326923078 0.35441894471153845 0.9562307091346154 0.34379882932692307 0.9488271610576924 0.33505371153846153 0.9414236105769231 0.32505859375 0.9369830240384616 0.31693847596153846 0.9305671298076923 0.30756835817307693 0.9251350312500001 0.3131884759615385 0.9123032403846154 0.3206884759615385 0.9063811730769231 0.32943359375000003 0.9029243822115384 0.3406738293269231 0.9058641971153846 0.357421875 0.9078626538461538 0.37753418028846153 0.9172376538461537 0.39189941346153845 0.9340200625 0.39627441346153847 0.9512962956730769 0.38877441346153846 0.9537654326923076 0.3869042980769231 0.9577121923076923 0.3787792980769231
0 0.31729938221153847 0.6098095697115384 0.29097607932692304 0.6160546875 0.26958719230769235 0.6264697259615384 0.2623456778846154 0.642578125 0.2420293221153846 0.6769628894230769 0.24161651201923076 0.6842480456730768 0.2560146610576923 0.6858105480769231 0.2662962956730769 0.6806054687499999 0.27740355048076926 0.6769628894230769 0.28521605048076926 0.6769628894230769 0.3032407403846154 0.67626953125 0.31674382692307695 0.67724609375 0.3256172836538462 0.6845703125 0.3444444447115385 0.666552733173077 0.3543171298076923 0.6660302740384616 0.3613117283653846 0.6524951177884616 0.3502044759615384 0.6202197259615385 0.34280092548076924 0.6113720697115385 0.3263503076923077 0.61033203125 0.31729938221153847 0.6098095697115384
0 0.8769290120192307 0.39208984375 0.8834876538461539 0.4033203125 0.8927469134615384 0.4013671875 0.9174382716346153 0.39501953125 0.9067746923076924 0.3684130865384615 0.9061844134615384 0.35716796875 0.905 0.3406738293269231 0.9032214495192308 0.3361767572115385 0.9008526225961538 0.33393066346153844 0.8890084879807693 0.33393066346153844 0.8842669759615384 0.3331787115384615 0.8659066346153845 0.3324316394230769 0.8576157403846154 0.33393066346153844 0.8528780865384615 0.3399267572115384 0.842808641826923 0.34517578125 0.8386612644230769 0.347421875 0.8387345673076924 0.3671875 0.84517746875 0.37365722596153844 0.8582098774038461 0.38490234375 0.865316358173077 0.39165039182692307 0.8769290120192307 0.39208984375
0 0 0.526279295673077 0.006222992788461538 0.54787109375 0.016172838942307692 0.54876953125 0.02896605048076923 0.5352783197115385 0.03607638942307692 0.5289794927884615 0.05384259375 0.51728515625 0.06023919711538461 0.5145849615384616 0.059529322115384614 0.5001953125 0.05099922836538462 0.48220214903846154 0.037808641826923076 0.4873046875 0.028163579326923077 0.482421875 0.016203704326923078 0.48828125 0 0.48760253846153845 0 0.526279295673077
0 0.8409992283653847 0.7295605456730769 0.8611458341346154 0.7380615240384615 0.8846527788461539 0.7550585937500001 0.8885686730769231 0.7671044927884616 0.900713735576923 0.7677978509615385 0.9217013894230769 0.7731103509615385 0.9524845673076924 0.7760644543269231 0.9355825624999999 0.77064453125 0.9562885793269231 0.7692285168269231 0.9613464495192308 0.7837353509615385 0.9697222211538462 0.8074755865384616 0.9422955240384615 0.8379345697115385 0.9255054014423076 0.8754785168269231 0.9725192908653846 0.9009765624999999 0.987631173076923 0.8846826177884615 0.9842708341346154 0.8478515625 0.9809143509615385 0.8195166009615384 0.9714004639423077 0.7876416009615385 0.9686033942307692 0.74443359375 0.9624459879807692 0.6920214855769231 0.9495717596153846 0.6580224615384616 0.9344637355769231 0.63748046875 0.9143132716346154 0.6211865240384615 0.8868904326923077 0.607021485576923 0.8661844134615385 0.5985205072115385 0.83428240625 0.614814454326923 0.7951041658653846 0.6495214855769231 0.7827932091346154 0.6828125 0.7844714495192308 0.7168115240384616 0.8001427475961538 0.7479785168269231 0.8197299375 0.7833935552884616 0.8146952163461538 0.7331005865384616 0.8204938269230768 0.7276611322115384 0.8409992283653847 0.7295605456730769
0 0.6753163581730769 0.2730371081730769 0.6787152788461538 0.2780615240384615 0.6841435192307692 0.273359375 0.6949961418269232 0.2701074206730769 0.6975655865384615 0.2701074206730769 0.7135609567307692 0.26974609375 0.7184182091346153 0.2664941394230769 0.7209876538461538 0.25998535096153846 0.7244174375000001 0.24805664182692308 0.7235609567307691 0.23793456971153845 0.7187037043269231 0.23070312499999998 0.6861419759615385 0.24299316346153846 0.6787152788461538 0.2578173822115385 0.6759259254807692 0.26953125 0.6753163581730769 0.2730371081730769
0 0.3244212956730769 0.3785839855769231 0.3111959879807692 0.3769140625 0.30838734615384616 0.3775390625 0.30111496875 0.38214355528846156 0.2958217596153846 0.3867431634615385 0.2938387355769231 0.3932324230769231 0.2938387355769231 0.3990869134615384 0.29565972115384614 0.40745605528846157 0.29979166586538464 0.41687011778846156 0.3047492283653846 0.4264941394230769 0.30838734615384616 0.43381347596153846 0.31334490625 0.4386279302884616 0.31681712980769233 0.44113769471153846 0.3199575625 0.44197265625 0.32607253125 0.4302587884615384 0.33615740624999996 0.40159668028846157 0.3392978389423077 0.3852783197115385 0.3336766971153846 0.3829785168269231 0.33268518509615386 0.38193359375 0.3244212956730769 0.3785839855769231
0 0.5072762355769231 0.2949511706730769 0.49661651201923074 0.29120117067307694 0.48891589423076925 0.291953125 0.4829938269230769 0.30169433653846156 0.4770679014423077 0.31593750000000004 0.46640817788461536 0.32868163942307693 0.46167052403846154 0.33917480528846156 0.45989197596153847 0.3541699230769231 0.46048611057692307 0.3699121105769231 0.4640393509615385 0.3939013677884615 0.4658179014423077 0.3946484375 0.4823996923076923 0.3774072259615385 0.4978009254807692 0.3676611322115385 0.502538579326923 0.36541503846153844 0.5131172836538462 0.36328125 0.5189043221153846 0.3681640625 0.5173456778846154 0.34817382692307697 0.5155671298076923 0.33093261778846156 0.513888889423077 0.31884765625 0.5072762355769231 0.2949511706730769
0 0.7187037043269231 0.21407226682692307 0.7218441346153845 0.19418945192307693 0.7209876538461538 0.18515625000000002 0.7178472211538461 0.18081543028846153 0.704421295673077 0.18117675721153845 0.6998533942307692 0.18334472596153845 0.6804282403846155 0.19708496153846153 0.6752893509615384 0.2061230456730769 0.6732870360576922 0.21407226682692307 0.6730015432692308 0.21877441346153845 0.6730015432692308 0.2263671875 0.6744290120192308 0.23901855528846155 0.6761458341346154 0.24299316346153846 0.6770023149038462 0.2650488293269231 0.6809992283653846 0.25673339903846154 0.6861419759615385 0.24299316346153846 0.7049922836538461 0.2346777355769231 0.715277778846154 0.23034179567307692 0.7187037043269231 0.21407226682692307
0 0.8515239206730769 0.23880859375 0.8547145072115385 0.23234375000000002 0.8547145072115385 0.22749511778846154 0.8547145072115385 0.22345703125 0.8496064807692308 0.22264648317307692 0.8387538581730769 0.22426269471153845 0.8349266971153846 0.21981933653846156 0.8272646610576923 0.22022461057692308 0.8151350312500001 0.22507324278846155 0.8058796298076923 0.2311328125 0.8081134254807693 0.24001953125 0.8148148149038461 0.24810058653846154 0.829818673076923 0.24244140625000002 0.844818673076923 0.24042480528846152 0.8515239206730769 0.23880859375
0 0.25782407451923073 0.27458496153846157 0.25930555528846155 0.27770996153846156 0.26423996875 0.27583496153846154 0.2839853389423077 0.27458496153846157 0.2918788581730769 0.27458496153846157 0.3022453701923077 0.2739599615384615 0.3116242283653846 0.27020996153846155 0.3135995360576923 0.26396484375 0.3135995360576923 0.26208984375 0.31310570913461533 0.2483496105769231 0.3121180552884616 0.23460449278846152 0.30717978365384613 0.224609375 0.29780478365384616 0.2114941394230769 0.28102237740384617 0.20899414182692308 0.26720293269230766 0.20836913942307692 0.2602932091346154 0.2108691418269231 0.2514081778846154 0.22273437499999998 0.24351080288461538 0.24584961057692306 0.25091435096153847 0.25959472596153843 0.25190200721153844 0.26146484375 0.25782407451923073 0.27458496153846157
0 0.07816357932692308 0.3099609375 0.08138888942307693 0.3446435552884616 0.10153549278846154 0.36912109374999996 0.1369945985576923 0.3895214855769231 0.16923225240384615 0.41094238221153845 0.1982445985576923 0.42930175721153846 0.2200038581730769 0.40890136778846153 0.2385416658653846 0.38034179807692303 0.2224228389423077 0.3619824230769231 0.20469135817307693 0.33240234375 0.17487268509615386 0.2987402355769231 0.10717592548076924 0.27222168028846155 0.08622299278846154 0.28752441346153845 0.07816357932692308 0.3099609375
0 0.7309297836538462 0.5554785144230769 0.7319560192307691 0.5515771490384616 0.7295563269230769 0.538994139423077 0.7206442908653846 0.5342236322115385 0.7100192908653846 0.5268505865384616 0.69459490625 0.5155712884615384 0.6860262355769231 0.5064599615384615 0.6781442908653846 0.50298828125 0.676431326923077 0.50298828125 0.6733449062500001 0.5081933581730769 0.6706018509615385 0.516435548076923 0.6678626538461538 0.5272802740384616 0.6623765432692307 0.5381250000000001 0.6610069447115384 0.54810546875 0.6603202163461539 0.5598193365384615 0.6599768509615385 0.5676269519230769 0.6675192908653845 0.573701173076923 0.6987075625 0.5520068365384615 0.7144753076923076 0.5498388677884616 0.7244174375000001 0.5528759759615385 0.7309297836538462 0.5554785144230769
0 0.2943479927884615 0.41376464903846155 0.2894135793269231 0.40251953125 0.2839853389423077 0.40126953125 0.2647337956730769 0.4081396490384615 0.2499266971153846 0.4156396490384615 0.24449845673076925 0.42750488221153843 0.24449845673076925 0.44 0.24499228365384618 0.45312011778846156 0.2474575625 0.4724853509615385 0.25436728365384614 0.47435546875 0.26423996875 0.47935546875 0.2751003076923077 0.49060058653846156 0.28052855048076925 0.4968457043269231 0.2901234567307692 0.5068359375 0.30054012259615387 0.47021484375 0.2986111105769231 0.4541015625 0.30709876442307693 0.4501953125 0.3086419759615385 0.4404296875 0.30619598798076925 0.43500488221153844 0.30125771634615384 0.42812988221153847 0.2943479927884615 0.41376464903846155
0 0.17130015384615385 0.7327490240384615 0.17801697596153848 0.74974609375 0.20750771634615386 0.7786035168269231 0.20756558653846155 0.811796875 0.21898533894230768 0.8415478509615385 0.24114583413461538 0.8576953125 0.26196759375 0.8721484375 0.2854745360576923 0.8644970697115385 0.29890432211538465 0.8449462884615385 0.3109953701923077 0.8143457019230769 0.31502314903846157 0.7727001947115385 0.31972607932692304 0.7412500000000001 0.30830632692307697 0.6902490240384616 0.21092592548076924 0.70044921875 0.18876157451923078 0.7157470697115385 0.17130015384615385 0.7327490240384615
0 0.5789043221153846 0.7967236322115384 0.5793711418269231 0.8386328125 0.5956944447115384 0.851025391826923 0.6236805552884616 0.8474853509615384 0.6684529326923077 0.8368603509615385 0.7015663581730769 0.84158203125 0.7360802475961539 0.8516162115384615 0.7799189807692308 0.8663769519230768 0.7850501538461538 0.8646044927884616 0.7911111105769231 0.8232861322115385 0.7780555552884615 0.7979052740384615 0.7234876538461539 0.7618945312500001 0.7122916658653846 0.74595703125 0.6749807091346154 0.7329736322115384 0.6012924374999999 0.7589453125 0.5840740745192308 0.7744677740384615 0.5789043221153846 0.7967236322115384
0 0.323125 0.2867041009615385 0.32175925961538465 0.28662109375 0.3182870360576923 0.279296875 0.30902777884615384 0.27587890625 0.29282407451923076 0.27490234375 0.27327160576923076 0.2767089855769231 0.2631172836538461 0.279296875 0.2581018509615384 0.2958984375 0.25771605048076923 0.30810546875 0.2530362644230769 0.3166894543269231 0.25451774759615386 0.32855956971153844 0.2793209879807692 0.32568359375 0.29005401201923076 0.33230468750000003 0.31621527884615386 0.3191894543269231 0.32021605048076923 0.31298828125 0.323125 0.29919921875 0.323125 0.2867041009615385
0 0.6164969134615385 0.6031738269230769 0.6104320985576923 0.6232421875 0.5964506177884615 0.6572265625 0.5693904326923077 0.6887597668269231 0.572191358173077 0.7035205072115385 0.5749884254807692 0.7306689447115384 0.5969097211538462 0.7359814447115384 0.661736110576923 0.7353906250000001 0.7079089495192308 0.7312597644230769 0.7274961418269231 0.7094189447115385 0.7470871923076923 0.6521630865384616 0.7442862644230769 0.6073046875 0.7358912043269231 0.5718847668269231 0.6705979927884615 0.56775390625 0.6440123461538462 0.5819238269230769 0.6164969134615385 0.6031738269230769
0 0.45684799278846155 0.5052978509615385 0.45185185096153846 0.5049951177884615 0.44209105048076924 0.50439453125 0.43352237740384614 0.50439453125 0.4235262355769231 0.50439453125 0.4118634254807692 0.5062011730769231 0.40353009375 0.5140332043269231 0.39472222115384614 0.5233740240384616 0.3911535504807692 0.5306005865384615 0.39543981490384617 0.53783203125 0.4032947524038461 0.54416015625 0.4075771610576923 0.5462646490384615 0.41329089423076926 0.5468701177884616 0.4182870360576923 0.5468701177884616 0.42400077163461536 0.5474707043269231 0.4263811730769231 0.5474707043269231 0.4361419759615384 0.5474707043269231 0.44018904326923075 0.5495800793269231 0.43994984615384614 0.5553027331730769 0.43994984615384614 0.5583154302884615 0.4411381177884615 0.5583154302884615 0.44328317788461535 0.5586181634615385 0.4716087956730769 0.5333105480769231 0.47375 0.5188525384615384 0.4756520072115385 0.5140332043269231 0.4682754639423077 0.5110205072115385 0.45684799278846155 0.5052978509615385
0 0.3168981490384616 0.5018896490384616 0.3220216057692307 0.50900390625 0.3291319447115385 0.5094238269230769 0.3464853389423077 0.4924755865384615 0.3504552475961538 0.4862011730769231 0.35111496875000003 0.47929687499999996 0.35128086538461534 0.47134765624999997 0.34235339423076927 0.46255859374999997 0.3364043221153846 0.45921386778846157 0.3312808653846154 0.45774902403846157 0.3291319447115385 0.453984375 0.3241705240384615 0.45063476442307693 0.32020447596153845 0.4472900384615385 0.3164043221153846 0.4456152331730769 0.31111496875 0.4464501947115384 0.3071450625 0.4508447259615384 0.3046682091346154 0.45628418028846157 0.30284722115384616 0.46255859374999997 0.3003703701923077 0.4694628894230769 0.3003703701923077 0.47343749999999996 0.2975578701923077 0.4834814447115384 0.2992129639423077 0.4912207043269231 0.30268518509615383 0.4945703125 0.31111496875 0.4956152355769231 0.3168981490384616 0.5018896490384616
0 0.40576003125000004 0.7911962884615384 0.3956905865384615 0.758212889423077 0.3921373461538461 0.7567138677884616 0.3731828701923077 0.7529638677884616 0.3607445985576923 0.7522167980769231 0.34475308653846154 0.7522167980769231 0.3406057091346154 0.7522167980769231 0.3275771610576923 0.7544628894230769 0.3228395072115384 0.7604589831730769 0.3133603389423077 0.7844482427884615 0.3175077163461539 0.7971923822115384 0.31983024759615386 0.81689453125 0.32639274759615383 0.8249267572115385 0.3477121923076923 0.8241796874999999 0.3631134254807692 0.8204296875 0.3672608028846154 0.8204296875 0.3708140432692308 0.8204296875 0.3869598774038462 0.83447265625 0.39864969230769226 0.8496679687500001 0.40576003125000004 0.8256787115384616 0.40635030769230773 0.8166845697115386 0.40635030769230773 0.8001904302884615 0.40576003125000004 0.7911962884615384
0 0.6188464495192308 0.46308105528846155 0.6126543221153846 0.455078125 0.6010802475961539 0.4365234375 0.5898919759615384 0.42333984375 0.5713734567307692 0.41845703125 0.5625 0.41845703125 0.5602353389423077 0.42880859375 0.5574922836538462 0.44182128846153845 0.5547492283653847 0.45874023557692306 0.5499498461538461 0.47435546875 0.5434375 0.4943115240384615 0.5386419759615385 0.502119139423077 0.557148920673077 0.5290185552884615 0.5619483028846154 0.542900389423077 0.5681172836538462 0.5537451177884616 0.5753163581730769 0.5589501947115385 0.5797723774038461 0.5602490240384616 0.5828549375000001 0.55634765625 0.5903973774038461 0.5450683581730769 0.604108795673077 0.5450683581730769 0.60513503125 0.5350927740384616 0.6082214495192309 0.525546875 0.6116473774038462 0.5212109375 0.6281018509615385 0.5242431634615385 0.635983795673077 0.51123046875 0.6335841057692307 0.4956152355769231 0.6236458341346154 0.47609375000000004 0.6188464495192308 0.46308105528846155
0 0.1398070985576923 0.75333984375 0.13750771634615383 0.7383105456730769 0.13252700721153846 0.7252197259615384 0.12333719230769231 0.7053466802884615 0.1114621923076923 0.6961376947115384 0.10226851923076923 0.695166016826923 0.07737268509615383 0.6835302740384616 0.07162808653846155 0.6767431634615384 0.06013503125 0.6670507812500001 0.045964507211538455 0.6597753918269231 0.03140817788461538 0.6505664062500001 0.0218325625 0.6471728509615384 0.011489197115384615 0.6437792956730769 0.0061265432692307695 0.6791699230769231 0.004980709134615385 0.701953125 0.02796296394230769 0.748974610576923 0.060902778846153846 0.7678808581730769 0.07737268509615383 0.7766064447115385 0.10188657451923078 0.78 0.11490740625000001 0.777578125 0.12601851923076923 0.7756396490384615 0.13310185096153845 0.76513671875 0.1398070985576923 0.75333984375
0 0.34658564903846156 0.2653515625 0.35398919711538457 0.26274902403846156 0.3609799375 0.26222656250000004 0.3733217596153846 0.2637890625 0.3794907403846154 0.26899413942307693 0.3852469134615385 0.2669140625 0.3868942908653846 0.26170410096153846 0.3877160504807692 0.25754394471153846 0.3877160504807692 0.24348632692307692 0.38442515384615383 0.22526855528846154 0.3724961418269231 0.22058105528846153 0.35892361057692307 0.22630859374999998 0.32272762259615384 0.24140625 0.3165586418269231 0.24400878846153845 0.3120331778846154 0.25598144471153844 0.3120331778846154 0.2606640625 0.3165586418269231 0.27315918028846153 0.3272530865384615 0.27836425721153846 0.33589120432692304 0.27732421874999996 0.3387692908653846 0.2747216802884615 0.34658564903846156 0.2653515625
0 0.2572337956730769 0.10648925721153847 0.26134644951923075 0.09217285096153846 0.26134644951923075 0.08653320432692307 0.2589467596153846 0.0769921875 0.2527777788461539 0.06831543028846153 0.2530864206730769 0.0595703125 0.24768518509615384 0.04541015625 0.24421296394230768 0.04150390625 0.23842592548076924 0.037109375 0.23187114182692306 0.04532226442307692 0.2239853389423077 0.06007324278846154 0.21404706730769232 0.07004882932692308 0.21267746875 0.08306640625 0.21370370432692307 0.09217285096153846 0.21679012259615385 0.09955078125 0.2253587956730769 0.10302246153846153 0.2407831778846154 0.11429687499999999 0.2514081778846154 0.11212890625000001 0.2572337956730769 0.10648925721153847
0 0.5557793221153846 0.5281494134615385 0.55201003125 0.5212109375 0.5454938269230769 0.5090625 0.5406983028846154 0.5042919927884616 0.5355555552884615 0.502119139423077 0.5310995360576923 0.502119139423077 0.5286998461538461 0.5077587884615384 0.5249305552884616 0.51296875 0.5208179014423077 0.521640625 0.5167052475961539 0.526416014423077 0.5101929014423077 0.5355224615384615 0.5064197524038462 0.5455029302884615 0.5036805552884616 0.5537451177884616 0.5026504639423077 0.5637207019230769 0.5026504639423077 0.574130858173077 0.5043634254807693 0.5832421875 0.5071064807692308 0.5897509759615385 0.5101929014423077 0.59365234375 0.5132754639423077 0.5953906250000001 0.5191049375 0.5988623052884615 0.5262345673076922 0.59423828125 0.5321296298076923 0.5867138677884616 0.5434375 0.56892578125 0.5465239206730769 0.5663232427884616 0.5585223774038461 0.557216798076923 0.5629745360576923 0.5463671875 0.5557793221153846 0.5281494134615385
0 0.32640046394230765 0.03486328125 0.3192361105769231 0.02968261778846154 0.30490740625 0.030976562500000002 0.29262731490384614 0.04133788942307692 0.2762345673076923 0.05419921875 0.27625 0.06077148557692307 0.27522762259615385 0.0711328125 0.26806327163461535 0.08926757692307692 0.26806327163461535 0.11128906250000001 0.27420524759615383 0.12294433653846154 0.29591049278846154 0.13916015625 0.3105709879807692 0.12744140625 0.3618827163461538 0.06689453125 0.33970679086538463 0.04781738221153846 0.33049382692307694 0.03875 0.32640046394230765 0.03486328125
0 0.7058834879807693 0.41941406249999996 0.6980632716346153 0.40862304807692307 0.6881134254807691 0.4059228509615384 0.6781635793269231 0.41941406249999996 0.6703472211538462 0.43291015624999996 0.6604938269230769 0.46240234375 0.6539969134615385 0.49857421875 0.6532870360576923 0.505771483173077 0.6539969134615385 0.5111669927884616 0.6660802475961538 0.5156689447115385 0.6714120360576923 0.5107177740384615 0.6765277788461539 0.50244140625 0.6834220673076923 0.50244140625 0.6896064807692308 0.5076611322115384 0.6913117283653847 0.5115283197115384 0.6947260793269231 0.5159374999999999 0.7044598774038462 0.5192675769230769 0.7272376538461539 0.49560546875 0.72955246875 0.478515625 0.7202932091346154 0.4462890625 0.7058834879807693 0.41941406249999996
0 0.4748418221153846 0.38235351442307697 0.47087191346153845 0.3890478509615385 0.46643518509615384 0.39697265625 0.46875 0.41357421875 0.47814814903846153 0.4273291009615384 0.4917013894230769 0.4346533197115384 0.5219483028846154 0.43674316346153846 0.5328587956730769 0.4371630865384616 0.5368248461538461 0.4283740240384616 0.5348418221153847 0.42167968749999996 0.5275694447115384 0.41519531249999997 0.5275694447115384 0.40620117067307693 0.5340162043269231 0.39071777403846153 0.5356712956730769 0.38255859375 0.5356712956730769 0.3756591802884615 0.5303819447115384 0.37314453125 0.5105439807692307 0.3645703125 0.4981481490384615 0.3675 0.48888888942307696 0.3743994134615385 0.4748418221153846 0.38235351442307697
0 0 0.46380859375 0.00017746875 0.4765625 0.010922067307692308 0.483359375 0.03644290144230769 0.47996093749999996 0.06196373557692308 0.47061035096153847 0.08143904326923077 0.4689111322115384 0.08211419711538462 0.4493603509615385 0.07136574038461539 0.4281103509615385 0.04853394951923077 0.40770996153846156 0.029726079326923078 0.37541015625 0.015625 0.37881347596153847 0.013611110576923076 0.3881591802884615 0.010922067307692308 0.40855956971153845 0 0.4374609375 0 0.46380859375
0 0.4321604927884615 1 0.4295138894230769 0.9783642572115384 0.4328240745192308 0.9456933581730769 0.43348379567307693 0.927265625 0.40369984615384613 0.9163769519230769 0.35472222115384616 0.9071630865384616 0.32493827163461536 0.897109375 0.3203047836538462 0.8987841802884616 0.31765817788461537 0.9138623052884616 0.30508101923076925 0.9775292980769231 0.32162808653846153 0.9892529302884616 0.33552855048076924 1 0.42620370432692306 1 0.4321604927884615 1
0 0.6405092596153845 0.55869140625 0.6433873461538462 0.54515625 0.6392746923076923 0.53564453125 0.6292438269230769 0.5244140625 0.6195331778846154 0.5212109375 0.6133603389423077 0.5217285144230769 0.6084259254807692 0.5238134759615385 0.6055478389423077 0.5357861322115385 0.6076041658653846 0.548798829326923 0.6158294759615385 0.5644140624999999 0.6207638894230769 0.5691015625 0.6314583341346154 0.5675390625 0.6405092596153845 0.55869140625
0 1 0.23486328125 0.99290509375 0.21979980528846152 0.9874768509615385 0.21605468749999998 0.9618094134615384 0.21979980528846152 0.9425617283653847 0.23041992067307693 0.930713735576923 0.24853515625 0.9292322524038461 0.26290527403846153 0.93021990625 0.284140625 0.9391049375 0.3078808605769231 0.9494714495192308 0.32287109375 0.9687191346153846 0.31912597596153847 0.9795794759615385 0.3210009759615385 0.9976851850961539 0.2783203125 1 0.23486328125
0 0.6776003076923077 0.2802636706730769 0.6753163581730769 0.2730371081730769 0.6764583341346154 0.2589355456730769 0.6753163581730769 0.2538769543269231 0.67103009375 0.24917480528846153 0.662461420673077 0.24447753846153847 0.6564660504807692 0.2368847644230769 0.6510378076923077 0.2368847644230769 0.6458950625 0.24086425721153845 0.6390393509615385 0.24664550721153844 0.6339004639423076 0.2538769543269231 0.6310416658653846 0.2578515625 0.6304706778846154 0.26291503846153846 0.6356134254807693 0.26978027403846155 0.651608795673077 0.2976171875 0.653163579326923 0.3056640625 0.6650347211538462 0.30268066346153844 0.6793132716346153 0.2965332019230769 0.6795987644230769 0.28677246153846153 0.6776003076923077 0.2802636706730769
0 0.5597955240384616 0.78892578125 0.5647955240384616 0.7943505865384615 0.5726504639423077 0.79525390625 0.5847878076923076 0.7976611322115384 0.5850270072115384 0.7904345697115385 0.5826466057692308 0.7844091802884615 0.5840740745192308 0.7744677740384615 0.59240740625 0.7681396490384615 0.5922067908653846 0.7607421875 0.5909799375 0.7542822259615385 0.5864544759615384 0.74193359375 0.5814583341346153 0.72716796875 0.5771720673076923 0.7208447259615384 0.5555131177884616 0.7106005865384616 0.5526543221153847 0.7096972644230769 0.5445640432692308 0.71361328125 0.5405169759615385 0.71994140625 0.53361496875 0.7331933605769231 0.52861496875 0.7365087884615384 0.5276620360576924 0.7404248052884616 0.5288541658653846 0.7473535168269231 0.5367091057692307 0.7548876947115384 0.5412307091346154 0.7621142572115385 0.5536072524038461 0.77958984375 0.5597955240384616 0.78892578125
0 0.5999228389423077 0.1962890625 0.5980208341346154 0.20210449278846154 0.5922955240384615 0.21238769471153846 0.5900771610576923 0.21519531249999999 0.5900771610576923 0.21870117067307693 0.5915547836538462 0.2271191394230769 0.6006944447115384 0.23486328125 0.6030092596153847 0.24137695432692308 0.6076273149038461 0.24184570432692307 0.6198186730769231 0.24301269471153847 0.6231442908653846 0.24301269471153847 0.6273919759615385 0.24278320432692307 0.6329320985576923 0.23763671875 0.6357060192307693 0.23015625 0.6442901225961539 0.22216796875 0.659336420673077 0.21435546875 0.6528819447115384 0.20350585817307693 0.6456790120192307 0.19181640625000002 0.6305324062500001 0.1833984375 0.6103973774038461 0.18129394471153845 0.6061496923076923 0.1796582043269231 0.6026234567307692 0.18701171875 0.5999228389423077 0.1962890625
0 0.5360339495192308 0.42282226682692303 0.5422067908653846 0.42490234375 0.5520756177884615 0.4196972668269231 0.5574228389423077 0.41188964903846154 0.5759336418269231 0.3931494134615384 0.5841589495192308 0.3941894519230769 0.6084259254807692 0.40564453125 0.6137731490384616 0.4061621081730769 0.6187075624999999 0.40251953125 0.628171295673077 0.393671875 0.6219984567307691 0.3733691394230769 0.6113040120192308 0.35983398557692303 0.5981442908653846 0.3478613269230769 0.5833371923076923 0.34890136778846154 0.574286264423077 0.34890136778846154 0.5689390432692307 0.35306640625 0.5640046298076923 0.3608740240384615 0.5450848774038461 0.3733691394230769 0.5335686730769231 0.39471191346153844 0.5269868822115384 0.4077246105769231 0.5273996923076922 0.4144921875 0.5360339495192308 0.42282226682692303
0 0.05242669711538461 0.3128515625 0.07816357932692308 0.3099609375 0.09406635817307693 0.28650390625 0.09540894951923076 0.25760253846153847 0.07727623557692308 0.24400390624999999 0.049741512019230764 0.21255371153846153 0.0013850312500000002 0.17345214903846154 0 0.2916015625 0.012804783653846154 0.30180175721153846 0.05242669711538461 0.3128515625
0 0.8071720673076922 0.40626953125000004 0.810628858173077 0.41063964903846156 0.8214853389423078 0.4187597644230769 0.8298765432692308 0.4187597644230769 0.8333333341346154 0.43125488221153846 0.8427083341346153 0.43125488221153846 0.8525810192307692 0.4075146490384615 0.862453704326923 0.39814453125000004 0.84517746875 0.37365722596153844 0.8160570985576924 0.36441406249999997 0.8061844134615386 0.37628418028846156 0.8047029326923076 0.38877441346153846 0.8071720673076922 0.40626953125000004