0 0.9650347211538463 0.60970703125 0.9746296298076923 0.611005858173077 0.9811419759615384 0.608837891826923 0.9828587956730769 0.60146484375 0.9852584879807692 0.5867138677884616 0.9873148149038461 0.5797705072115384 0.9883410504807693 0.5710986322115384 0.9879976850961539 0.565458983173077 0.9855979927884615 0.5641552740384616 0.9811419759615384 0.5628564447115385 0.9746296298076923 0.5554785144230769 0.96571759375 0.5450683581730769 0.9585223774038462 0.5476708990384616 0.9574922836538462 0.5680615240384616 0.9554359567307693 0.5997265625 0.9564660504807693 0.60796875 0.9650347211538463 0.60970703125
0 0.8846566346153846 0.6807763677884615 0.889513889423077 0.69306640625 0.8980825625000001 0.7035498052884616 0.9063657403846155 0.7010205072115384 0.9212191346153846 0.6999365240384615 0.9346412043269231 0.6977685552884616 0.9354976850961538 0.6908984375 0.9306442908653847 0.671015625 0.9309297836538462 0.6540234375 0.9309297836538462 0.6431787115384615 0.9069367283653846 0.6345019519230769 0.892368826923077 0.6366748052884615 0.8866550937500001 0.6471582043269231 0.8857986105769231 0.66740234375 0.8846566346153846 0.6807763677884615
0 0.5871527788461539 0.6529003894230769 0.5716087956730769 0.6558544927884615 0.5681095673076924 0.66470703125 0.5712191346153846 0.6819238293269231 0.5793788581730769 0.6824169927884616 0.5832677475961539 0.6952050769230769 0.5918171298076923 0.7089794927884616 0.6015316346153846 0.7232421874999999 0.6124151225961538 0.7335742187500001 0.6403973774038462 0.7517724615384616 0.6524459879807692 0.7498046875 0.6738233028846154 0.7370166009615384 0.6765432091346154 0.72029296875 0.6718788581730769 0.7055371105769231 0.6703240745192307 0.6843847644230769 0.6699382716346154 0.6504443365384615 0.6306828701923077 0.6381445312499999 0.6065856490384616 0.6479833990384616 0.5871527788461539 0.6529003894230769
0 0.3398109567307692 0.5324951177884615 0.3424537043269231 0.5285205072115384 0.3429513894230769 0.5262207043269231 0.34493441346153847 0.5235009759615384 0.34774305528846156 0.5203613293269231 0.3515470673076923 0.5176416009615384 0.35534722115384615 0.5155517572115385 0.35848765384615383 0.5111572259615385 0.35848765384615383 0.505927735576923 0.35452160576923075 0.5002783197115385 0.3499228389423077 0.498046875 0.3437770072115385 0.4958886730769231 0.3345177475961538 0.4981884759615385 0.3303858028846154 0.49986328125 0.32410493749999997 0.5048828125 0.31931327163461537 0.5111572259615385 0.31881558653846154 0.5159716802884615 0.31881558653846154 0.52078125 0.3198070985576923 0.5264306634615384 0.32658564903846155 0.5324951177884615 0.3345177475961538 0.5356347644230769 0.3353472211538462 0.5350097668269231 0.3398109567307692 0.5324951177884615
0 0.508263889423077 0.45348144471153845 0.5152044759615385 0.45548828125 0.5233371923076923 0.45749999999999996 0.5354398149038462 0.44494628846153844 0.5477353389423076 0.4346533197115384 0.5495216057692308 0.43038574278846153 0.5497183653846154 0.4268701177884615 0.5457523149038461 0.42436035096153846 0.5388117283653846 0.4226025384615385 0.5338503076923077 0.4188378894230769 0.527901235576923 0.4173291009615384 0.5235378076923077 0.41607421875 0.5195679014423077 0.4153222668269231 0.5156018509615385 0.41406738221153844 0.5112384254807693 0.41557128846153846 0.5060802475961539 0.4168261706730769 0.5035030865384615 0.4168261706730769 0.5009220673076923 0.42134765625 0.49735339423076924 0.43339843749999996 0.49834490624999994 0.4462011706730769 0.5033063269230769 0.45021484375000004 0.508263889423077 0.45348144471153845
0 0.08996913461538461 0.2614306634615385 0.08996913461538461 0.26830078125 0.08968364182692307 0.27950683653846153 0.0825424375 0.2932421875 0.0799691346153846 0.3015576177884615 0.08396990624999999 0.3062597668269231 0.09996527884615383 0.3134863293269231 0.11195987740384615 0.32360839903846156 0.11938657451923076 0.32324706971153844 0.1282407403846154 0.313125 0.13795524759615385 0.2954150384615385 0.13909722115384615 0.286015625 0.13081404326923077 0.2744433581730769 0.11053240625 0.2509472668269231 0.09915123557692307 0.25732421875 0.08996913461538461 0.25854003846153845 0.08996913461538461 0.2614306634615385
0 0.7129899687500001 0.3140917956730769 0.7129899687500001 0.3243310552884615 0.7163233028846154 0.33035644471153847 0.7208449062500001 0.3333691418269231 0.7291782403846153 0.342109375 0.7313194447115384 0.342109375 0.7372685192307693 0.3396972668269231 0.7408410504807693 0.33578125000000003 0.7441743822115385 0.3327685552884615 0.7505979927884615 0.32915527403846156 0.7505979927884615 0.3255371105769231 0.7496489206730769 0.3207177740384616 0.7451003076923077 0.311640625 0.7389351850961539 0.30595703125 0.7239390432692308 0.3032470697115385 0.7153703701923076 0.30415038942307693 0.7141820985576923 0.3095703125 0.7129899687500001 0.3140917956730769
0 0.4313657403846154 0.6146386706730769 0.4352237644230769 0.5992968750000001 0.43549768509615383 0.5935449206730768 0.43370756250000003 0.590751951923077 0.42847607932692305 0.5856982427884615 0.4233796298076923 0.5797705072115384 0.41841820913461536 0.5748876947115384 0.4124961418269231 0.57541015625 0.4083641971153846 0.5773291009615384 0.4054706778846154 0.5816894519230769 0.40354166586538465 0.588837891826923 0.4024382716346154 0.5947656250000001 0.40106095673076925 0.6012158197115385 0.40106095673076925 0.6033056634615385 0.40161265384615386 0.605048829326923 0.4040933653846154 0.6076660144230769 0.4049189807692307 0.6118505865384616 0.4051967596153846 0.6170800769230769 0.4073996923076923 0.6191699206730769 0.4096026225961538 0.624921875 0.415941358173077 0.6259716802884616 0.4235146610576923 0.620390625 0.4313657403846154 0.6146386706730769
0 0.49182098798076923 0.5509326177884616 0.48009644951923075 0.5368798822115385 0.47199459855769227 0.53115234375 0.46130015384615386 0.545625 0.45771990625000003 0.5588964831730769 0.4582137355769231 0.5706103509615384 0.45652777884615386 0.57998046875 0.45771990625000003 0.5862792980769231 0.4584606490384615 0.5877880865384616 0.4636844134615385 0.5877880865384616 0.47010030769230765 0.5877880865384616 0.4782060192307692 0.58357421875 0.48400462980769227 0.5878955072115384 0.49552083413461534 0.5806054687500001 0.5029243822115385 0.5717578125 0.49675540144230773 0.55822265625 0.49182098798076923 0.5509326177884616
0 0.37384259375 0.5139404302884615 0.37632330288461535 0.51666015625 0.37847222115384616 0.5172900384615384 0.38591049278846157 0.5095458990384615 0.39169753124999995 0.499921875 0.39615740625 0.48486328125 0.3953317908653846 0.47942382932692307 0.39351466105769234 0.4737744134615385 0.3911998461538462 0.46833496153846155 0.38491898076923076 0.46603515624999997 0.3797955240384615 0.46770507932692307 0.36706790144230766 0.4679150384615385 0.36260416586538463 0.47063476682692307 0.3526851850961539 0.47858398317307693 0.34805555528846155 0.4856982427884615 0.3503703701923077 0.49364746153846156 0.35318287019230765 0.499921875 0.3584722211538462 0.5076660168269231 0.3588001538461538 0.5124755865384615 0.36376157451923075 0.5126855456730769 0.37384259375 0.5139404302884615
0 0.3364853389423077 0.4641503918269231 0.33119598798076927 0.45515625 0.32987654326923077 0.4532714831730769 0.3217746923076923 0.45410644471153844 0.31681712980769233 0.45724609374999997 0.3115277788461538 0.46247558653846155 0.30822144951923075 0.4664501947115385 0.3064043221153846 0.47293456971153847 0.3064043221153846 0.48172363221153847 0.31020447596153844 0.4923925769230769 0.3118557091346154 0.5015966802884615 0.3141705240384616 0.5082910144230769 0.31731095673076926 0.5105957043269231 0.3191319447115385 0.5110107427884615 0.3222723774038462 0.5053613269230769 0.3270640432692308 0.5024365240384616 0.3290470673076923 0.50076171875 0.3353279326923077 0.4988769543269231 0.3424382716346154 0.49511230528846156 0.3422723774038462 0.48548828125 0.3422723774038462 0.47879394471153847 0.33995756250000003 0.4714746105769231 0.3364853389423077 0.4641503918269231
0 0.7835416658653845 0.6688476562500001 0.8138194447115384 0.6724609374999999 0.8229591057692307 0.6724609374999999 0.8372415120192307 0.6576416009615385 0.8349575625000001 0.65041015625 0.8286728389423076 0.6449902355769231 0.7972530865384615 0.6196826177884615 0.7881134254807692 0.6044970697115384 0.7778317908653847 0.590400391826923 0.7701195985576923 0.58498046875 0.7581211418269231 0.58498046875 0.7461226850961539 0.5867871105769231 0.721558641826923 0.5828076177884616 0.7172762355769231 0.585703125 0.7187037043269231 0.5972705072115384 0.7249884254807692 0.611005858173077 0.7332716057692308 0.6240185552884616 0.7498379639423077 0.6384814447115384 0.7664043221153847 0.6569189447115384 0.7835416658653845 0.6688476562500001
0 0.7895640432692308 0.5068261706730769 0.794691358173077 0.5141503894230769 0.8024575625 0.5258642572115385 0.8105594134615385 0.53193359375 0.816840278846154 0.5321435552884616 0.8265933653846154 0.5317236322115385 0.8285763894230769 0.5237744134615384 0.8290702163461539 0.5149853509615384 0.8307253076923077 0.5053613269230769 0.8307253076923077 0.5001318365384615 0.8298996923076923 0.49511230528846156 0.8265933653846154 0.48904785096153847 0.8251041658653846 0.48381347596153845 0.8183294759615385 0.47628418028846153 0.8158487644230769 0.4710546875 0.8107253076923077 0.47335449278846153 0.805763889423077 0.47774902403846153 0.8003086418269232 0.4856982427884615 0.7882445985576924 0.499921875 0.7895640432692308 0.5068261706730769
0 0.8375347211538462 0.590302735576923 0.8361458341346153 0.5792529302884616 0.83673996875 0.5543994134615384 0.8361458341346153 0.5471191394230769 0.8301967596153846 0.5493798822115384 0.8252353389423077 0.5523925769230769 0.8196836418269231 0.5556542956730769 0.813931326923077 0.5586669927884615 0.805798610576923 0.5594238293269231 0.8008410504807693 0.56017578125 0.7968711418269231 0.5626855480769231 0.7940933653846154 0.5662011706730768 0.7907214495192308 0.571220701923077 0.7875501538461538 0.582265625 0.7889390432692308 0.5867871105769231 0.794691358173077 0.588544920673077 0.7952854927884616 0.5973291009615385 0.8012345673076923 0.5978320312500001 0.8121450625000001 0.598583985576923 0.8198804014423077 0.597080076923077 0.8375347211538462 0.590302735576923
0 0.35334876442307694 0.3103857427884616 0.3592978389423077 0.3161572259615385 0.36247299278846157 0.3224365240384615 0.37924382692307695 0.3212890625 0.38541666586538464 0.31494140625 0.39891975240384614 0.30322265625 0.3993672836538461 0.2973291009615385 0.39857253125000003 0.28779296875 0.3966049375 0.28369140625 0.3942901225961538 0.28173828125 0.3896604927884615 0.28271484375 0.3860763894230769 0.2792578125 0.3749691346153846 0.28402343750000003 0.3653549375 0.2919921875 0.35334876442307694 0.3028515625 0.35255401201923076 0.3103857427884616 0.35334876442307694 0.3103857427884616
0 0.4991820985576923 0.6124121105769231 0.48930941346153844 0.6186572259615384 0.47647762259615384 0.62990234375 0.46808642067307693 0.6386474615384615 0.4666049375 0.6455224615384616 0.46216435096153846 0.6567626947115385 0.45673611057692304 0.6648828125 0.45081018509615384 0.6780029302884615 0.45377314903846155 0.6873730456730769 0.46952160576923074 0.69189453125 0.4799382716346154 0.71337890625 0.49768518509615384 0.701171875 0.5144830240384615 0.7004931634615384 0.5366936730769231 0.6967431634615384 0.5450848774038461 0.6773779302884615 0.5445910504807693 0.6561376947115385 0.5396566346153846 0.6155371081730769 0.52830246875 0.6055419927884615 0.5154706778846154 0.6049169927884616 0.4991820985576923 0.6124121105769231
0 0.7762885793269232 0.8259082019230769 0.7759066346153846 0.8322119134615384 0.7778202163461538 0.8322119134615384 0.7912268509615384 0.8317285168269231 0.8004205240384615 0.8312402355769231 0.8015702163461539 0.8293017572115384 0.8073148149038462 0.8278466802884614 0.8153587956730769 0.8312402355769231 0.8337422836538462 0.837060545673077 0.8498302475961539 0.8360888677884616 0.8567245360576923 0.8360888677884616 0.870131173076923 0.83560546875 0.8854513894230769 0.8322119134615384 0.8934953701923077 0.824453125 0.897326389423077 0.8103955072115384 0.9030709879807692 0.7929443365384615 0.9107330240384616 0.7759765624999999 0.908433641826923 0.7672509759615385 0.9049884254807693 0.7551318365384615 0.9030709879807692 0.7464062499999999 0.8651543221153847 0.7158642572115385 0.8456172836538461 0.7085937499999999 0.8348765432692308 0.708984375 0.8209876538461539 0.7021484375 0.7804783942307693 0.69970703125 0.7682445985576922 0.7037451177884615 0.7602006177884615 0.7105322259615385 0.7575192908653846 0.7236230480769231 0.7525424375 0.74107421875 0.7523148149038461 0.7587890625 0.7476851850961539 0.7734375 0.7398996923076923 0.7948828124999999 0.7475617283653846 0.8171826177884616 0.7586689807692307 0.8230029302884615 0.7632677475961539 0.8210595697115385 0.7762885793269232 0.8259082019230769
0 0.32195987740384613 0.6211279302884616 0.3231018509615385 0.6287207019230769 0.33423996875 0.62546875 0.34395447596153844 0.6243798822115385 0.35252314903846155 0.62546875 0.35594907451923075 0.62546875 0.3616628076923077 0.6193212884615384 0.3733719134615385 0.60630859375 0.3739429014423077 0.5947412115384615 0.3619483028846154 0.593291014423077 0.34795138942307696 0.593291014423077 0.32910107932692306 0.6026904302884616 0.32195987740384613 0.6211279302884616
0 0.2636342596153846 0.4136865240384615 0.26745756249999997 0.41864746153846155 0.26803240625 0.4194970697115385 0.2717631177884615 0.4215527355769231 0.27893904326923075 0.4257910168269231 0.28008487740384613 0.42712402403846156 0.2812345673076923 0.43148437500000003 0.28448688221153845 0.43220703125 0.28869598798076923 0.42930175721153846 0.2885995360576923 0.4221582043269231 0.2884066346153846 0.4168310552884616 0.2877391971153846 0.40799316346153847 0.28554012259615386 0.4007324230769231 0.2831481490384615 0.4007324230769231 0.27635416586538464 0.40145996153846153 0.26774691346153845 0.40291015625 0.2629629639423077 0.4044824230769231 0.25903935096153846 0.4081152331730769 0.26210262259615386 0.4111425793269231 0.2636342596153846 0.4136865240384615
0 0.44291280769230773 0.540576170673077 0.43600308653846154 0.531826173076923 0.41550925961538465 0.537109375 0.4083641971153846 0.5430712884615384 0.39997299278846155 0.55931640625 0.3950385793269231 0.5755566418269231 0.39405092548076925 0.589296875 0.39405092548076925 0.591796875 0.3965200625 0.592421875 0.39799768509615385 0.593046875 0.4029359567307692 0.588671875 0.40638888942307694 0.5793017572115384 0.4118209879807692 0.5768066394230769 0.4207021610576923 0.578681641826923 0.43057484615384617 0.5868017572115385 0.43600308653846154 0.594921875 0.4374845673076923 0.5992919927884615 0.4463695985576923 0.6011669927884615 0.4542669759615385 0.5874267572115385 0.4542669759615385 0.574306641826923 0.45081018509615384 0.5618115240384616 0.44291280769230773 0.540576170673077
0 0.19074074038461536 0.8621777331730769 0.19690972115384617 0.8712890625 0.2027353389423077 0.8830029302884616 0.2150733028846154 0.8934130865384616 0.21987268509615385 0.9029589855769231 0.2246720673076923 0.900791014423077 0.22809799278846155 0.8886425793269231 0.23118441346153845 0.8708544927884615 0.23084105048076922 0.863916014423077 0.21644675961538462 0.8461279302884616 0.20410493749999997 0.8248730456730768 0.19793595673076922 0.8257421875000001 0.18388503125 0.8287792956730768 0.16777392067307695 0.8387548822115385 0.17668595673076923 0.8509033197115384 0.1814853389423077 0.8552392572115385 0.19074074038461536 0.8621777331730769
0 0.07547067788461538 0.794521485576923 0.06940586538461538 0.8175488269230768 0.06174382692307692 0.8349169927884615 0.058873456730769234 0.8543066394230769 0.06078703605769231 0.8656201177884615 0.06174382692307692 0.8692578125 0.06812885817307693 0.8692578125 0.07738425961538462 0.87046875 0.08408950721153846 0.872890625 0.08855709855769231 0.8732958990384615 0.09079089423076922 0.8656201177884615 0.09940972115384615 0.8676416009615384 0.1112191346153846 0.8696582019230769 0.12239197596153846 0.8712744134615384 0.13005015384615384 0.8716796874999999 0.13388117307692307 0.8716796874999999 0.1325424375 0.8430761706730769 0.13930941346153847 0.83330078125 0.1284567908653846 0.8191650384615384 0.10738811778846154 0.7965380865384616 0.08632330288461539 0.7884619134615385 0.07547067788461538 0.794521485576923
0 0.9660686730769231 0.6776660168269231 0.9795601850961538 0.6806787115384616 0.9793595673076924 0.6974951177884615 0.9851118822115384 0.69724609375 0.9964197524038462 0.6854443365384615 0.9968171298076923 0.6781640624999999 0.9942361105769231 0.6746533197115384 0.9912615745192308 0.6706347644230769 0.98669753125 0.6676220697115384 0.9801543221153846 0.6638574230769231 0.9525810192307692 0.6530615240384615 0.9480208341346154 0.6643603509615384 0.9511921298076923 0.67314453125 0.9575424375 0.6776660168269231 0.9660686730769231 0.6776660168269231
0 0.79196759375 0.3734277331730769 0.8022530865384615 0.37053222596153845 0.8088194447115384 0.36511230528846156 0.8128858028846154 0.35498046875 0.8151041658653846 0.3492041009615384 0.8145331778846153 0.34052734375000004 0.8139621923076923 0.3358300769230769 0.8093904326923076 0.3372753918269231 0.8045370360576923 0.3379980480769231 0.8011072524038462 0.3372753918269231 0.7985378076923078 0.3351074206730769 0.7959683653846154 0.3340234375 0.79396990625 0.3336621105769231 0.7916820985576922 0.3336621105769231 0.7808641971153846 0.34228515625 0.7805439807692308 0.35354492067307697 0.7789351850961539 0.3671875 0.7819714495192307 0.3734277331730769 0.79196759375 0.3734277331730769
0 0.35699845673076924 0.8182910168269231 0.3947916658653846 0.8484375 0.42895061778846155 0.790380860576923 0.46028549278846154 0.7477880865384615 0.4626080240384616 0.7125341802884615 0.45377314903846155 0.6873730456730769 0.43889660576923073 0.6691357427884616 0.3844174375 0.6546875000000001 0.3453935192307692 0.6420361322115385 0.3059375 0.6200048822115385 0.2815663581730769 0.600908204326923 0.26299768509615384 0.5965039062499999 0.24212962980769231 0.641943360576923 0.23726851923076925 0.7725585937499999 0.2846836418269231 0.739599610576923 0.31311728365384617 0.77763671875 0.35699845673076924 0.8182910168269231
0 0.6400964495192307 0.47258789182692307 0.6472376538461538 0.46933105528846153 0.6518094134615384 0.46463378846153847 0.65209490625 0.45089843749999997 0.6509529326923077 0.4422216802884616 0.6469521610576923 0.43499023557692307 0.644097221153846 0.4299267572115385 0.6406674375 0.42848144471153843 0.6318132716346153 0.4252294927884615 0.6275308653846154 0.42016601442307694 0.6252430552884616 0.41619140625 0.6206751538461539 0.41185546875 0.6176697524038463 0.41259765625 0.6089621923076923 0.4129394543269231 0.6032523149038462 0.4140234375 0.6018209879807692 0.41655273557692307 0.5992515432692308 0.42197753846153846 0.59696759375 0.4302880865384615 0.6145833341346154 0.4453125 0.6169598774038462 0.45270507692307693 0.628086420673077 0.4638671875 0.6400964495192307 0.47258789182692307
0 0 0.8117138677884616 0.010787036057692307 0.8151123052884616 0.03295138942307692 0.8125634759615384 0.055115740384615385 0.8066113293269231 0.08632330288461539 0.7884619134615385 0.10481095673076922 0.776015625 0.10346836538461537 0.7598632812499999 0.08063657451923077 0.7403125 0.04235339423076923 0.71736328125 0 0.6910156249999999 0 0.8117138677884616
0 0.4969560192307692 0.41677734375000003 0.4884066346153846 0.41627441346153843 0.48344907451923075 0.4180566418269231 0.4779166658653846 0.4195410168269231 0.4727391971153846 0.42355468749999997 0.4661921298076923 0.4296044927884616 0.4689891971153846 0.4325927740384615 0.4727391971153846 0.4393701177884616 0.4779166658653846 0.4441650384615385 0.48485725240384614 0.4451464831730769 0.49653935096153845 0.437890625 0.5009027788461539 0.42004394471153844 0.5009027788461539 0.41979003846153845 0.4969560192307692 0.41677734375000003
0 0.7533179014423077 0.34869140625 0.7475308653846154 0.3520361322115385 0.7462075625 0.35454589903846156 0.7505054014423076 0.3606152355769231 0.7574498461538461 0.36688964903846155 0.7610841057692308 0.37232910096153843 0.7648881177884616 0.37065918028846156 0.7668711418269231 0.36730956971153844 0.7746412043269231 0.36730956971153844 0.779598764423077 0.3641699206730769 0.779598764423077 0.3585253894230769 0.7766242283653846 0.3543408197115384 0.7726543221153845 0.3514111322115384 0.7653819447115384 0.3480615240384616 0.7582754639423077 0.3470166009615384 0.7533179014423077 0.34869140625
0 0.7329552475961538 0.23659668028846154 0.7403819447115385 0.24237793028846152 0.7455246923076922 0.24273925721153844 0.7563773149038462 0.22900390625 0.7598070985576922 0.22322265624999998 0.7598070985576922 0.22032714903846154 0.7583796298076924 0.21490722596153844 0.7580941346153847 0.21490722596153844 0.7523804014423077 0.20948242307692308 0.7466666658653847 0.20623046875 0.7389544759615384 0.19719238221153848 0.7238155865384616 0.20333984375 0.7252430552884616 0.21020507692307694 0.7307098774038461 0.22509765625 0.7329552475961538 0.23659668028846154
0 0.37428626442307694 0.5942626947115385 0.37634259374999995 0.5920947259615384 0.3807986105769231 0.5855859375 0.3783989206730769 0.57734375 0.37326003125 0.57517578125 0.3585185192307693 0.5708349615384616 0.34994984615384617 0.5699707019230769 0.33692515384615385 0.5721386730769231 0.3263001538461538 0.5760400384615385 0.32321759375 0.586455076923077 0.3331558653846154 0.5981640625 0.3526929014423077 0.5920947259615384 0.36057484615384616 0.5920947259615384 0.37428626442307694 0.5942626947115385
0 0.07465663461538462 0.2539013677884615 0.06711805528846154 0.2526464831730769 0.06513503125 0.2498828125 0.05521605048076923 0.2526464831730769 0.055416665865384615 0.2651953125 0.05184413461538462 0.2729785144230769 0.05263888942307692 0.2792578125 0.056408177884615385 0.2875390625 0.06672067788461539 0.2973291009615385 0.07584490625 0.30059570432692306 0.08219521634615384 0.30134765625 0.08298611057692308 0.29481933653846154 0.08516975240384615 0.28879394471153846 0.09191357932692308 0.2769970697115384 0.08417824038461538 0.26645019471153847 0.08298611057692308 0.26092773317307694 0.08140046394230768 0.25716308653846154 0.07465663461538462 0.2539013677884615
0 0.9001003076923078 0.2080761706730769 0.9087384254807692 0.2063671875 0.9168364206730769 0.19748535096153846 0.9214120360576923 0.18999023557692307 0.9203433653846154 0.1725488269230769 0.9179128076923077 0.16366699278846156 0.9119753076923077 0.16229980528846152 0.9025308653846154 0.16366699278846156 0.8798572524038462 0.175625 0.8828279326923076 0.18655761778846153 0.8863348774038461 0.19748535096153846 0.8920023149038462 0.20227050721153847 0.9001003076923078 0.2080761706730769
0 0.6002932091346154 0.4184814447115385 0.6032754639423077 0.41267089903846155 0.6107368822115384 0.41223144471153844 0.6109683653846154 0.40729492067307693 0.6082137355769232 0.39915527403846157 0.6006944447115384 0.3876953125 0.5964506177884615 0.38427734375 0.590663579326923 0.3828125 0.5756134254807692 0.3807080072115384 0.5707908942307692 0.38259765625000003 0.5735455240384616 0.38782714903846155 0.5732021610576923 0.39247558653846154 0.5729706778846154 0.39843261778846156 0.5740740745192308 0.40478515625 0.5761844134615385 0.4081640625 0.5837615745192308 0.41208984374999996 0.5940933653846154 0.4202246081730769 0.5975385793269231 0.4225488293269231 0.6002932091346154 0.4184814447115385
0 0.10111496875 0.38072753846153845 0.10896990625 0.38374023317307693 0.13110725240384616 0.3780175793269231 0.1537191346153846 0.3632568365384615 0.1518171298076923 0.3509033197115385 0.14182098798076923 0.34186523317307693 0.13253472115384615 0.33734863221153844 0.1151620360576923 0.32740722596153843 0.11063657451923076 0.3240917980769231 0.10111496875 0.318671875 0.09659336538461538 0.3174658197115384 0.08778549278846154 0.3204785168269231 0.07588734615384615 0.3367431634615385 0.08040894951923076 0.3506005865384615 0.09326003125000001 0.36536621153846155 0.10111496875 0.38072753846153845
0 0.6961381177884616 0.7989550793269231 0.7004243822115386 0.8076269519230769 0.7004243822115386 0.81919921875 0.7052777788461538 0.8296826177884615 0.7398418221153846 0.82353515625 0.732638889423077 0.79296875 0.7286998461538462 0.7783447259615385 0.7138464495192308 0.7750927740384616 0.6909992283653845 0.7725634759615385 0.6652893509615385 0.7689501947115385 0.6515817908653846 0.7714794927884616 0.6512924375 0.7776220697115386 0.6544367283653846 0.80076171875 0.6721450625000001 0.8004003918269231 0.6869984567307692 0.79859375 0.6961381177884616 0.7989550793269231
0 0.3330516971153846 0.42778320432692307 0.3361458341346154 0.4220605480769231 0.33567129567307696 0.41482910096153847 0.33352623557692307 0.4079003918269231 0.33114583413461535 0.399765625 0.3290046298076923 0.3946435552884615 0.3251967596153846 0.3889208990384615 0.3209104927884615 0.3837988293269231 0.3168634254807693 0.3798828125 0.31288580288461537 0.37646484375 0.30398919711538464 0.37395019471153845 0.2966319447115385 0.37395019471153845 0.2910879639423077 0.37395019471153845 0.2817554014423077 0.37395019471153845 0.27223379567307693 0.37395019471153845 0.26947530769230765 0.3741894543269231 0.2656905865384615 0.3865136730769231 0.26709490625 0.3932910144230769 0.2684760793269231 0.3957910168269231 0.27383101923076925 0.3975390625 0.2795910504807692 0.39904296875 0.2847299375 0.4005517572115384 0.28673225240384614 0.4010644543269231 0.28949074038461536 0.4187451177884615 0.29758487740384615 0.4175390625 0.31376929086538463 0.42687988221153844 0.3273379639423077 0.42898925721153847 0.3330516971153846 0.42778320432692307
0 0.6495794759615384 0.8792089831730769 0.6607214495192307 0.8716162115384616 0.6554783942307693 0.84033203125 0.6321566346153846 0.8351025384615384 0.61044753125 0.8361865240384615 0.5981674375 0.8567919927884616 0.5958834879807692 0.8763134759615384 0.6201620360576924 0.8759521490384615 0.6313001538461538 0.8795703125000001 0.6495794759615384 0.8792089831730769
0 0.26251157451923074 0.5368261730769232 0.2670370360576923 0.53890625 0.27526234615384615 0.5461962884615384 0.2797878076923077 0.5498388677884616 0.29870756249999997 0.5550439447115385 0.30117669711538464 0.55400390625 0.30775848798076927 0.5456738293269231 0.3110493822115385 0.5383886706730769 0.30734567788461536 0.53162109375 0.3081674375 0.5196484375 0.3110493822115385 0.50767578125 0.3110493822115385 0.4967431634615384 0.3078703701923077 0.48828125 0.29282407451923076 0.47509765625 0.28102237740384617 0.47487793028846154 0.2712191346153846 0.47607421875 0.26350308653846155 0.494140625 0.24935185096153845 0.5040283197115385 0.24893904326923078 0.5097558581730769 0.2567554014423077 0.5305810552884616 0.26251157451923074 0.5368261730769232
0 0.7672492283653847 0.286328125 0.7664236105769231 0.28025878846153846 0.7652662043269232 0.2704296875 0.7627893509615385 0.27126464903846154 0.7517129639423078 0.2744042956730769 0.7480748461538462 0.27607421875 0.7422916658653846 0.2821435552884615 0.7386535504807692 0.28716308653846156 0.7327044759615385 0.29260253846153844 0.7323726850961538 0.29846191346153844 0.7341898149038462 0.3049462884615385 0.7379938269230769 0.30327148557692307 0.7451003076923077 0.311640625 0.7472492283653847 0.3170800793269231 0.7512152788461539 0.32314453125 0.7543595673076923 0.32251953125 0.759648920673077 0.31729003846153847 0.7651003076923076 0.30620117307692307 0.7741936730769231 0.29887695432692307 0.7733680552884615 0.2961572259615385 0.7695640432692308 0.29155761778846156 0.7672492283653847 0.286328125
0 0.8396527788461537 0.6304687499999999 0.8446103389423077 0.6306787115384616 0.8479166658653846 0.6252392572115385 0.8522145072115385 0.6216796874999999 0.8608101850961538 0.6206347644230769 0.8698996923076923 0.6246093749999999 0.8687422836538462 0.6160302740384616 0.8665933653846154 0.6089208990384616 0.8649421298076923 0.6011767572115384 0.8637847211538462 0.5949023437500001 0.86196759375 0.5913476562500001 0.8594868822115385 0.590302735576923 0.8513888894230769 0.5915576177884615 0.8485763894230769 0.5936474615384616 0.8444444447115385 0.5969970697115385 0.8355169759615385 0.6045263677884616 0.8239467596153845 0.6158251947115385 0.8217978389423077 0.6267041009615385 0.823121141826923 0.6304687499999999 0.8330401225961539 0.6304687499999999 0.8396527788461537 0.6304687499999999
0 0.9054282403846153 0.70408203125 0.9021026225961539 0.7119384759615385 0.8990007716346154 0.729052733173077 0.9047646610576923 0.7327001947115386 0.9116358028846154 0.736904298076923 0.9218325625 0.7411132812500001 0.9224961418269231 0.7312939447115384 0.9247145072115385 0.7256835937499999 0.9275964495192308 0.7239990240384616 0.9324729927884616 0.7239990240384616 0.9377932091346154 0.7239990240384616 0.9457716057692308 0.7276464855769231 0.9467592596153847 0.72265625 0.9459953701923076 0.7172705072115384 0.94178240625 0.70716796875 0.9439969134615385 0.7004345697115385 0.9462152788461539 0.693701173076923 0.9466589495192307 0.6894970697115385 0.9457716057692308 0.6892138677884615 0.9375694447115385 0.6914599615384615 0.9320293221153846 0.6934228509615384 0.9249344134615385 0.6965087884615385 0.9165123461538461 0.6970703125 0.9054282403846153 0.70408203125
0 0.1477700625 0.20964355528846154 0.1530054014423077 0.2129589831730769 0.16659722115384618 0.21928711057692307 0.17538194471153845 0.22561035096153845 0.18418981490384614 0.2346484375 0.18728394951923077 0.23224121153846153 0.18751929086538463 0.21928711057692307 0.18585648076923075 0.20211425721153847 0.18442515384615385 0.18192871153846155 0.16990740625 0.15873535096153846 0.16205246874999998 0.15240722596153847 0.1537191346153846 0.14969726442307693 0.14300925961538463 0.14487793028846155 0.13348765384615385 0.14005859375000002 0.13065586538461538 0.14035644471153846 0.12396605048076922 0.1433691394230769 0.11611111057692308 0.14578125 0.11635030769230768 0.16023925721153848 0.11959876442307693 0.1640625 0.12801311778846153 0.17560546875 0.13301311778846153 0.19247558653846156 0.13848765384615386 0.20542968749999999 0.1477700625 0.20964355528846154
0 0.5593209879807692 0.6608935552884615 0.5647492283653845 0.6634228509615384 0.5670331778846154 0.6612548822115384 0.5694444447115384 0.6552734375 0.5893132716346154 0.6540234375 0.5970254639423077 0.6540234375 0.607638889423077 0.65185546875 0.6176697524038463 0.6484375 0.6122685192307692 0.6328125 0.6010802475961539 0.6259765625 0.5914351850961539 0.623046875 0.5787037043269231 0.62744140625 0.5729166658653846 0.625 0.5561766971153846 0.6167919927884615 0.5461805552884615 0.6167919927884615 0.5401813269230769 0.6171533197115384 0.5433256177884616 0.6554736322115384 0.5521797836538462 0.6587255865384616 0.5593209879807692 0.6608935552884615
0 0.9319521610576923 0.6467871081730769 0.9361188269230769 0.6545654302884615 0.9398881177884615 0.6610937499999999 0.9438541658653846 0.6633544927884615 0.9486149687500001 0.6583349615384615 0.9541705240384615 0.6565771490384615 0.9603163581730769 0.656826173076923 0.9676581778846154 0.65958984375 0.9777739206730769 0.6620996105769231 0.979953704326923 0.6533105480769231 0.9755902788461538 0.64076171875 0.9632947524038461 0.6201757812500001 0.954961420673077 0.61314453125 0.9474228389423077 0.6116406249999999 0.9343325625 0.6174121081730769 0.9083487644230769 0.6244433605769231 0.9008101850961538 0.6279589831730769 0.9023919759615384 0.63525390625 0.9081520072115384 0.6364941418269231 0.9309606490384615 0.6440234375 0.9319521610576923 0.6467871081730769
0 0.14824459855769231 0.41657714903846155 0.14919753125 0.42169921875 0.1544367283653846 0.42290527403846156 0.15895833413461538 0.427421875 0.16229166586538463 0.43947265625000004 0.16490740625000003 0.4439892572115385 0.17038194471153847 0.4439892572115385 0.17371527884615384 0.43254394471153845 0.17276234615384614 0.41958984374999997 0.1684799375 0.4051318365384615 0.1580054014423077 0.39790038942307693 0.14967592548076925 0.39337890625 0.13920138942307692 0.38826171875 0.13396605048076923 0.3879589855769231 0.13277392067307692 0.39790038942307693 0.13920138942307692 0.40452636778846157 0.1453896610576923 0.41024902403846153 0.14824459855769231 0.41657714903846155
0 0.5681172836538462 0.5774316394230768 0.5574228389423077 0.5722265624999999 0.5516666658653846 0.565458983173077 0.5405092596153847 0.56396484375 0.5320216057692307 0.57373046875 0.5216049375 0.55078125 0.5077160504807693 0.54931640625 0.508888889423077 0.557646483173077 0.4961419759615385 0.5517578125 0.49459876442307693 0.5546875 0.4986072524038461 0.5732666009615385 0.49819444471153845 0.587841798076923 0.49819444471153845 0.5956494134615384 0.5006635793269231 0.6044970697115384 0.5076543221153846 0.6071044927884615 0.51259259375 0.6055419927884615 0.52986496875 0.6071044927884615 0.535625 0.6123095697115384 0.5417939807692307 0.6143896490384615 0.5422067908653846 0.6164746105769231 0.5717592596153847 0.62255859375 0.5717592596153847 0.61328125 0.5848765432692308 0.60595703125 0.5787037043269231 0.58642578125 0.5681172836538462 0.5774316394230768
0 0.9094907403846153 0.5255517572115385 0.9096257716346153 0.5232861322115384 0.9061844134615384 0.5204980456730769 0.9012229927884616 0.5204980456730769 0.8946103389423077 0.5208447259615384 0.8900655865384616 0.5208447259615384 0.8860725312500001 0.52119140625 0.88290509375 0.5231103509615385 0.8806983028846154 0.5271191418269231 0.8800115745192307 0.5335693365384615 0.8800115745192307 0.5374072259615384 0.8812500000000001 0.5442041009615385 0.8840046298076923 0.5469970697115385 0.8900655865384616 0.5537939447115384 0.8921334879807692 0.5572802740384616 0.8997106490384615 0.5550146490384615 0.9039776225961538 0.55919921875 0.9057716057692308 0.5628613293269231 0.9100385793269231 0.56408203125 0.9126581778846153 0.5456005865384616 0.9108796298076923 0.5400390625 0.909722221153846 0.53564453125 0.9076967596153847 0.533046875 0.9074228389423078 0.5292138677884616 0.9094907403846153 0.5255517572115385
0 0.17531635817307695 0.9121533197115385 0.18765432211538463 0.917880858173077 0.20698688221153846 0.9189208990384615 0.22067901201923076 0.9150390625 0.21836419711538463 0.9013671875 0.19423611057692308 0.8668652331730768 0.18847607932692306 0.86166015625 0.17037808653846154 0.8460400384615384 0.16133101923076923 0.838232423076923 0.14652392067307693 0.8335498052884615 0.1387075625 0.8335498052884615 0.1325385793269231 0.8455224615384616 0.1341820985576923 0.8627001947115385 0.13541666586538462 0.88248046875 0.13706404326923077 0.9048681634615385 0.15516203605769233 0.9121533197115385 0.1592746923076923 0.91111328125 0.17531635817307695 0.9121533197115385
0 0.7723765432692308 0.3463671875 0.7890702163461539 0.3365380865384615 0.7945254639423076 0.32900390625 0.7955169759615385 0.3204248052884615 0.7922106490384616 0.31227050721153843 0.79138503125 0.3103857427884616 0.7864236105769231 0.30996581971153847 0.7794830240384615 0.31017578125 0.7766743822115385 0.31143066346153847 0.7697299375 0.3151953125 0.7532021610576923 0.32607421875 0.7475810192307691 0.33151367307692303 0.7475810192307691 0.34051269471153844 0.755351079326923 0.3469970697115385 0.766921295673077 0.34804199278846154 0.7723765432692308 0.3463671875
0 0.8858757716346154 0.12305175721153847 0.8793981490384616 0.12407714903846154 0.8694058653846154 0.12646484375 0.8691435192307692 0.14423339903846155 0.8683333341346154 0.15584472596153848 0.8758912043269231 0.168828125 0.8899266971153845 0.1664355480769231 0.9036921298076923 0.16097168028846154 0.9069290120192307 0.15379882932692307 0.9101697524038461 0.1326171875 0.9031520072115384 0.12407714903846154 0.8969444447115384 0.12407714903846154 0.8858757716346154 0.12305175721153847
0 0.6652739206730769 0.6376513677884615 0.6730478389423078 0.6479833990384616 0.6722685192307692 0.6661816394230768 0.6746026225961538 0.703076173076923 0.686651235576923 0.7089794927884616 0.7107445985576923 0.7153710937500001 0.7398958341346155 0.7099609375 0.7441705240384615 0.6961914062500001 0.7496103389423077 0.6671679687500001 0.7426157403846154 0.6371630865384615 0.7255169759615385 0.6189599615384616 0.7154089495192307 0.6091259759615385 0.6959760793269231 0.6002685552884615 0.6749884254807692 0.5869873052884615 0.650891204326923 0.5623925769230769 0.6384567908653846 0.5560009759615384 0.6213541658653846 0.5619042956730769 0.6170794759615384 0.5781347668269231 0.619023920673077 0.6051904302884615 0.6197993822115385 0.6455224615384616 0.641566358173077 0.6214208990384615 0.6419521610576923 0.6214208990384615 0.6652739206730769 0.6376513677884615
0 0.42964120432692304 0.658291016826923 0.43204089423076925 0.661328125 0.43889660576923073 0.6691357427884616 0.4443827163461539 0.6726074230769231 0.45329475240384615 0.67173828125 0.45569444471153847 0.6660986322115385 0.4575617283653846 0.66162109375 0.46391975240384614 0.6548193365384616 0.4591203701923077 0.6457128894230769 0.45192129567307693 0.6248876947115385 0.45020833413461536 0.6162109375 0.43889660576923073 0.6071044927884615 0.4351273149038462 0.6053662115384616 0.43238425961538457 0.611875 0.42450231490384616 0.6231542980769231 0.4197029326923077 0.6292285168269232 0.4231288581730769 0.6448437499999999 0.4248456778846154 0.6509179687500001 0.42964120432692304 0.658291016826923
0 0.5964544759615384 0.8488769519230769 0.6058796298076923 0.8416455072115384 0.6084490745192308 0.8235693365384615 0.6321566346153846 0.804775391826923 0.652723764423077 0.8011572259615385 0.6358719134615385 0.7935644543269231 0.5924537043269231 0.7736816394230769 0.5813155865384615 0.76537109375 0.5770293221153846 0.76826171875 0.5656057091346154 0.8217626947115384 0.5664621923076922 0.8488769519230769 0.5793132716346154 0.8481542956730769 0.5964544759615384 0.8488769519230769
0 0.3808487644230769 0.59142578125 0.37798996875 0.5926318365384615 0.3758487644230769 0.5938330072115384 0.3753742283653846 0.598955079326923 0.3748958341346154 0.6043798822115385 0.3729938269230769 0.6064892572115385 0.36728009375000004 0.61130859375 0.3653742283653846 0.6128125 0.36347222115384614 0.6152246081730769 0.3596643509615385 0.6197412115384615 0.3577584879807692 0.6224560552884615 0.35728394951923076 0.6284814447115384 0.35728394951923076 0.6360107427884615 0.35371142067307687 0.6417333990384615 0.36846836538461536 0.6507714831730769 0.3844174375 0.6546875000000001 0.3903665120192308 0.6513769519230769 0.39346064903846156 0.6477587884615384 0.39774691346153845 0.6320947259615385 0.40547839423076926 0.6240234375 0.4051273149038461 0.61552734375 0.40417438221153845 0.6076904302884615 0.3986998461538462 0.6022705072115385 0.3944135793269231 0.5953417956730769 0.38927469230769235 0.59326171875 0.3808487644230769 0.59142578125
0 0.8148881177884615 0.21818847596153848 0.823483795673077 0.221953125 0.8307561730769231 0.22341796875 0.8375347211538462 0.22153808653846155 0.8449729927884615 0.21986328125000001 0.8444791658653846 0.21253906250000001 0.8433217596153846 0.2060546875 0.8398495360576923 0.20124511778846152 0.8305941346153846 0.19455078125 0.8229899687500001 0.18806152403846152 0.8200154326923077 0.18597168028846156 0.8181944447115386 0.18555175721153847 0.8168711418269231 0.18555175721153847 0.8124112644230769 0.18534179567307693 0.8062924375 0.18764648557692307 0.8015007716346154 0.1930859375 0.8028240745192308 0.20229003846153845 0.8043094134615385 0.20981933653846155 0.8110879639423078 0.2173535144230769 0.8148881177884615 0.21818847596153848
0 0.22055941346153848 0.46387206971153844 0.22598765384615385 0.45917480528846155 0.23455632692307693 0.45520019471153844 0.24569444471153845 0.45375 0.25283564903846156 0.45375 0.2622608028846154 0.4580908197115384 0.26940200721153845 0.4595361322115385 0.2751157403846154 0.45302734375 0.28111496874999997 0.4468847668269231 0.27768518509615386 0.4425439447115384 0.2679745360576923 0.43604003846153844 0.24455246875 0.4255566418269231 0.22712962980769233 0.42085449278846154 0.21570216105769233 0.42700195192307694 0.20798996875 0.43386718750000003 0.21313271634615386 0.450859375 0.21798996874999998 0.46568359375 0.22055941346153848 0.46387206971153844
0 0.19254243750000002 0.45598144471153845 0.19563657451923078 0.4574853509615385 0.20135030769230772 0.4568847668269231 0.20753857932692307 0.45387206971153843 0.2113464495192308 0.44513671875 0.21015817788461538 0.4379052740384616 0.20039737740384614 0.4249511706730769 0.18132716105769228 0.42333984375 0.17397762259615385 0.42133788942307693 0.17207175961538462 0.4237451177884616 0.17040509375000001 0.4391113269230769 0.16820987740384613 0.44921875 0.17302469230769232 0.455078125 0.1851658942307692 0.455078125 0.19254243750000002 0.45598144471153845
0 0.30091820913461537 0.75814453125 0.29890432211538465 0.7539648437500001 0.2860918221153846 0.7488623052884615 0.28141589423076924 0.751416016826923 0.27134259374999997 0.75814453125 0.26183642067307694 0.7727587884615384 0.25184027884615384 0.774365235576923 0.24249228365384615 0.7810986322115384 0.2364467596153846 0.80578125 0.23846064903846154 0.8142480480769231 0.23974922836538462 0.8210791009615386 0.2491782403846154 0.8397460937500001 0.2666666658653846 0.8524951177884615 0.2820601850961538 0.8601464855769231 0.3109953701923077 0.8840136706730769 0.34185956730769235 0.8924804687500001 0.36201003125 0.88146484375 0.3734529326923077 0.8652441394230769 0.3767554014423077 0.8499462884615384 0.37006944471153846 0.833828125 0.36063657451923076 0.8210791009615386 0.34411651201923077 0.8100634759615384 0.3167168221153846 0.7968066418269231 0.3042245360576923 0.7794628894230768 0.3049498461538462 0.7683447259615386 0.30091820913461537 0.75814453125
0 0 0.6825146490384615 0.04235339423076923 0.71736328125 0.10951388942307692 0.764111329326923 0.10548225240384615 0.78111328125 0.11690200721153846 0.8091650384615385 0.18204475240384616 0.7913134759615384 0.20824074038461537 0.7624121081730769 0.23308642067307692 0.7258642572115386 0.23308642067307692 0.67146484375 0.2471913581730769 0.6170654302884616 0.26299768509615384 0.5965039062499999 0.2404745360576923 0.5465136706730769 0.2243557091346154 0.5278173822115385 0.20824074038461537 0.5125146490384616 0.16995756250000002 0.48446777403846153 0.12764660576923076 0.457265625 0.10145447596153846 0.4470654302884615 0.05981481490384615 0.4300683581730769 0.014147377403846155 0.4156152355769231 0 0.4054150384615385 0 0.457265625 0 0.6825146490384615