0 0.2320408942307692 0.5159619134615384 0.22621527884615386 0.525068358173077 0.22072916586538463 0.5324462884615385 0.22415894951923077 0.542421875 0.22381558653846156 0.55283203125 0.22072916586538463 0.5671484375 0.22244598798076923 0.5758251947115385 0.23032793269230767 0.5779931634615385 0.2409529326923077 0.5823339831730769 0.2526080240384615 0.5862353509615384 0.2670023149038462 0.5831982427884616 0.27488811778846156 0.5797314447115385 0.28619598798076923 0.5727880865384616 0.2779706778846154 0.5541357427884616 0.26186342548076924 0.5255029302884615 0.2508950625 0.5137890625 0.2320408942307692 0.5159619134615384
0 0.02896219230769231 0.8459863293269231 0.06588734615384616 0.8513183605769231 0.07301311778846153 0.8443457043269231 0.09633101923076923 0.8353271490384616 0.11252314903846153 0.8230322259615386 0.12159336538461538 0.8123730456730769 0.11284722115384614 0.79638671875 0.09082561778846153 0.7697412115384614 0.07204089423076923 0.7545751947115384 0.05649305528846154 0.749658201923077 0.04613040144230769 0.7512988293269232 0.021840278846153846 0.7562158197115385 0.0066165120192307695 0.7705615240384615 0 0.79515625 0.001111110576923077 0.8201611322115384 0.015038579326923077 0.8345117187500001 0.02896219230769231 0.8459863293269231
0 0.4629089495192308 0.22895996153846154 0.47835648076923076 0.22470703125000002 0.4844020072115385 0.2009082019230769 0.4743248461538461 0.18645996153846156 0.46156635817307695 0.16436035096153848 0.4447762355769231 0.14650878846153848 0.41925540144230766 0.13291015625 0.40313657451923074 0.12186035096153845 0.37425925961538464 0.1099609375 0.33866512259615383 0.10570800721153846 0.33060570913461534 0.10910644471153846 0.33060570913461534 0.14565918028846153 0.36955632692307694 0.16775878846153847 0.40582175961538464 0.19580566346153847 0.42932870432692305 0.21365722596153847 0.4629089495192308 0.22895996153846154
0 0.1049807091346154 0.3900244134615385 0.11361882692307691 0.3879443365384615 0.11279706730769232 0.37961425721153846 0.10744984615384616 0.37128418028846155 0.10415894951923077 0.3577490240384616 0.09881172836538463 0.34577636778846155 0.09428626442307693 0.33380371153846156 0.08400462980769231 0.33276367307692306 0.07989197596153846 0.33276367307692306 0.06878472115384615 0.33953125 0.06343750000000001 0.3442138677884615 0.05315586538461538 0.3447363293269231 0.041226850961538455 0.3494238269230769 0.03547067788461538 0.35358398317307693 0.0346450625 0.36451660096153843 0.041226850961538455 0.3692041009615385 0.053977622596153844 0.3728466802884615 0.06714120432692308 0.3822167956730769 0.0827700625 0.3863818365384616 0.1049807091346154 0.3900244134615385
0 0.2792438269230769 0.8714062499999999 0.2839853389423077 0.8789013677884616 0.29227623557692306 0.8916455072115385 0.2993827163461539 0.8848974615384615 0.3064891971153846 0.8729052740384616 0.30175154326923076 0.8504150384615384 0.2981983028846154 0.8271777331730769 0.28102237740384617 0.8091845697115385 0.2555516971153846 0.79494140625 0.23363811778846152 0.79494140625 0.22712191346153845 0.8099365240384616 0.23245370432692306 0.836171875 0.24430169711538463 0.8541650384615385 0.2585146610576923 0.8631591802884616 0.2697685192307692 0.8654052740384616 0.2792438269230769 0.8714062499999999
0 0.28973765384615385 0.509765625 0.2999421298076923 0.5118408197115385 0.30775848798076927 0.5170458990384615 0.31680555528846155 0.526416014423077 0.3324344134615385 0.5279785144230769 0.3361381177884616 0.5160009759615385 0.33284722115384613 0.50767578125 0.3275 0.4962207019230769 0.3217438269230769 0.48633300721153844 0.3063271610576923 0.47412109375 0.2806095673076923 0.4446875 0.2707407403846154 0.43895996153846156 0.26744984615384615 0.43895996153846156 0.25716435096153845 0.4446875 0.24853009375000001 0.46238281249999996 0.24153549278846154 0.47019531249999996 0.24189814903846155 0.4892578125 0.24575617307692307 0.49658203125 0.2631172836538461 0.4970703125 0.27893518509615384 0.50732421875 0.28973765384615385 0.509765625
0 0.1512114206730769 0.4506201177884615 0.14528935096153847 0.436875 0.13393518509615385 0.42750488221153843 0.12456018509615384 0.42438476442307693 0.1176504639423077 0.42438476442307693 0.10037422836538462 0.43624999999999997 0.09592978365384616 0.4493701177884616 0.09395833413461538 0.46186523317307693 0.10136188221153845 0.47123535096153846 0.10629629567307693 0.47998046875 0.11458333413461538 0.48583984375 0.12505401201923078 0.48248046875 0.14775848798076924 0.47748046875 0.15269290144230768 0.4606152355769231 0.1512114206730769 0.4506201177884615
0 0.36109182211538465 0.2274511706730769 0.3659452163461539 0.2274511706730769 0.3739429014423077 0.2260058605769231 0.38348765384615385 0.2236328125 0.3813695985576923 0.21624511778846156 0.3813695985576923 0.2068457043269231 0.3807986105769231 0.19997558653846154 0.37651620432692307 0.1876855456730769 0.3685185192307693 0.17250000000000001 0.3602353389423077 0.16237793028846154 0.35138117307692307 0.15912597596153846 0.34337962980769227 0.15695800721153846 0.33081404326923075 0.15189453125 0.32195987740384613 0.15044921875 0.31596064903846155 0.1508105480769231 0.3045370360576923 0.15876464903846152 0.29711033894230765 0.169609375 0.29425154326923075 0.18117675721153845 0.30282021634615386 0.20865234375 0.31367669711538465 0.2126269519230769 0.3231018509615385 0.22130371153846154 0.33195601923076923 0.22130371153846154 0.34052469230769233 0.22130371153846154 0.3445254639423077 0.2263671875 0.35109182211538464 0.2274511706730769 0.36109182211538465 0.2274511706730769
0 0.17891203605769232 0.7567138677884616 0.1457445985576923 0.7604589831730769 0.13212191346153845 0.7694580072115385 0.1273804014423077 0.7807031249999999 0.13271219230769232 0.7881982427884615 0.15107253125 0.78669921875 0.15285107932692307 0.78294921875 0.1723958341346154 0.8069384759615384 0.18838734615384614 0.8204296875 0.2043788581730769 0.8384228509615385 0.21859567788461537 0.84216796875 0.23517746875 0.84591796875 0.23577160576923079 0.8369238269230769 0.23103394951923079 0.8241796874999999 0.22866512259615385 0.8151855480769231 0.22984953605769232 0.8009423822115385 0.21859567788461537 0.7762011730769232 0.20734182211538463 0.76720703125 0.19845679086538462 0.7574609375 0.17891203605769232 0.7567138677884616
0 0.648294752403846 0.784130860576923 0.6614351850961538 0.7942529302884616 0.6720023149038461 0.7942529302884616 0.6774305552884615 0.7917236322115385 0.6845717596153846 0.7729248052884615 0.6848572524038462 0.76533203125 0.6725733028846155 0.7570166009615384 0.6671450625 0.7487060552884616 0.6608641971153847 0.74400390625 0.6540084879807692 0.7458105456730769 0.6457253076923077 0.7519580072115384 0.6348688269230769 0.7602734375 0.638298610576923 0.7667773437500001 0.6422955240384615 0.7732861322115384 0.6434375 0.7826855480769231 0.648294752403846 0.784130860576923
0 0.8684799375 0.8005175769230769 0.8791203701923076 0.7405419927884616 0.8781520072115385 0.7001513677884615 0.8762152788461539 0.6622070312499999 0.8646103389423078 0.6242626947115385 0.848171295673077 0.5948876947115385 0.8268942908653846 0.61447265625 0.7901466057692308 0.6389501947115386 0.7785416658653846 0.6707714831730769 0.7601658942307693 0.7038232427884614 0.7572646610576924 0.7405419927884616 0.7582291658653847 0.7674707019230769 0.79884259375 0.825 0.8501041658653846 0.8201025384615386 0.8568749999999999 0.8201025384615386 0.8684799375 0.8005175769230769
0 1 0.8337255865384615 0.9736882716346155 0.8148779302884616 0.9516242283653846 0.8044042956730769 0.9411458341346154 0.8044042956730769 0.9135686730769231 0.8176660168269231 0.9108101850961539 0.8358203125 0.9108101850961539 0.8581542980769231 0.915223764423077 0.8832861322115384 0.9190817908653847 0.9063232427884615 0.9257021610576923 0.928662110576923 0.9459876538461539 0.9365234375 0.9641203701923077 0.93505859375 0.9787808653846154 0.94384765625 1 0.93701171875 1 0.9014355456730769 1 0.8483837884615385 1 0.8337255865384615
0 0.5911496923076923 0.38352050721153846 0.5874498461538461 0.3803955072115385 0.5804591057692308 0.37310546875 0.5726427475961539 0.3663378894230769 0.5672955240384615 0.3637353509615385 0.5611265432692307 0.3637353509615385 0.5422067908653846 0.3637353509615385 0.5327469134615385 0.36738281250000004 0.5323341057692308 0.37935546875 0.5348032403846154 0.39861328125 0.5397376538461539 0.4059033197115385 0.5446720673076924 0.4085058581730769 0.5619483028846154 0.40173828125 0.566473764423077 0.40069824278846156 0.5701736105769231 0.40017578125000003 0.5821026225961539 0.4085058581730769 0.5932060192307692 0.4022607427884616 0.5981442908653846 0.3934082043269231 0.5989660504807692 0.38872558653846156 0.5911496923076923 0.38352050721153846
0 0.4143325625 0.27668456971153843 0.42004629567307694 0.27668456971153843 0.4294714495192308 0.2698193365384615 0.44289737740384616 0.26583984375 0.44518132692307694 0.2698193365384615 0.4500385793269231 0.27523925721153847 0.4566049375 0.27921875 0.45946373557692305 0.2777734375 0.45917824038461535 0.26765136778846155 0.4506095673076923 0.24812988221153848 0.44289737740384616 0.23294433653846153 0.43375771634615384 0.22318359375 0.4248996923076923 0.21812499999999999 0.41861882692307695 0.21450683653846153 0.4131905865384615 0.2192089855769231 0.4060493822115384 0.22933105528846154 0.4023379639423077 0.2408984375 0.40719135817307694 0.2524658197115385 0.40947530769230767 0.26909668028846156 0.4120486105769231 0.27198730528846154 0.4143325625 0.27668456971153843
0 0.7429668221153847 0.47000000000000003 0.7615007716346154 0.4771386730769231 0.7792322524038462 0.47815918028846155 0.79615740625 0.4873388677884615 0.8437075625 0.49142089903846153 0.858213735576923 0.45164062499999996 0.8622415120192308 0.42613769471153845 0.8445216057692307 0.41186523557692306 0.8493479927884615 0.3527001947115384 0.8332291658653846 0.3220996081730769 0.8090509254807692 0.29863769471153845 0.7824575625 0.2660009759615385 0.7574729927884616 0.24764160096153848 0.7155671298076923 0.2211230480769231 0.6954166658653846 0.20684081971153848 0.6841358028846154 0.20888183653846154 0.6639853389423076 0.21806152403846155 0.6333603389423076 0.25478027403846154 0.6244945985576924 0.2680419927884615 0.6107947524038462 0.2935400384615385 0.59709490625 0.3118994134615385 0.5898418221153846 0.3353613269230769 0.5793634254807692 0.35881836057692307 0.5954822524038461 0.3710595697115385 0.6341666658653846 0.41491699278846156 0.689776235576923 0.4363378894230769 0.7139544759615385 0.4526611322115385 0.7429668221153847 0.47000000000000003
0 0.4210069447115385 0.3463427740384616 0.42923225240384616 0.3489453125 0.4364313269230769 0.35111328125 0.44020061778846153 0.3450390625 0.44020061778846153 0.3398339831730769 0.43827160576923074 0.330078125 0.4328703701923077 0.322265625 0.4237114206730769 0.31423828125000003 0.4162075625 0.30426269471153844 0.4059220673076923 0.2955859375 0.4018094134615385 0.2955859375 0.39598379567307695 0.3029589855769231 0.3901581778846154 0.31423828125000003 0.3932407403846154 0.33202636778846156 0.3983834879807692 0.3372314447115385 0.40729552403846153 0.3415722668269231 0.41277777884615385 0.3463427740384616 0.4210069447115385 0.3463427740384616
0 0.848171295673077 0.5948876947115385 0.8611458341346154 0.6087890625 0.8650617283653846 0.6087890625 0.8701003076923077 0.5917919927884616 0.8695408942307693 0.5549560552884615 0.8622646610576923 0.5379589855769231 0.8516319447115385 0.5188330072115385 0.8180516971153846 0.503251954326923 0.7839120360576923 0.48341796875000004 0.7699189807692307 0.45862793028846155 0.7688001538461537 0.4600439447115384 0.7648842596153845 0.47279296875 0.7626427475961539 0.49404296875 0.7581674374999999 0.5252099615384616 0.7559297836538461 0.5485839855769231 0.7592862644230769 0.5889599615384615 0.7682407403846153 0.607373048076923 0.7889506177884615 0.6314550793269231 0.8146952163461538 0.624375 0.8348418221153846 0.60595703125 0.848171295673077 0.5948876947115385
0 0.5169521610576923 0.6686328125000001 0.5164583341346154 0.6792529302884615 0.528796295673077 0.6954931634615384 0.5342245360576923 0.7061132812500001 0.5584104927884616 0.7142333990384616 0.581608795673077 0.7154833990384616 0.6112229927884616 0.7167333990384616 0.6220833341346155 0.70361328125 0.6210956778846154 0.688623045673077 0.6206018509615384 0.6767529302884616 0.6146797836538462 0.6611376947115384 0.6131983028846154 0.6486425769230769 0.6122106490384616 0.6392724615384615 0.6013503076923077 0.63490234375 0.5924691346153846 0.63302734375 0.5855555552884616 0.63115234375 0.5675733028846154 0.6210546874999999 0.5623611105769231 0.63052734375 0.5574228389423077 0.6274023437499999 0.5381751538461539 0.63302734375 0.5302777788461538 0.6455224615384616 0.5169521610576923 0.6686328125000001
0 0.5794714495192308 0.5852783197115385 0.5682330240384615 0.5808837884615385 0.5583140432692308 0.5798388677884615 0.5517052475961539 0.5842333990384615 0.5426118822115384 0.5984570312499999 0.5328587956730769 0.6195898437499999 0.5366628076923077 0.6252392572115385 0.5404629639423078 0.6269091802884615 0.5442669759615385 0.6275390624999999 0.5505478389423077 0.6279589831730769 0.5546797836538462 0.6256542956730768 0.5616203701923077 0.6229345697115385 0.5675733028846154 0.6210546874999999 0.5768287043269231 0.6177050769230769 0.5845987644230769 0.6141503894230769 0.5895563269230769 0.6151953124999999 0.5925308653846154 0.6231445312499999 0.5953433653846154 0.6225195312499999 0.5989776225961538 0.6191699206730769 0.5991435192307693 0.6108007812499999 0.5910493822115385 0.5966796875 0.5794714495192308 0.5852783197115385
0 0.4239158942307692 0.7601171875 0.42362654326923077 0.7748046875000001 0.43116898076923077 0.784716795673077 0.4433564807692308 0.783984375 0.45525077163461536 0.7814160144230768 0.46976080288461536 0.7659912115384616 0.4732407403846154 0.7527734375 0.46105709855769234 0.7410205072115384 0.43871527884615386 0.7494677740384615 0.4239158942307692 0.7601171875
0 0.4386496923076923 0.927099610576923 0.44182484615384615 0.9431835937499999 0.4505632716346154 0.9572558581730769 0.46565200721153843 0.9703222668269231 0.5013927475961538 0.98841796875 0.5077469134615384 0.98640625 0.52125 0.9673095697115385 0.5307831778846154 0.95625 0.5379282403846154 0.9451904302884616 0.5470679014423078 0.93505859375 0.5416666658653846 0.912109375 0.5366512355769231 0.88037109375 0.5381944447115384 0.8310546875 0.513888889423077 0.82373046875 0.4934529326923077 0.8114990240384615 0.44103009374999996 0.79943359375 0.42594135817307693 0.7964208990384616 0.4021141971153846 0.7944091802884615 0.37907793269230766 0.7974218750000001 0.3695486105769231 0.817529295673077 0.3695486105769231 0.8406494134615384 0.38543209855769234 0.8828662115384615 0.3997299375 0.9180517572115385 0.4092592596153847 0.9170458990384615 0.4386496923076923 0.927099610576923
0 0.6708603389423077 0.7045996081730769 0.6708603389423077 0.6955615240384615 0.6688618822115384 0.6876074230769231 0.6611496923076923 0.6861621105769231 0.6542939807692308 0.6861621105769231 0.6500077163461538 0.68724609375 0.6445833341346153 0.6926708990384616 0.6394405865384616 0.6980908197115384 0.6354398149038462 0.7020703125 0.6345833341346154 0.7035156250000001 0.6322993822115385 0.7089404302884615 0.6277276225961538 0.7280957019230769 0.6334413581730769 0.7342431634615385 0.6460108028846154 0.7327978509615385 0.6545794759615385 0.727734375 0.6640046298076924 0.7150830072115385 0.6708603389423077 0.7045996081730769
0 0.6973109567307693 0.5177392572115385 0.7033063269230768 0.5206298822115385 0.7033063269230768 0.5246044927884616 0.7055941346153846 0.526416014423077 0.7110185192307692 0.5224365240384615 0.717588735576923 0.49930175721153847 0.7230169759615385 0.4797802740384615 0.7233024687499999 0.469296875 0.7207330240384615 0.4645947259615385 0.7138773149038461 0.4624267572115385 0.6978819447115385 0.45664550721153846 0.6858834879807693 0.45664550721153846 0.681601079326923 0.4620654302884616 0.6787422836538461 0.46712890625000003 0.6778858028846154 0.47761230528846155 0.6761728389423076 0.4859277355769231 0.6873109567307693 0.49930175721153847 0.6927391971153847 0.5155712884615384 0.6973109567307693 0.5177392572115385
0 0.44603780769230766 0.32115234375 0.45260802403846156 0.32006836057692306 0.4583217596153846 0.31753906249999997 0.46546296394230774 0.31319824278846153 0.46945987740384615 0.3045214831730769 0.46631944471153847 0.2933154302884616 0.44603780769230766 0.26945800721153845 0.4403240745192308 0.26765136778846155 0.4343287043269231 0.2705419927884615 0.42375771634615383 0.27849609375 0.4169020072115384 0.28572265625 0.4131905865384615 0.29693359375 0.42004629567307694 0.300546875 0.4269020072115385 0.30524413942307693 0.4346141971153846 0.3128369134615384 0.4431828701923077 0.3160888677884615 0.44603780769230766 0.32115234375
0 0.9080516971153846 0.82841796875 0.9119135793269231 0.8221337884615385 0.9234953701923078 0.8144580072115384 0.9290123461538461 0.8074755865384616 0.9168788581730769 0.803984375 0.8810262355769231 0.8137597668269231 0.8666859567307692 0.8207373052884616 0.8418634254807693 0.8479638677884616 0.8446219134615384 0.8605322259615384 0.8517939807692307 0.8814697259615384 0.8854398149038462 0.8982275384615386 0.9182098774038461 0.8876953125 0.9116512355769231 0.857421875 0.9074074062499999 0.84033203125 0.9080516971153846 0.82841796875
0 0.6393557091346154 0.5250830072115384 0.6529783942307692 0.5603125 0.6529783942307692 0.5798046875 0.66896990625 0.5865527331730769 0.70451003125 0.6000439447115384 0.7287924375 0.6067919927884615 0.7442129639423077 0.607421875 0.7484567908653846 0.58837890625 0.753086420673077 0.57861328125 0.7546296298076923 0.5654296875 0.7524845673076922 0.5483203125 0.7139853389423076 0.5280810552884615 0.6790393509615384 0.5213330072115384 0.651203704326923 0.5183349615384615 0.6393557091346154 0.5250830072115384
0 0.6426851850961538 0.798671875 0.6415239206730768 0.7858203125000001 0.6383333341346155 0.776640625 0.6351427475961539 0.7667236322115384 0.628757716346154 0.7516699206730769 0.6191820985576922 0.74873046875 0.6090277788461539 0.7494677740384615 0.6009027788461538 0.7531396490384614 0.5959722211538462 0.7593798822115385 0.5861072524038462 0.779208983173077 0.5939429014423078 0.7975732427884614 0.6049652788461539 0.8107910144230769 0.6258564807692307 0.80455078125 0.6426851850961538 0.798671875
0 0.3932677475961538 0.6198046875000001 0.39861496874999996 0.6255322259615385 0.40560956730769226 0.6317773437499999 0.41054398076923077 0.6395849615384616 0.42123842548076923 0.6531201177884616 0.42782021634615386 0.6598876947115385 0.4381018509615385 0.665615235576923 0.44715277884615384 0.6630126947115385 0.4586689807692308 0.6583251947115384 0.4623688269230769 0.6510400384615385 0.4615470673076923 0.6354199206730768 0.45208719230769234 0.60158203125 0.44344907451923077 0.5979394519230768 0.4302854927884615 0.594296875 0.4228819447115385 0.589609375 0.4109567908653846 0.5812841802884615 0.39409336538461537 0.5750341802884615 0.38216435096153845 0.5719140625 0.37599537019230767 0.5719140625 0.36458333413461536 0.57666015625 0.35624999999999996 0.5932568365384616 0.3657098774038462 0.6088720697115385 0.37846064903846155 0.6073095697115385 0.3854552475961538 0.609912108173077 0.3932677475961538 0.6198046875000001
0 0.46967592548076925 0.3662988293269231 0.4785879639423077 0.37887695432692303 0.48578703605769236 0.38538574278846155 0.49538580288461537 0.3875537115384615 0.49850308653846154 0.3868603509615385 0.49850308653846154 0.3785302740384615 0.49908564903846153 0.3586621105769231 0.50115740625 0.33984375 0.5005246923076924 0.33007324278846156 0.5036111105769231 0.31641113221153844 0.4974421298076923 0.3155419927884615 0.4785879639423077 0.33159179807692307 0.46967592548076925 0.35588378846153845 0.46967592548076925 0.3662988293269231
0 0.6973996923076923 0.7402197259615384 0.7033256177884616 0.7484667980769231 0.7068788581730769 0.7507177740384615 0.7205015432692308 0.75146484375 0.7299768509615384 0.75521484375 0.7418248461538461 0.75521484375 0.7453703701923077 0.751953125 0.7550154326923076 0.74755859375 0.7518904326923077 0.7259765625000001 0.7411265432692308 0.7177734375 0.722276235576923 0.7034912115384616 0.7110223774038461 0.6989941418269231 0.7039158942307692 0.7004931634615384 0.7015470673076922 0.713984375 0.6990740745192308 0.72314453125 0.6973996923076923 0.7402197259615384
0 0.5341319447115385 0.3446923822115385 0.5364660504807692 0.35649902403846156 0.5640277788461538 0.3653515625 0.5770408942307692 0.3570849615384616 0.5831018509615384 0.34645996153846154 0.5924305552884616 0.32639160096153846 0.5952276225961538 0.30868652403846153 0.5901466057692308 0.29333984375 0.5863695985576923 0.27267578125 0.5761072524038462 0.2591015625 0.5551195985576923 0.23962402403846153 0.53884259375 0.21778320432692308 0.52205246875 0.2124707019230769 0.4954706778846154 0.22840820192307693 0.47956404326923074 0.26205078125000003 0.47956404326923074 0.28330078125 0.4963541658653846 0.3080957019230769 0.5224729927884615 0.3193115240384615 0.5259027788461539 0.3283105480769231 0.5341319447115385 0.3446923822115385
0 0.6537499999999999 0.6846289062500001 0.6728009254807692 0.68716796875 0.6778125 0.6928759759615384 0.686338735576923 0.7030322259615385 0.7033834879807692 0.6947802740384615 0.7159182091346155 0.6852636706730769 0.7334645072115384 0.6681298822115385 0.7535223774038461 0.6478222644230769 0.7555246923076923 0.6294238269230769 0.7454976850961538 0.6167333990384616 0.7319598774038462 0.6129248052884615 0.6993711418269231 0.602138673076923 0.6728009254807692 0.5856396490384616 0.6507407403846154 0.569775391826923 0.6377044759615385 0.5596240240384616 0.6246682091346153 0.5570849615384615 0.6121334879807692 0.5627978509615384 0.5845601850961539 0.5811962884615385 0.5890702163461539 0.59515625 0.6016049375 0.6173681634615384 0.6136381177884616 0.6452880865384615 0.6291820985576924 0.6681298822115385 0.6336921298076923 0.6814550769230769 0.6417168221153846 0.6814550769230769 0.6537499999999999 0.6846289062500001
0 0.28102237740384617 0.8091845697115385 0.30332561778846157 0.8149853509615385 0.30332561778846157 0.7894873052884616 0.2938117283653846 0.7661083990384616 0.2842978389423077 0.749111329326923 0.2725462956730769 0.7306933581730769 0.26582947596153844 0.7101513677884616 0.25351466105769227 0.70236328125 0.23896605048076922 0.7016552740384616 0.22385416586538462 0.7009423822115385 0.21545910576923077 0.7016552740384616 0.21209876442307693 0.7037792956730768 0.21042052403846154 0.7306933581730769 0.23057098798076922 0.7816943365384615 0.25183642067307693 0.7944433581730769 0.26302855048076923 0.8015283197115385 0.28102237740384617 0.8091845697115385
0 0.39544753125 0.27587890625 0.38885416586538457 0.2665625 0.3744598774038461 0.26222656250000004 0.3624614206730769 0.26569824278846155 0.3597183653846154 0.2713378918269231 0.3557098774038462 0.279296875 0.35389274759615386 0.2886865240384615 0.3535493822115384 0.29779785096153844 0.35526234615384616 0.30517578125 0.3566358028846154 0.3077783197115384 0.3778858028846154 0.31211425721153846 0.39056712980769226 0.3064746081730769 0.3977662043269231 0.29693359375 0.3994791658653846 0.28305175721153847 0.39544753125 0.27587890625
0 0.5007638894230769 0.41037109374999997 0.5039081778846154 0.4277246081730769 0.5161882716346153 0.4284472644230769 0.5247569447115384 0.4161572259615385 0.5264737644230769 0.40097168028846153 0.5327546298076923 0.3886816418269231 0.5330439807692308 0.3709667980769231 0.5333294759615385 0.3590380865384616 0.5293209879807692 0.3505859375 0.5284722211538462 0.3366259759615385 0.5259027788461539 0.3283105480769231 0.5201890432692308 0.3246923822115385 0.5154320985576922 0.322265625 0.5116203701923077 0.3145703125 0.5073341057692308 0.31420898557692306 0.5050501538461538 0.3163818365384615 0.5015432091346154 0.3291015625 0.5004783942307692 0.35072265625 0.49790894951923076 0.3738574206730769 0.49933642067307693 0.39555175721153846 0.5007638894230769 0.41037109374999997
0 0.6213503076923076 0.98609375 0.6290509254807692 0.9905957019230769 0.6397106490384614 0.9905957019230769 0.6527430552884615 0.9875927740384616 0.6604436730769231 0.9756005865384616 0.6669560192307693 0.9538623052884615 0.6634027788461538 0.9246289062499999 0.652777778846154 0.91259765625 0.625 0.90771484375 0.607638889423077 0.91015625 0.59375 0.9130859375 0.5686381177884615 0.9126318365384616 0.5603472211538462 0.9186279302884616 0.5538310192307693 0.9381201177884615 0.5597530865384616 0.962109375 0.5816666658653846 0.9756005865384616 0.5923302475961538 0.98009765625 0.611875 0.9823486322115385 0.6213503076923076 0.98609375
0 0.4472183653846154 0.9718554687500001 0.44484953605769234 0.95236328125 0.44129629567307693 0.9216308605769231 0.42648919711538463 0.9193798822115385 0.40990355048076926 0.9231298822115386 0.39509644951923073 0.9261279302884616 0.3844367283653846 0.9306249999999999 0.38265817788461537 0.951611329326923 0.3844367283653846 0.9741015625 0.39332175961538457 0.9823486322115385 0.4241203701923077 0.9815966802884616 0.4377430552884615 0.9785986322115385 0.4472183653846154 0.9718554687500001
0 0.5964506177884615 0.447265625 0.5990817908653846 0.4666113269230769 0.5913811730769231 0.49060058653846156 0.5978973774038462 0.4995947259615384 0.6044135793269231 0.5025927740384616 0.6121103389423077 0.5063427740384616 0.6328433653846154 0.47935546875 0.6435030865384616 0.4748583990384615 0.6648263894230768 0.47186035096153844 0.6725270072115385 0.47710449278846156 0.6772646610576923 0.46586425721153846 0.6814081778846154 0.45461913942307697 0.6820023149038461 0.4433740240384615 0.6820023149038461 0.43437988221153845 0.6766705240384615 0.4328808605769231 0.666601079326923 0.42988281250000004 0.6583101850961538 0.4253808605769231 0.6476504639423077 0.4178857427884616 0.6288580240384616 0.41357421875 0.6161265432692308 0.4208984375 0.6057098774038462 0.42578125 0.5995370360576924 0.435546875 0.5964506177884615 0.447265625
0 1 0.41042968750000003 0.9408179014423077 0.4002294927884616 0.9255054014423076 0.3930908197115385 0.9118055552884615 0.3910498052884615 0.8876273149038462 0.4043115240384615 0.8723148149038462 0.419609375 0.8658680552884616 0.43593261778846154 0.8516319447115385 0.5188330072115385 0.8916589495192307 0.5664892572115384 0.9190586418269231 0.5981103509615384 0.9521026225961537 0.6399316418269231 1 0.6817480480769231 1 0.67052734375 1 0.42980956971153844 1 0.41042968750000003
0 0.6533333341346155 0.47890625 0.6414891971153847 0.47890625 0.6302353389423078 0.4841503918269231 0.6189814807692307 0.49614746153846156 0.6065432091346155 0.5118896490384615 0.5887770072115385 0.5328759759615385 0.5905516971153847 0.560615235576923 0.6018055552884616 0.5643603509615385 0.6213503076923076 0.560615235576923 0.6379359567307692 0.5538671875 0.6438580240384616 0.5426220697115385 0.6450424375 0.529130860576923 0.6456365745192307 0.5238818365384615 0.6485956778846155 0.52013671875 0.6545216057692307 0.5178857427884616 0.6782098774038462 0.5238818365384615 0.6876890432692307 0.5216308581730769 0.6882793221153847 0.5021435552884616 0.6770254639423077 0.4908984375 0.6675501538461539 0.48340331971153844 0.6533333341346155 0.47890625
0 0.33281249999999996 0.38904296875 0.33252700721153844 0.38108886778846157 0.32853009375000003 0.3774755865384615 0.32024691346153844 0.37421875000000004 0.31424768509615386 0.3738574206730769 0.30596450721153845 0.3738574206730769 0.2896836418269231 0.3836181634615385 0.2879668221153846 0.39735839903846154 0.28996913461538465 0.4107324230769231 0.29196759375 0.4143457043269231 0.30625 0.4092871105769231 0.31567515384615386 0.40675781250000004 0.32567129567307695 0.40603515625000003 0.33167052403846153 0.3991650384615385 0.33281249999999996 0.38904296875
0 0 0.7739550769230769 0.013306326923076924 0.7664599615384616 0.03581404326923077 0.7522167980769231 0.043514661057692305 0.7289794927884615 0.039367283653846154 0.7117382812499999 0.023969906250000002 0.6877490240384615 0.0109375 0.6660107427884616 0 0.6630859375 0 0.7739550769230769
0 0.5672955240384615 0.3983544927884616 0.5524691346153846 0.4052734375 0.5397376538461539 0.4092871105769231 0.5348032403846154 0.42542480528846155 0.5397376538461539 0.43739746153846154 0.5496103389423077 0.4446875 0.5566010793269232 0.4530126947115385 0.5582445985576923 0.4545751947115385 0.5668827163461538 0.4613427740384616 0.5755208341346154 0.45821777403846153 0.5767554014423077 0.4571777331730769 0.5886844134615384 0.4509326177884615 0.5923842596153845 0.4436425793269231 0.5923842596153845 0.42802734374999996 0.5874498461538461 0.41657714903846155 0.5672955240384615 0.3983544927884616
0 1 0.712255860576923 0.9896990745192308 0.6957275384615385 0.9761766971153846 0.6821484375 0.9080825625 0.6485058581730769 0.8903587956730769 0.6408300769230769 0.869371141826923 0.6396484375 0.8731057091346154 0.6638525384615386 0.881963735576923 0.7258300769230769 0.8805671298076923 0.7582958990384616 0.8786998461538461 0.7813183581730769 0.8852314807692309 0.7972558581730769 0.8940895072115385 0.8061083990384615 0.9332677475961538 0.8114208990384615 0.9533217596153847 0.8161425769230769 0.9733757716346154 0.8072900384615385 0.9957638894230769 0.8155517572115384 1 0.8072900384615385 1 0.7665576177884615 1 0.7340966802884614 1 0.712255860576923
0 0.03266203605769231 0.7136181634615385 0.04391975240384616 0.7213916009615384 0.08895447596153847 0.7071435552884615 0.10328317788461537 0.6903027331730769 0.11249614182692308 0.66439453125 0.11556327163461538 0.6462597668269231 0.08603394951923077 0.61669921875 0.039826389423076924 0.6022216802884615 0.02959105048076923 0.6086962884615384 0.004004629807692308 0.643671875 0.0070756177884615384 0.6682812499999999 0.02959105048076923 0.6786474615384616 0.03266203605769231 0.7136181634615385
0 0.5040277788461538 0.5941357427884616 0.5169753076923077 0.595703125 0.5178317908653847 0.5860009759615384 0.5156905865384616 0.5802783197115384 0.5135493822115385 0.5748583990384616 0.5095023149038462 0.56943359375 0.5011689807692308 0.5591894543269231 0.4821296298076923 0.5447314447115384 0.4754629639423077 0.539609375 0.4688001538461538 0.5405126947115385 0.46284722115384613 0.54111328125 0.46022762259615385 0.5441259759615384 0.4576118822115385 0.5462353509615384 0.4495177475961538 0.5528662115384615 0.44737654326923076 0.55587890625 0.4533256177884616 0.5625048822115384 0.45594521634615387 0.5751562499999999 0.4704629639423077 0.579677735576923 0.4840316346153846 0.5869042956730769 0.49236496874999996 0.5911230456730769 0.5040277788461538 0.5941357427884616
0 0.32853009375000003 0.5888818365384615 0.33161265384615385 0.5901855480769231 0.3460108028846154 0.5979931634615384 0.34978009375 0.5992919927884615 0.34978009375 0.5940869134615384 0.34806712980769233 0.5784716802884615 0.34429398076923073 0.565888673076923 0.3418981490384615 0.5515771490384616 0.33469907451923075 0.5485400384615384 0.32167438221153843 0.5437646490384616 0.3079629639423077 0.5385595697115385 0.295625 0.5368261730769232 0.28911265384615387 0.5415966802884615 0.2860262355769231 0.5528759759615385 0.2949382716346154 0.5663232427884616 0.30350694471153844 0.5806396490384615 0.3144753076923077 0.5828076177884616 0.32201774759615387 0.5875830072115384 0.32853009375000003 0.5888818365384615
0 0.24482638942307694 0.593046875 0.25387731490384613 0.6112646490384616 0.26168981490384613 0.6425 0.2715625 0.6534326177884615 0.3015895072115385 0.65291015625 0.31310570913461533 0.65916015625 0.3258564807692308 0.6664453124999999 0.33326003125000003 0.6664453124999999 0.3423070985576923 0.6706103509615384 0.3554706778846154 0.6763378894230769 0.3641087956730769 0.6903906249999999 0.3743904326923077 0.6956005865384616 0.3846720673076923 0.6997607427884615 0.39125385817307695 0.6971582019230769 0.3978356490384615 0.68310546875 0.4056481490384615 0.6695703125 0.4142862644230769 0.6471875 0.4142862644230769 0.6398974615384615 0.40523919711538464 0.6263623052884615 0.3978356490384615 0.6211572259615384 0.3817939807692308 0.60814453125 0.3686304014423077 0.6050195312500001 0.3534143509615385 0.60189453125 0.3530015432692308 0.5992919927884615 0.34436342548076926 0.595126951923077 0.3320254639423077 0.5862792980769231 0.32091820913461533 0.5862792980769231 0.29624228365384614 0.5784716802884615 0.2781442908653846 0.5774316394230768 0.26168981490384613 0.5831542956730769 0.24646990625 0.5847167980769231 0.24482638942307694 0.593046875
0 0.5673186730769231 0.7472949206730769 0.5718865745192308 0.75271484375 0.5813155865384615 0.7552490240384616 0.5918827163461539 0.75416015625 0.5998804014423077 0.7505468750000001 0.6064506177884615 0.7433154302884616 0.6064506177884615 0.7346435552884615 0.6050231490384615 0.7303027355769232 0.6007368822115384 0.7274121081730769 0.5924537043269231 0.725244139423077 0.5855979927884616 0.7230712884615385 0.5816010793269231 0.7212646490384615 0.5758873461538461 0.7190966802884616 0.5704591057692308 0.7190966802884616 0.5653202163461539 0.7190966802884616 0.5550347211538461 0.7194580072115385 0.5513233028846154 0.7227099615384615 0.5541782403846154 0.7360888677884615 0.5613194447115385 0.7415087884615384 0.5673186730769231 0.7472949206730769
0 0.4530902788461538 0.58509765625 0.45499228365384614 0.5742529302884616 0.4545177475961539 0.5658203125 0.4525462956730769 0.55908203125 0.44675925961538465 0.55517578125 0.44261574038461543 0.5528662115384615 0.43214120432692305 0.5528662115384615 0.42666666586538465 0.5519628918269232 0.4190509254807692 0.551357423076923 0.4111959879807693 0.551357423076923 0.39905478365384617 0.5573828125 0.39239197596153846 0.565517579326923 0.3902507716346154 0.571240235576923 0.39191357932692306 0.5748583990384616 0.40643518509615384 0.5802783197115384 0.41381558653846157 0.5826904302884615 0.42309799278846155 0.58298828125 0.4319058653846154 0.585400391826923 0.4478510793269231 0.5866064447115384 0.4530902788461538 0.58509765625
0 0.3355825625 0.48212890625000004 0.34386574038461537 0.4788769543269231 0.34500771634615385 0.47345214903846156 0.34386574038461537 0.4586328125 0.3444367283653846 0.44489746153846155 0.3452970673076923 0.43007324278846154 0.3395833341346154 0.4286279302884616 0.3250154326923077 0.43043456971153843 0.31844521634615386 0.44091796875 0.3090200625 0.45791015625 0.30702160576923077 0.46767089903846154 0.3138773149038461 0.475625 0.32044367307692306 0.47923828125 0.3295871923076923 0.4795996105769231 0.3355825625 0.48212890625000004
0 0.42964120432692304 0.5125341802884615 0.4347839495192308 0.5125341802884615 0.4385532403846154 0.5073291009615384 0.44678240625 0.5073291009615384 0.45432098798076925 0.5090625 0.4567206778846154 0.5090625 0.45809027884615383 0.5047265625 0.45500771634615383 0.48823730528846154 0.4491782403846154 0.4665478509615385 0.43923996875 0.46090820432692303 0.43375771634615384 0.46177734375 0.4299845673076923 0.46872070432692303 0.42107253125 0.47609375000000004 0.41524691346153847 0.4856347668269231 0.41421682211538463 0.49734863221153847 0.4173032403846154 0.5034228509615384 0.4258719134615384 0.5086279302884615 0.42964120432692304 0.5125341802884615
0 0.3681442908653846 0.4940576177884616 0.3727160504807693 0.4983984375 0.3775733028846154 0.5056298822115385 0.385 0.5092431634615384 0.38985339423076926 0.5049072259615385 0.39984953605769236 0.49948242307692303 0.40242283894230774 0.4940576177884616 0.40213734615384616 0.4828515625 0.39956404326923073 0.4716455072115385 0.3884259254807692 0.4532080072115384 0.3798572524038461 0.44634277403846156 0.36757330288461537 0.43947265625000004 0.35900462980769227 0.43802734375 0.35329475240384617 0.44308593749999997 0.34586805528846154 0.45356933653846154 0.34615355048076923 0.46839355528846155 0.3518634254807692 0.478515625 0.3647183653846154 0.4850244134615384 0.36557484615384617 0.4900830072115384 0.3681442908653846 0.4940576177884616