0 0.2751311730769231 0.627529298076923 0.27821759375 0.6247363269230769 0.2824459879807692 0.6222119134615384 0.2915162043269231 0.6163183605769231 0.2932986105769231 0.6152099615384615 0.29090277884615384 0.6092480480769231 0.28611496875 0.5951074206730769 0.2837229927884616 0.5866943365384615 0.27893518509615384 0.5802978509615385 0.2709529326923077 0.5802978509615385 0.26350694471153846 0.5802978509615385 0.25313271634615386 0.58130859375 0.24728009375 0.5860205072115384 0.24275848798076924 0.593427733173077 0.24063271634615385 0.605546875 0.24142746874999998 0.6139599615384616 0.24249228365384615 0.6217041009615384 0.24807870432692306 0.6287744134615385 0.25366512259615387 0.630458985576923 0.25871913461538465 0.6301220697115385 0.26603394951923076 0.6323095697115384 0.2715663581730769 0.6303564447115384 0.2751311730769231 0.627529298076923
0 0.7353279326923077 0.49502441346153847 0.736388889423077 0.4812207043269231 0.7353279326923077 0.4691015625 0.7305401225961539 0.4640527355769231 0.7191010793269231 0.46169433653846154 0.7124498461538462 0.45765625 0.7034066346153847 0.45429199278846155 0.6962268509615386 0.4512597668269231 0.6879783942307692 0.4512597668269231 0.6781365745192307 0.45260742307692303 0.6725501538461539 0.45529785096153846 0.6704243822115384 0.4596777331730769 0.6730825625 0.46506347596153846 0.684027778846154 0.46875 0.7064043221153846 0.48291015625 0.7168209879807693 0.501953125 0.730273920673077 0.5031054687500001 0.7353279326923077 0.49502441346153847
0 0.3754976850961539 0.418984375 0.3678935192307692 0.41229003846153844 0.36309799278846155 0.4118701177884615 0.3588001538461538 0.4118701177884615 0.35334876442307694 0.4129150384615385 0.34772762259615386 0.4170996105769231 0.34491512259615387 0.4231689447115385 0.34359567788461537 0.42881347596153846 0.3422723774038462 0.43530273557692306 0.34194058653846154 0.4401123052884615 0.3424382716346154 0.4432519519230769 0.3424382716346154 0.44346191346153846 0.3445871923076923 0.44827148317307697 0.3513618822115384 0.44638671875 0.3540084879807692 0.44680663942307697 0.3574807091346154 0.4520361322115385 0.3592978389423077 0.45162109375 0.36623842548076924 0.44346191346153846 0.37714892067307687 0.42986328125 0.3778125 0.4252587884615385 0.3754976850961539 0.418984375
0 0.5918171298076923 0.579375 0.5958757716346154 0.580048829326923 0.6015432091346153 0.5807275384615385 0.6054976850961539 0.5831640625 0.60763503125 0.5861376947115384 0.6111651225961539 0.5908740240384616 0.6143711418269231 0.59208984375 0.62634259375 0.5914160168269231 0.6329706778846155 0.591279298076923 0.6385300937499999 0.5883056634615385 0.6385300937499999 0.5843798822115385 0.6363927475961538 0.57951171875 0.6355362644230769 0.5770751947115385 0.6319444447115384 0.57177734375 0.6307870360576923 0.56787109375 0.6292438269230769 0.56494140625 0.626878858173077 0.56056640625 0.6240972211538461 0.55880859375 0.6223881177884615 0.5573193365384616 0.6206790120192308 0.55515625 0.6191820985576922 0.5540722668269231 0.6176851850961539 0.5532617187500001 0.6143711418269231 0.5528564447115385 0.6105208341346153 0.5525878918269231 0.6060339495192307 0.5527197259615385 0.6004745360576923 0.5532617187500001 0.5965200625 0.5535351562499999 0.5887152788461538 0.55515625 0.5849729927884615 0.5555615240384616 0.5819791658653846 0.5559667956730769 0.5803780865384616 0.5575927740384615 0.5802700625 0.5621923822115384 0.584868826923077 0.56841796875 0.5881790120192307 0.571796875 0.5896759254807692 0.5770751947115385 0.5918171298076923 0.579375
0 0.9158487644230769 0.5365380865384616 0.9149922836538462 0.55244140625 0.9161342596153846 0.5661816418269231 0.9192746923076923 0.5784716802884615 0.9329861105769232 0.5791943365384615 0.9449807091346153 0.5831689447115385 0.9641203701923077 0.5831689447115385 0.9781172836538462 0.5828076177884616 0.9821141971153846 0.5817236322115384 0.9849729927884615 0.5719628918269231 0.9901118822115385 0.5647363269230768 0.9892554014423076 0.5491894543269231 0.9889699062499999 0.5368994134615385 0.9912538581730769 0.52966796875 0.9889699062499999 0.5133984375 0.9889699062499999 0.5032763677884615 0.9889699062499999 0.4971337884615385 0.9881134254807692 0.4866503894230769 0.9838271610576924 0.47616699278846153 0.9815432091346155 0.46821288942307693 0.9798302475961538 0.46278808653846154 0.9786882716346154 0.45917480528846155 0.9738310192307692 0.4541113293269231 0.9686882716346153 0.4533886730769231 0.9624074062500001 0.4573681634615384 0.9566936730769231 0.4703808605769231 0.9429822524038461 0.4819482427884615 0.9305555552884616 0.49365234375 0.920131173076923 0.5090625 0.9169907403846154 0.5209912115384616 0.9158487644230769 0.5365380865384616
0 0.7069598774038461 0.23399902403846154 0.7019830240384616 0.22770019471153846 0.6950848774038462 0.22091308653846153 0.6901080240384616 0.2184863269230769 0.6862770072115385 0.21703124999999998 0.683213735576923 0.21751953124999998 0.6755516971153847 0.22770019471153846 0.6755516971153847 0.23206054807692308 0.6774691346153846 0.23933105528846152 0.6790007716346154 0.24757324278846154 0.6816820985576922 0.25533203125 0.6893402788461539 0.2543603509615385 0.6973842596153846 0.2533935552884615 0.705046295673077 0.25 0.709641204326923 0.24321289182692307 0.7069598774038461 0.23399902403846154
0 0.1115046298076923 0.6453076177884616 0.11837577163461538 0.6492382812499999 0.12125771634615384 0.65232421875 0.12812885817307693 0.6537255865384615 0.1332253076923077 0.6545654302884615 0.1367746923076923 0.6568115240384615 0.14253857932692307 0.6582128894230769 0.1478549375 0.6506396490384615 0.14763503125 0.6433447259615386 0.14429012259615384 0.62890625 0.14158950721153846 0.61279296875 0.13850308653846152 0.61181640625 0.13167438221153846 0.6144482427884616 0.12808642067307693 0.615234375 0.11859567788461539 0.6195019519230769 0.11072530769230769 0.626953125 0.10686728365384615 0.63330078125 0.1070717596153846 0.6411035168269231 0.1115046298076923 0.6453076177884616
0 0.4352121923076923 0.519619141826923 0.4283564807692307 0.52142578125 0.4249305552884615 0.5376953125 0.4394984567307692 0.5398632812499999 0.45320601923076925 0.541669920673077 0.46120370432692304 0.541669920673077 0.48662808653846157 0.5489013677884615 0.47805941346153846 0.5304638677884616 0.46748842548076924 0.520703125 0.44178240625000004 0.5174511730769231 0.4352121923076923 0.519619141826923
0 0.6887692908653846 0.21624511778846156 0.6951157403846153 0.2192578125 0.70919753125 0.22327148557692308 0.7151504639423076 0.22251953124999999 0.7197106490384615 0.21875488221153847 0.7242746923076923 0.20946288942307692 0.7240740745192308 0.2051953125 0.719911264423077 0.19741699278846153 0.7084066346153846 0.1856152331730769 0.6970987644230769 0.17582519471153846 0.6849999999999999 0.16678710817307693 0.6725038581730769 0.15699706971153848 0.6623881177884615 0.15097168028846156 0.6530632716346154 0.14720703124999998 0.64294753125 0.14369140625 0.6316396610576922 0.1404296875 0.6264853389423077 0.14067871153846154 0.6243016971153845 0.14595214903846154 0.6233101850961538 0.15172363221153845 0.6241049375000001 0.16276855528846154 0.6258873461538462 0.1685449230769231 0.6292438269230769 0.1767578125 0.6423533942307693 0.1816015625 0.6705208341346154 0.20494628846153845 0.67607253125 0.21072265625 0.6887692908653846 0.21624511778846156
0 0.5655748461538461 0.9390771490384615 0.5709876538461539 0.923828125 0.5744598774038462 0.912109375 0.5775462956730769 0.90673828125 0.5794753076923077 0.89990234375 0.5784452163461539 0.8913720697115385 0.5784452163461539 0.880322266826923 0.5756867283653846 0.8710107427884615 0.5747685192307692 0.8628662115384615 0.57201003125 0.8547265625 0.5706327163461539 0.8506542956730769 0.5669560192307692 0.8494873052884616 0.5476504639423078 0.86228515625 0.5435146610576923 0.8704296874999999 0.532943673076923 0.88380859375 0.5278858028846154 0.88962890625 0.5159336418269231 0.8954443365384616 0.5108796298076923 0.90009765625 0.5062847211538462 0.9099902355769232 0.5012268509615384 0.9210400384615384 0.4980092596153846 0.9355859375000001 0.5168557091346154 0.941982423076923 0.5324807091346154 0.9408203125000001 0.5567129639423076 0.947265625 0.5655748461538461 0.9390771490384615
0 0.7833101850961538 0.3720800793269231 0.7861844134615384 0.3769287115384615 0.7890586418269231 0.3741015625 0.7992708341346154 0.3704638677884615 0.8031018509615385 0.36884765625000004 0.8070987644230769 0.361328125 0.8082561730769231 0.35546875 0.8047839495192307 0.34765625 0.8015046298076923 0.3433984375 0.7976736105769231 0.3409716802884616 0.79576003125 0.33935546875 0.7932060192307693 0.3373388677884615 0.7887384254807692 0.3337011706730769 0.7801195985576924 0.33693359375000004 0.776608795673077 0.3401660144230769 0.7702237644230769 0.3425878894230769 0.76798996875 0.3486474615384615 0.7686304014423077 0.35511230528846155 0.7740547836538462 0.3615771490384615 0.7804398149038462 0.36965820192307697 0.7833101850961538 0.3720800793269231
0 0.4188155865384615 0.3821191418269231 0.4212422836538462 0.39031738221153844 0.42505015384615386 0.3961230456730769 0.42826003125 0.3995410144230769 0.43311728365384616 0.39543945432692307 0.44877314903846155 0.3814355480769231 0.4525771610576923 0.37255371153846156 0.4444560192307693 0.36811035096153844 0.4358179014423077 0.36401367307692306 0.42610339423076926 0.35820800721153845 0.41803240625 0.3619628894230769 0.4185455240384615 0.3619628894230769 0.4188155865384615 0.3821191418269231
0 0.5274729927884615 0.5272119134615385 0.5308989206730769 0.5333544927884616 0.5331867283653846 0.5333544927884616 0.5406095673076923 0.5322705072115385 0.5514660504807692 0.5293798822115384 0.5548919759615385 0.52431640625 0.5546064807692308 0.5073291009615384 0.5540354927884615 0.4932275384615385 0.5503240745192307 0.4852734375 0.5408950625 0.47804687500000004 0.52861496875 0.47442871153846156 0.5163310192307692 0.46864746153846154 0.5131905865384615 0.4708154302884615 0.5109066346153847 0.4791308581730769 0.5100501538461539 0.4932275384615385 0.5129050937499999 0.5098583990384615 0.5223302475961538 0.51708984375 0.5251890432692308 0.522509764423077 0.5274729927884615 0.5272119134615385
0 0.9402314807692308 0.21734375 0.9402314807692308 0.21173339903846153 0.9364621923076922 0.20584472596153847 0.9329166658653846 0.19995117307692306 0.9304783942307692 0.1968652355769231 0.9271527788461539 0.19630371153846154 0.92205246875 0.19630371153846154 0.9182870360576924 0.19882812500000002 0.9167322524038461 0.20135253846153847 0.9155092596153847 0.20654296875 0.9114158942307693 0.21229492067307693 0.9114158942307693 0.2145410144230769 0.9114158942307693 0.21594238221153847 0.9131867283653846 0.22015136778846156 0.9167322524038461 0.2218359375 0.9182870360576924 0.22211425721153846 0.92271990625 0.22520019471153846 0.9300347211538462 0.22576171875 0.9364621923076922 0.22295410096153848 0.9389004639423076 0.22211425721153846 0.9402314807692308 0.21734375
0 0.07155864182692308 0.528232420673077 0.06835262259615385 0.5220117187500001 0.06738811778846153 0.518359375 0.06322144951923077 0.5140283197115385 0.05841049278846154 0.5119970697115385 0.05317129567307692 0.5107812500000001 0.049857252403846156 0.5107812500000001 0.04526234615384615 0.5103759759615385 0.03799382692307692 0.5114599615384615 0.03072530769230769 0.513623048076923 0.025378086538461537 0.5168701177884615 0.023881173076923078 0.5195751947115385 0.026983024038461537 0.5247167956730769 0.030297067307692306 0.5276904302884615 0.03275462980769231 0.5285058605769231 0.037029322115384615 0.529453125 0.039166665865384614 0.529453125 0.04547453605769231 0.5290478509615385 0.04707947596153846 0.5297216802884616 0.04825617307692308 0.5308056634615385 0.05060570913461538 0.5344580072115385 0.05851851923076923 0.5454150384615384 0.061404322115384616 0.5446044927884615 0.0657870360576923 0.5410888677884615 0.07027392067307693 0.538515625 0.07241512259615385 0.53283203125 0.07155864182692308 0.528232420673077
0 0.2884529326923077 0.30833496153846157 0.2871026225961538 0.31619140625000003 0.2871026225961538 0.3213134759615385 0.29087962980769233 0.3298535168269231 0.2954706778846154 0.3418115240384615 0.30545524759615383 0.33668456971153843 0.30815586538461537 0.32336425721153844 0.3100424375 0.3096972644230769 0.2965470673076923 0.30252441346153847 0.2957407403846154 0.30286621153846155 0.2884529326923077 0.30833496153846157
0 0.5070486105769231 0.34404785096153845 0.5138194447115384 0.34482910096153846 0.5159760793269231 0.34482910096153846 0.5184375 0.3391796875 0.5176697524038462 0.3372314447115385 0.51705246875 0.3319677740384615 0.5161304014423077 0.32768554807692307 0.5152083341346153 0.32476074278846156 0.5119598774038462 0.31884765625 0.51080246875 0.3173828125 0.5088734567307692 0.31396484375 0.5084336418269231 0.3107324230769231 0.5072029326923077 0.3093701177884615 0.50673996875 0.30917480528846153 0.5050462956730769 0.30781250000000004 0.5030439807692308 0.30878418028846155 0.4971952163461539 0.3120996105769231 0.49350308653846153 0.31541015624999996 0.48903935096153844 0.3185253918269231 0.4870370360576923 0.3195019543269231 0.4838040120192308 0.3196972668269231 0.48109567788461544 0.32177734375 0.4779552475961539 0.32417480528846154 0.47610725240384616 0.3265136730769231 0.47564429086538457 0.3288525384615385 0.47703317788461536 0.33664550721153846 0.48057098798076925 0.33839843750000004 0.4902700625 0.3387890625 0.49504243750000004 0.3419042980769231 0.4999691346153846 0.3434619134615385 0.5070486105769231 0.34404785096153845
0 0.6137885793269231 0.2935644543269231 0.6139891971153847 0.28578125 0.61517746875 0.28201660096153847 0.6130401225961538 0.27197265625 0.6110108028846154 0.26569824278846155 0.6080362644230769 0.26469726682692307 0.5999035504807693 0.2634375 0.5925655865384616 0.26092773317307694 0.5862191346153847 0.25841796875 0.5842322524038461 0.2576660168269231 0.5824498461538462 0.2576660168269231 0.5796720673076923 0.2604296875 0.5763001538461539 0.2634375 0.5757060192307693 0.26569824278846155 0.5753086418269231 0.28025878846153846 0.5837191346153846 0.279296875 0.6034760793269232 0.2913037115384615 0.6096219134615384 0.29406738221153844 0.6137885793269231 0.2935644543269231
0 0.8100578701923078 0.42359863221153843 0.8107716057692307 0.43323730528846155 0.8141049375 0.4413720697115385 0.8174382716346155 0.4416699230769231 0.8310069447115385 0.4371533197115385 0.8345756177884615 0.4359472644230769 0.8414776225961538 0.4317285168269231 0.8462384254807692 0.42961914182692307 0.8467168221153846 0.4139550769230769 0.8512384254807692 0.4139550769230769 0.8690895072115384 0.41425781250000004 0.8752777788461539 0.40913574278846154 0.8750385793269231 0.40521972596153844 0.8717091057692308 0.39979980528846154 0.8671836418269231 0.39316894471153846 0.8655208341346154 0.39076171875 0.8643287043269231 0.39076171875 0.8505246923076922 0.38443359374999997 0.8390046298076924 0.38765625 0.8229128076923077 0.40190429807692307 0.8152970673076924 0.41576171875 0.8100578701923078 0.42359863221153843
0 0.31732638942307695 0.7457666009615385 0.33277006249999996 0.7457666009615385 0.34799382692307695 0.73681640625 0.35416666586538464 0.71337890625 0.36728394951923077 0.69384765625 0.36458333413461536 0.6689453125 0.35648533894230766 0.6612988269230768 0.3382870360576923 0.6403564447115385 0.3267013894230769 0.6229052740384616 0.31520061778846153 0.6142578125 0.30169753125 0.615234375 0.2881944447115385 0.61767578125 0.2765084879807692 0.6291894543269231 0.26934027884615386 0.6375634759615385 0.2538966057692308 0.6501318365384615 0.24121142067307694 0.6619970697115385 0.22608024759615386 0.6806640625 0.21875 0.693359375 0.21489197596153845 0.7080078125 0.2133487644230769 0.72119140625 0.23017746875 0.7443701177884615 0.2555516971153846 0.7485595697115385 0.27893518509615384 0.7490234375 0.2966820985576923 0.73974609375 0.31732638942307695 0.7457666009615385
0 0.6782253076923077 0.26728027403846155 0.6775617283653846 0.26166992067307693 0.6722415120192308 0.2563378894230769 0.6669212956730769 0.2524121105769231 0.6576118822115385 0.2526953125 0.6514043221153846 0.25549804807692306 0.64830246875 0.2585839855769231 0.6474151225961537 0.2650390625 0.6467515432692307 0.27232910096153845 0.6467515432692307 0.2756982427884615 0.6469714495192308 0.2785009759615385 0.6547299375000001 0.28327148317307693 0.6655902788461538 0.28299316346153847 0.6709104927884616 0.27934570432692307 0.6757870360576923 0.2740136706730769 0.6782253076923077 0.26728027403846155
0 0.6689158942307691 0.21061035096153846 0.6664776225961538 0.20416015625 0.6616512355769231 0.19775390625 0.655173610576923 0.19237793028846153 0.6469714495192308 0.18789062499999998 0.6412075625 0.18452148317307693 0.6389930552884615 0.17947265625 0.6343364206730769 0.17947265625 0.6307908942307693 0.17947265625 0.6245833341346153 0.18031250000000001 0.6152739206730768 0.18115722596153847 0.6090663581730769 0.18227539182692307 0.6066280865384616 0.18508300721153845 0.6044135793269231 0.18816894471153847 0.6021952163461538 0.1929394519230769 0.6021952163461538 0.19854980528846153 0.6053009254807692 0.20443847596153847 0.6088464495192307 0.21117187499999998 0.6117283942307693 0.2156640625 0.6203742283653846 0.21846679807692307 0.6248070985576923 0.22071289182692308 0.6279089495192308 0.2223925769230769 0.6312345673076922 0.22323730528846156 0.6401003076923076 0.22407714903846154 0.6458641971153847 0.22267578125 0.6527353389423076 0.22267578125 0.6635802475961537 0.2197265625 0.6682098774038461 0.216796875 0.6689158942307691 0.21061035096153846
0 0.20113425961538461 0.4588134759615385 0.20456404326923078 0.45158203125 0.20293209855769231 0.44677734375 0.19907407451923076 0.4296875 0.19942129567307693 0.42266113221153845 0.1965663581730769 0.4168798822115385 0.17942901201923078 0.41868652403846157 0.16942901201923075 0.42157714903846155 0.15625 0.431640625 0.15457947596153848 0.43856933653846153 0.15457947596153848 0.4624267572115385 0.1759992283653846 0.47218750000000004 0.18799768509615383 0.4862890625 0.19199459855769233 0.4895410168269231 0.19942129567307693 0.46278808653846154 0.20113425961538461 0.4588134759615385
0 0.07086419711538462 0.4957470697115385 0.06520061778846153 0.498046875 0.065625 0.5020751947115385 0.06586419711538462 0.5065917980769231 0.06586419711538462 0.5123144543269231 0.06848379567307693 0.5168359375 0.070625 0.5231591802884615 0.07229166586538462 0.5282812499999999 0.07419753125 0.5315966802884615 0.07919367307692307 0.5343066394230769 0.08038580288461539 0.5318994134615385 0.0882407403846154 0.5177392572115385 0.09514274759615385 0.5111083990384615 0.10109182211538462 0.5071923822115385 0.10347222115384615 0.5020751947115385 0.09347607932692308 0.4954443365384616 0.08487654326923076 0.49462890625 0.07986111057692308 0.4951171875 0.07086419711538462 0.4957470697115385
0 0.39442901201923075 0.5451171875 0.3922993822115384 0.5390576177884616 0.38990740625 0.5296337884615384 0.38777777884615383 0.524580076923077 0.38352237740384615 0.5218896490384616 0.3800655865384615 0.52357421875 0.3747453701923077 0.5262646490384616 0.36889274759615387 0.5276123052884615 0.36676697596153846 0.5286230456730769 0.36064814903846154 0.5373730480769231 0.3603819447115385 0.5417529302884615 0.3617129639423077 0.5474755865384615 0.36330632692307696 0.5552148437500001 0.3665007716346154 0.5589208990384615 0.3718171298076923 0.5619482427884616 0.37873456730769234 0.56060546875 0.38271605048076923 0.56005859375 0.38850308653846155 0.55517578125 0.3933641971153846 0.5558886706730769 0.39389660576923075 0.55083984375 0.39442901201923075 0.5451171875
0 0.07354552403846154 0.3714355480769231 0.07497299278846153 0.3761376947115384 0.08239969230769231 0.37722168028846154 0.08753857932692308 0.37396972596153844 0.09496527884615384 0.36890625 0.10467592548076922 0.36890625 0.10753472115384616 0.36890625 0.10782021634615384 0.36565429807692307 0.10782021634615384 0.3558935552884615 0.10981867307692307 0.3436035168269231 0.09925154326923077 0.3403466802884615 0.08868055528846154 0.33926269471153847 0.08268518509615384 0.3403466802884615 0.07354552403846154 0.3443261730769231 0.06925925961538461 0.3501074230769231 0.062114197115384615 0.35107421875 0.05941357932692308 0.35546875 0.060119598557692305 0.36420898317307693 0.07068672836538462 0.36529296875 0.07354552403846154 0.3714355480769231
0 0.9129089495192309 0.7509667980769231 0.91509259375 0.752978514423077 0.9212422836538461 0.752978514423077 0.9234220673076923 0.749462891826923 0.9275887355769231 0.7462011730769231 0.9311612644230769 0.7404248052884616 0.9355246923076923 0.7359082019230769 0.94365740625 0.7456982427884615 0.9529783942307692 0.7625195312499999 0.9611111105769231 0.7720556634615385 0.9761882716346153 0.77080078125 0.9817399687499999 0.75724609375 0.9861033942307693 0.7524755865384616 0.988086420673077 0.7449462884615384 0.9878896610576924 0.7359082019230769 0.9855092596153846 0.7190869134615384 0.984517747596154 0.7077880865384615 0.9821373461538462 0.69900390625 0.9765817908653845 0.6924755865384615 0.9624999999999999 0.6804248052884615 0.9525810192307692 0.6766601562500001 0.9492091057692308 0.6764111322115384 0.9462345673076923 0.6759082043269231 0.93790509375 0.6786669927884615 0.9347299375 0.679921875 0.9309606490384615 0.6811767572115385 0.927191358173077 0.68193359375 0.9232253076923077 0.6821826177884615 0.9119174375000001 0.6924755865384615 0.9027932091346155 0.6992529302884616 0.8976388894230769 0.7087939447115384 0.9021990745192308 0.7271191394230769 0.9055709879807693 0.7426855456730769 0.9129089495192309 0.7509667980769231
0 0.41666666586538464 0.9033203125 0.44222222115384613 0.9197607427884615 0.45493055528846155 0.9187548822115384 0.46048996875000003 0.91373046875 0.4581057091346154 0.8825683605769231 0.4509606490384615 0.8423583990384615 0.4438117283653846 0.8292919927884616 0.4390470673076923 0.8212499999999999 0.42871913461538463 0.8132080072115385 0.41204089423076923 0.8021484375000001 0.4025115745192308 0.7941064447115385 0.3819444447115385 0.79443359375 0.37391589423076926 0.8031542980769231 0.36597222115384614 0.8122021490384616 0.3627970673076923 0.8232568365384616 0.3627970673076923 0.8413525384615385 0.3635918221153846 0.86447265625 0.37153549278846154 0.88357421875 0.38185956730769227 0.88357421875 0.41666666586538464 0.9033203125
0 0 0.9369580072115385 0.019182098557692307 0.9355419927884616 0.042129629807692304 0.9284619134615385 0.07570987740384615 0.916416014423077 0.07347222115384616 0.9079199206730769 0.060597992788461535 0.89375 0.043807870192307696 0.8810009759615384 0.00015432211538461539 0.8576269519230769 0 0.93625 0 0.9369580072115385
0 0.18287037019230767 0.60302734375 0.1782407403846154 0.5966796875 0.17474537019230768 0.5795654302884615 0.17290894951923075 0.5714208990384615 0.1701504639423077 0.5656054687500001 0.1628086418269231 0.5556640625 0.15625 0.54150390625 0.14853394951923077 0.53564453125 0.1375154326923077 0.52255859375 0.1342978389423077 0.5202294927884615 0.1297029326923077 0.518486326923077 0.12075617307692309 0.52001953125 0.12005015384615383 0.5289550769230769 0.12050925961538463 0.5580419927884616 0.12050925961538463 0.5673486322115384 0.12191357932692307 0.58056640625 0.12422839423076923 0.60107421875 0.12847222115384616 0.6142578125 0.1361882716346154 0.61328125 0.14236111057692308 0.61376953125 0.1462191346153846 0.63330078125 0.16203703605769232 0.634765625 0.17746913461538463 0.6171875 0.18171296394230768 0.6103515625 0.18287037019230767 0.60302734375
0 0.24464120432692307 0.5335888677884616 0.25383487740384614 0.531650389423077 0.26379243750000003 0.5301953125 0.26929012259615387 0.52685546875 0.27107253124999997 0.51953125 0.27276234615384615 0.51025390625 0.27160493750000003 0.4931640625 0.2708333341346154 0.47900390625 0.2658179014423077 0.462890625 0.26273148076923075 0.453125 0.26111111057692304 0.4434228509615385 0.25651620432692307 0.4356640625 0.24847222115384618 0.43518066346153844 0.23927855048076924 0.43615234375 0.22663966105769232 0.4400292980769231 0.21553240624999997 0.44390625 0.2078703701923077 0.44923828125000004 0.20327546394230772 0.4536035144230769 0.19944444471153847 0.45845214903846154 0.1963811730769231 0.4720263677884615 0.1902507716346154 0.48898925721153846 0.1871875 0.5083837884615384 0.18373842548076924 0.5205029302884616 0.18259259374999998 0.5253515624999999 0.18067515384615385 0.5340771490384616 0.1875 0.5322265625 0.20679012259615387 0.53955078125 0.21797839423076923 0.5458984375 0.23495370432692309 0.54638671875 0.24464120432692307 0.5335888677884616
0 0.5086381177884616 0.55283203125 0.5137692908653846 0.555263673076923 0.5167206778846154 0.55494140625 0.5195408942307692 0.55494140625 0.5237770072115384 0.554130858173077 0.5269830240384615 0.54763671875 0.5294212956730769 0.5434130865384615 0.5300617283653846 0.5395166009615384 0.5322415120192308 0.53626953125 0.5325 0.53318359375 0.5309606490384615 0.5304248052884616 0.5280092596153846 0.527666016826923 0.5258487644230769 0.5263671875 0.5243055552884616 0.52490234375 0.5216049375 0.51806640625 0.5201851850961539 0.51548828125 0.5162075625 0.5120800793269231 0.5150462956730769 0.509765625 0.5119598774038462 0.509765625 0.5084876538461539 0.51220703125 0.5 0.517578125 0.4947839495192307 0.5214941418269231 0.4931172836538461 0.52328125 0.4904243822115385 0.52685546875 0.4891396610576923 0.5286376947115385 0.4882445985576923 0.53416015625 0.4891396610576923 0.5401660144230769 0.49593750000000003 0.5452001947115385 0.5017129639423077 0.5505566418269231 0.5086381177884616 0.55283203125
0 0.13865355048076922 0.43280761778846155 0.13473379567307692 0.43701171875 0.1305478389423077 0.4434863269230769 0.13227623557692308 0.4451660168269231 0.13592978365384617 0.4470996081730769 0.13646219230769233 0.4517236322115385 0.13712577163461537 0.4575292980769231 0.13918595673076922 0.45828613221153847 0.1452970673076923 0.46072265625000003 0.14635802403846154 0.46063964903846155 0.14875 0.4598828125 0.15266975240384617 0.4600488293269231 0.15459490625 0.45996581971153844 0.1557253076923077 0.45895507932692303 0.15585648076923078 0.4570214831730769 0.15585648076923078 0.45408203124999996 0.15466049278846153 0.44794433653846155 0.15413194471153846 0.44592285096153844 0.15380015384615384 0.4428125 0.15506172836538462 0.44045898317307697 0.15432870432692306 0.43516113221153846 0.14795138942307692 0.43222168028846153 0.14682484615384614 0.4305371105769231 0.14097607932692308 0.4323046875 0.13865355048076922 0.43280761778846155
0 0.36336033894230774 0.4029931634615384 0.36204861057692306 0.40180663942307693 0.36336033894230774 0.39587890625 0.3639236105769231 0.3889990240384616 0.3627970673076923 0.3795068365384615 0.3577391971153846 0.37310546875 0.35248842548076925 0.3695458990384616 0.3389930552884615 0.3669384759615385 0.3326234567307692 0.3716796875 0.3292476850961539 0.3804589855769231 0.3292476850961539 0.3887597668269231 0.33187114182692307 0.3972998052884616 0.33955632692307697 0.4051269543269231 0.3521141971153846 0.40916015624999996 0.3596103389423077 0.4063134759615385 0.36336033894230774 0.4029931634615384
0 0.7951581778846154 0.3160009759615384 0.7864814807692307 0.31094238221153847 0.7778009254807692 0.31094238221153847 0.7695370360576923 0.31303711057692307 0.7660956778846154 0.3153027355769231 0.7658179014423077 0.32123046875 0.766921295673077 0.33046875 0.7680208341346154 0.3365722644230769 0.7710532403846154 0.33953613221153844 0.7740817908653846 0.34127929807692303 0.7775270072115384 0.34022949278846154 0.7828973774038462 0.33744140625 0.7884104927884615 0.3343066394230769 0.79267746875 0.3360498052884615 0.7969483028846154 0.3411035168269231 0.8032870360576924 0.3433691418269231 0.8085185192307692 0.33238769471153845 0.8083834879807692 0.3261083990384615 0.80053240625 0.3194873052884616 0.7951581778846154 0.3160009759615384
0 0.07138503125000001 0.6425048822115385 0.08047067788461539 0.644189451923077 0.08667824038461538 0.6450292956730769 0.09510030769230769 0.6391357427884615 0.1052970673076923 0.6301611322115386 0.11948302403846153 0.621181641826923 0.12458333413461539 0.6150097668269231 0.12192129567307693 0.6096826177884616 0.11748842548076924 0.6021044927884616 0.1141628076923077 0.5973388677884615 0.10972993750000001 0.5931298822115385 0.1013078701923077 0.58751953125 0.0962075625 0.5849951177884616 0.09044753125 0.5847119134615385 0.07891975240384615 0.5847119134615385 0.07138503125000001 0.5869580072115385 0.06650848798076923 0.59060546875 0.06273919711538462 0.5964941394230769 0.05697530769230769 0.6116455072115385 0.05542438221153846 0.6298779302884616 0.05985725240384616 0.6408203125 0.07138503125000001 0.6425048822115385
0 0.37345679086538464 0.52587890625 0.38352237740384615 0.5224072259615384 0.38845679086538465 0.5265722668269232 0.3950385793269231 0.552080079326923 0.39544753125 0.55728515625 0.40573302403846156 0.5593652331730768 0.4168364206730769 0.5541601562499999 0.4151929014423077 0.5244873052884615 0.40079475240384616 0.49846191346153845 0.3950385793269231 0.4864892572115384 0.3847530865384616 0.4724316418269231 0.36830246875 0.46462402403846154 0.35226080288461536 0.44536132932692307 0.3415663581730769 0.45056640625 0.3407445985576923 0.46670410096153847 0.3465046298076923 0.5093896490384615 0.35472993750000004 0.5354199230769231 0.35925540144230766 0.5359423822115384 0.3661265432692308 0.52978515625 0.37345679086538464 0.52587890625
0 0.8829436730769231 0.41362304807692307 0.8772299375 0.41217773317307693 0.8692322524038462 0.41181640625000004 0.8646604927884615 0.41181640625000004 0.8506674375000001 0.4107324230769231 0.8486651225961539 0.4107324230769231 0.8469521610576923 0.42013183653846153 0.8469521610576923 0.4237451177884616 0.8495254639423078 0.43061523317307693 0.8506674375000001 0.4389306634615385 0.8549498461538462 0.4476074230769231 0.86009259375 0.45230468749999997 0.8663773149038462 0.45375 0.8826581778846154 0.46278808653846154 0.9000810192307692 0.46676757932692303 0.9106481490384616 0.4649609375 0.9135069447115385 0.4548388677884615 0.9117939807692307 0.4277246081730769 0.9020794759615385 0.42266113221153845 0.892368826923077 0.41796386778846156 0.8829436730769231 0.41362304807692307
0 0.8827121923076924 0.36830078125 0.9032330240384615 0.38187988221153846 0.9293518509615384 0.38305663942307694 0.9512692908653846 0.3919140625 0.9731905865384616 0.39604492307692307 0.9792554014423077 0.3777441394230769 0.9797183653846153 0.35767578125 0.9825192908653846 0.33819824278846156 0.9783217596153846 0.3128173822115385 0.95919753125 0.27326660096153843 0.9400771610576922 0.2472949206730769 0.9368132716346154 0.23312988221153846 0.9125617283653846 0.2166015625 0.8929706778846154 0.20951660096153846 0.8710532403846154 0.20420410096153846 0.8551929014423076 0.20479492307692307 0.8463348774038462 0.21010742307692307 0.8421373461538462 0.21306152403846154 0.8239467596153845 0.2260449230769231 0.8118209879807693 0.24493652403846153 0.8052893509615384 0.2579199230769231 0.7954976850961538 0.29806152403846153 0.8090239206730769 0.3269824206730769 0.83607253125 0.34232910096153846 0.863125 0.35885742307692303 0.8827121923076924 0.36830078125
0 0.7357986105769231 0.22014160096153848 0.7302006177884616 0.23726074278846154 0.7302006177884616 0.2472949206730769 0.7399961418269231 0.2685449206730769 0.7563194447115384 0.28625488221153844 0.7605169759615384 0.29865234375 0.7684452163461538 0.31458496153846155 0.7801041658653846 0.31812988221153843 0.7978279326923077 0.2962890625 0.7996952163461538 0.2709082043269231 0.7777739206730769 0.21424316346153846 0.7600501538461538 0.21010742307692307 0.7357986105769231 0.22014160096153848
0 1 0.9065722668269232 0.9170447524038461 0.9159228509615385 0.8854783942307692 0.9218701177884616 0.876076389423077 0.9295214855769232 0.8626466057692308 0.9465234375 0.8458719134615384 1 0.8639891971153847 0.992421875 0.9143595673076923 1 0.9962924375 1 1 1 1 0.9312207019230769 1 0.9065722668269232
0 0.32654706730769234 0.4496435552884615 0.33356867307692306 0.4520654302884616 0.33641975240384614 0.44677734375 0.3393132716346154 0.4435839831730769 0.3364429014423077 0.4334863269230769 0.3259066346153846 0.42419433653846156 0.32527006249999996 0.42015136778846157 0.3176080240384615 0.4165185552884615 0.30643904326923077 0.41086425721153846 0.3022878076923077 0.41086425721153846 0.2990972211538461 0.41490234375 0.2975 0.4177294927884615 0.2939891971153846 0.4217675769230769 0.29111496875 0.4262109375 0.2876041658653846 0.43065918028846156 0.2856905865384615 0.43429199278846153 0.28441357932692307 0.4383349615384615 0.28217978365384616 0.44722168028846154 0.2815393509615384 0.45893554567307693 0.2876041658653846 0.4649951177884616 0.29430941346153844 0.4577246081730769 0.3010108028846154 0.45368163942307693 0.31090663461538465 0.44923828125000004 0.3171296298076923 0.44580078125 0.32654706730769234 0.4496435552884615
0 0.06346064903846153 0.3514453125 0.07145833413461539 0.347109375 0.07488425961538461 0.3312011706730769 0.06774691346153847 0.31963378846153845 0.05689043269230769 0.31095703125 0.046323302884615385 0.30662109374999996 0.04060956730769231 0.30372558653846154 0.038040122596153844 0.3001123052884615 0.0300424375 0.3001123052884615 0.026041665865384613 0.30444824278846155 0.022615740384615387 0.31095703125 0.015189043269230769 0.3218017572115385 0.01290509375 0.328671875 0.016331019230769232 0.3416845697115385 0.03432484615384615 0.34783203125 0.04346836538461539 0.3510839855769231 0.05489197596153846 0.35397461057692303 0.06346064903846153 0.3514453125
0 0.6098302475961538 0.4563671875 0.6144212956730769 0.4597119134615385 0.6161458341346153 0.4598535144230769 0.6200462956730769 0.458984375 0.6275077163461538 0.45767578124999997 0.63290509375 0.45666015625 0.6331327163461539 0.45259277403846154 0.6277391971153846 0.44387695192307697 0.6233757716346153 0.4329785168269231 0.6171759254807692 0.42440918028846153 0.6139621923076923 0.4193212884615385 0.60638503125 0.4171435552884616 0.6006481490384615 0.41380371153846157 0.5985802475961539 0.4239697259615385 0.5983526225961538 0.42949218749999996 0.5984683653846153 0.4363183605769231 0.5992708341346155 0.442421875 0.5985802475961539 0.44678222596153844 0.5980092596153846 0.45302734375 0.5976620360576923 0.45549804807692307 0.6045486105769231 0.4549169927884616 0.6098302475961538 0.4563671875
0 0.6379822524038462 0.41666015624999997 0.6445524687499999 0.42063964903846157 0.6568364206730769 0.4231689447115385 0.6594058653846153 0.42063964903846157 0.6596913581730769 0.4144921875 0.6534066346153846 0.4090722644230769 0.6485532403846155 0.4040087884615385 0.6439814807692308 0.3971386730769231 0.6399845673076924 0.3928027331730769 0.6354128076923077 0.3899121105769231 0.6319868822115384 0.3866552740384615 0.6294135793269231 0.3815966802884615 0.6271296298076923 0.3787011730769231 0.6177044759615384 0.3750878918269231 0.6131327163461538 0.37797851682692307 0.6059915120192307 0.38340331971153846 0.6042785504807692 0.3866552740384615 0.6017091057692308 0.39099609375 0.6002816346153846 0.39533203125 0.5988503076923076 0.4032861322115385 0.6062770072115384 0.4072607427884615 0.6165625 0.4083447259615385 0.6262731490384615 0.4134082019230769 0.6325578701923077 0.4148535144230769 0.6379822524038462 0.41666015624999997
0 0.8359837956730769 0.5147998052884616 0.8339891971153846 0.508349608173077 0.8319945985576923 0.49628418028846155 0.829996141826923 0.49067382692307693 0.8244560192307693 0.48562500000000003 0.8189158942307693 0.47636718749999996 0.81736496875 0.4727197259615385 0.8089390432692307 0.47244140625000003 0.8031751538461538 0.47412597596153844 0.7951967596153846 0.47580566346153846 0.7845563269230769 0.47749023317307693 0.7759143509615385 0.48310058653846155 0.7741396610576923 0.48534668028846156 0.771701389423077 0.4937597668269231 0.771701389423077 0.5010546875 0.7732523149038462 0.5063867187500001 0.7807908942307692 0.5111572259615385 0.7812307091346155 0.5162060552884615 0.7814544759615385 0.5223779302884616 0.7823418221153846 0.5285498052884615 0.78478009375 0.5327587884615385 0.7943672836538462 0.53173828125 0.8194444447115384 0.53515625 0.8282253076923076 0.5316357427884616 0.8355401225961538 0.5243408197115385 0.8359837956730769 0.5147998052884616
0 0.5466820985576922 0.11572265625 0.5402044759615385 0.10087402403846155 0.5378047836538461 0.0908203125 0.5366936730769231 0.08357421875 0.5363271610576923 0.07749511778846153 0.5342939807692308 0.07141601442307692 0.5330015432692308 0.06791015624999999 0.5318942908653846 0.06487304807692308 0.5315239206730769 0.06440429807692308 0.5280131177884615 0.06323730528846154 0.5239506177884615 0.06510742307692308 0.5185918221153846 0.06931152403846154 0.5158217596153846 0.07375488221153846 0.5132368822115384 0.08006835817307692 0.5117592596153846 0.08357421875 0.5102816346153847 0.08661132932692307 0.5080632716346154 0.0912890625 0.5065856490384616 0.09666503846153847 0.5047376538461539 0.10017089903846153 0.5038155865384616 0.10274414182692307 0.5032600312500001 0.10625000000000001 0.5043711418269231 0.11279785096153847 0.5069560192307693 0.11677246153846153 0.513973764423077 0.12308593749999999 0.5184066346153846 0.12565429567307693 0.5224729927884615 0.12705566346153846 0.5267206778846154 0.12752441346153848 0.5324459879807693 0.12448730528846154 0.5370640432692307 0.12354980528846153 0.5435956778846154 0.1240234375 0.5470679014423078 0.12060546875 0.5466820985576922 0.11572265625
0 0.1271141971153846 0.31954589903846153 0.11732253125 0.32663086057692303 0.11079089423076922 0.33843261778846156 0.10799382692307692 0.35968261778846156 0.11172453605769231 0.38211425721153847 0.11545524759615386 0.3986425769230769 0.12944830288461537 0.4163525384615384 0.1485686730769231 0.42166503846153847 0.16069444471153846 0.41930175721153845 0.16256172836538463 0.4039550769230769 0.15649691346153846 0.3726708990384615 0.1518325625 0.3461083990384616 0.14110725240384617 0.3154150384615385 0.13737654326923077 0.31423339903846154 0.1271141971153846 0.31954589903846153
0 0.3682561730769231 0.5781787115384616 0.36639274759615387 0.5862548822115385 0.36559413461538465 0.5889501947115384 0.36479552403846155 0.5939990240384615 0.3653279326923077 0.6067919927884615 0.3653279326923077 0.6138623052884615 0.37038194471153846 0.6212695312500001 0.3727777788461539 0.6229492187500001 0.3778317908653846 0.623623048076923 0.3823533942307692 0.6205957043269231 0.3860763894230769 0.6155419927884616 0.3895331778846154 0.6148730456730769 0.39831018509615385 0.6138623052884615 0.40309799278846153 0.6121777355769231 0.4076234567307692 0.6094824230769231 0.4150694447115385 0.6061181634615385 0.41985725240384614 0.6034228509615385 0.4203896610576923 0.6017431634615384 0.41108024759615386 0.5953466802884615 0.4020370360576923 0.586591795673077 0.38315200721153847 0.5781787115384616 0.3733101850961538 0.5761572259615385 0.3682561730769231 0.5781787115384616
0 0.5200424375 0.25775390625 0.5185108028846154 0.26405761778846154 0.5211921298076923 0.26890625 0.5261689807692307 0.27181152403846154 0.5327932091346154 0.275390625 0.5428240745192308 0.283203125 0.5598765432692308 0.2878125 0.5628858028846154 0.28271484375 0.5621141971153846 0.27392578125 0.5570987644230769 0.25927734375 0.5570987644230769 0.2529296875 0.5462962956730769 0.25048828125 0.5316358028846154 0.24072265625 0.5262345673076922 0.24658203125 0.5238734567307692 0.25242187499999996 0.5200424375 0.25775390625
0 0.9115624999999999 0.4309765625 0.9129359567307692 0.4470263677884615 0.9215046298076923 0.46177734375 0.9259606490384615 0.47001953124999996 0.9365856490384614 0.48216796875 0.9396682091346154 0.48303222596153844 0.9468672836538462 0.48086425721153847 0.9566936730769231 0.4703808605769231 0.9664043221153846 0.4604736322115385 0.971203704326923 0.45526855528846155 0.9821720673076922 0.46481445432692303 0.9845717596153847 0.4734912115384615 0.9855979927884615 0.45657226442307697 0.9859413581730769 0.4465917956730769 0.9842283942307692 0.43271484375 0.9845717596153847 0.4257714831730769 0.9828587956730769 0.4192626947115385 0.9811419759615384 0.41362304807692307 0.9773726850961538 0.4105859375 0.9660609567307692 0.40451660096153846 0.9609220673076924 0.40061035096153846 0.9451543221153845 0.38846191346153847 0.9396682091346154 0.38369140625 0.9362422836538461 0.37848632692307693 0.932816358173077 0.3771875 0.9269868822115386 0.3728466802884615 0.9212962956730769 0.37451171875 0.9197530865384616 0.39013671875 0.9191049375 0.3997412115384616 0.9173919759615384 0.41752929807692307 0.9115624999999999 0.4309765625
0 0.00445601923076923 0.3673583990384615 0.0007253076923076923 0.38034179807692303 0.010983795673076922 0.4069042980769231 0.021712963942307692 0.41162597596153844 0.03476851923076923 0.42815429807692307 0.05575617307692308 0.43169921875 0.07441357932692308 0.42638671875 0.09913194471153847 0.41398925721153845 0.1051967596153846 0.39805175721153846 0.09586805528846153 0.3909667980769231 0.07161651201923078 0.3673583990384615 0.028240740384615385 0.35083007692307694 0.01611496875 0.3561425793269231 0.00445601923076923 0.3673583990384615
0 0.68759259375 0.5133056634615385 0.7008294759615384 0.5105175793269231 0.709101079326923 0.506328125 0.7125771610576923 0.489921875 0.704861110576923 0.482421875 0.697851079326923 0.4736572259615385 0.6863425937500001 0.47119140625 0.6724537043269231 0.46630859375 0.661558641826923 0.4631152331730769 0.6547067908653846 0.4560546875 0.6473765432692308 0.453125 0.6415895072115384 0.45556640625 0.6350308653846154 0.45458984375 0.6298418221153846 0.4585107427884615 0.6289043221153846 0.4578808605769231 0.6211265432692308 0.4619970697115384 0.6174344134615384 0.4649316418269231 0.6174344134615384 0.4719140625 0.6211265432692308 0.4811962884615385 0.6225077163461539 0.4869921875 0.6270833341346154 0.5009521490384615 0.6373996923076923 0.5021386730769231 0.6445679014423077 0.5000439447115385 0.6544984567307692 0.4993457019230769 0.6738040120192307 0.507724608173077 0.68759259375 0.5133056634615385
0 0.8522145072115385 0.6573291009615385 0.8577662043269231 0.6600927740384616 0.8623302475961538 0.66134765625 0.8662962956730769 0.6610937499999999 0.8692708341346154 0.6583349615384615 0.8736342596153845 0.64904296875 0.8742322524038462 0.64427734375 0.8734375000000001 0.6382519519230769 0.8734375000000001 0.63021484375 0.8726427475961539 0.6277050793269231 0.8635185192307693 0.6209277355769232 0.8557831778846154 0.6201757812500001 0.8494367283653846 0.6196728509615385 0.8430902788461538 0.6196728509615385 0.8359490745192308 0.6209277355769232 0.8303935192307693 0.6211767572115385 0.8232523149038461 0.6234375000000001 0.819286264423077 0.6289599615384615 0.8178973774038462 0.6337304687499999 0.8179012355769231 0.64697265625 0.8323765432692307 0.6523095697115384 0.8369405865384615 0.6533105480769231 0.8468595673076924 0.6563232427884615 0.8522145072115385 0.6573291009615385
0 0.16675925961538463 0.32013671875 0.16675925961538463 0.3289892572115385 0.16675925961538463 0.34138671875 0.16489197596153846 0.3602734375 0.16582561778846155 0.3903759759615385 0.16908950721153845 0.40985839903846155 0.1714236105769231 0.41693847596153844 0.1784182091346154 0.41693847596153844 0.19614197596153846 0.4163525384615384 0.20966435096153846 0.41576171875 0.23531635817307692 0.3986425769230769 0.23206018509615384 0.35493163942307693 0.21338734615384616 0.30952148317307693 0.19707175961538462 0.30951171875 0.1840162043269231 0.31010253846153846 0.16675925961538463 0.32013671875
0 0.07288194471153846 0.5859472668269231 0.08096450721153846 0.5825390625 0.08211805528846153 0.5784814447115385 0.08186342548076923 0.5747460937500001 0.07968364182692309 0.5703662115384616 0.0721450625 0.56005859375 0.061979165865384614 0.5486083990384615 0.050949074519230766 0.5339990240384616 0.04517746875 0.527666016826923 0.037608024038461536 0.5288037115384616 0.03491512259615385 0.5312353509615385 0.028885031250000002 0.53416015625 0.024266975961538463 0.5387060552884615 0.019394290865384616 0.5424414062499999 0.016570216346153847 0.5477978509615384 0.01427469230769231 0.552734375 0.013503086538461538 0.5576171875 0.012723764423076923 0.5650048822115384 0.013105709134615385 0.5687402331730769 0.015158177884615385 0.5750732427884615 0.01631558653846154 0.5792919927884616 0.018622685096153845 0.5846484375000001 0.021574074519230768 0.5874121105769231 0.02631944471153846 0.5940673822115385 0.028499228365384616 0.5958544927884616 0.030038579326923075 0.5963378894230769 0.035297067307692304 0.5958544927884616 0.03722222115384615 0.5958544927884616 0.039915122596153846 0.5968261706730769 0.04235339423076923 0.5987744134615385 0.04273919711538462 0.6005615240384615 0.046844134615384614 0.5999121081730769 0.056466050480769234 0.5958544927884616 0.06211033894230769 0.5927685552884616 0.06608410576923077 0.5896826177884615 0.07288194471153846 0.5859472668269231
0 0.10763888942307692 0.71533203125 0.10841049278846154 0.70849609375 0.10910879567307694 0.7005224615384615 0.1082253076923077 0.6918212884615385 0.1077816346153846 0.68845703125 0.1082253076923077 0.683125 0.10755787019230768 0.6777978509615384 0.10378086538461538 0.669921875 0.0983796298076923 0.666015625 0.09606481490384616 0.6650390625 0.09447916586538462 0.6620849615384615 0.08938271634615386 0.6618066418269231 0.08583719230769231 0.6632080072115384 0.08051697596153845 0.66685546875 0.07275848798076924 0.67078125 0.06898919711538462 0.6741503918269232 0.06921296394230769 0.6814453125 0.07032021634615385 0.690703125 0.06921296394230769 0.6988378918269231 0.06743827163461538 0.7055712884615384 0.06123070913461538 0.7145458990384616 0.059016204326923075 0.7184765625 0.0587924375 0.7207177740384616 0.061010802884615384 0.7285742187500001 0.061010802884615384 0.7299755865384616 0.065 0.7355859375 0.06943287019230769 0.7367089831730769 0.07741126442307691 0.73474609375 0.08450617307692307 0.7322216802884616 0.08738811778846153 0.7322216802884616 0.0882754639423077 0.7252099615384615 0.10108024759615385 0.7275390625 0.10493827163461539 0.72216796875 0.10763888942307692 0.71533203125
0 0.19339120432692306 0.893408204326923 0.2104861105769231 0.8857324230769231 0.19753086538461537 0.8759765625 0.18897762259615383 0.8606005865384615 0.1801504639423077 0.8522216802884616 0.1718788581730769 0.8473339831730768 0.16203703605769232 0.8359375 0.15146990625 0.83546875 0.1443016971153846 0.83546875 0.13437114182692309 0.83826171875 0.13216435096153847 0.8410546875 0.12444444471153847 0.8543164062499999 0.12278935096153847 0.8640917980769232 0.1205825625 0.8717675793269231 0.11506558653846154 0.888525391826923 0.13988811778846155 0.9045800793269231 0.16415509374999998 0.9066748052884616 0.17574074038461537 0.90806640625 0.19339120432692306 0.893408204326923
0 0.8537615745192307 0.3530126947115385 0.8447145072115384 0.34638671875000004 0.8318634254807692 0.34186523317307693 0.8268634254807693 0.34216796875 0.8218634254807693 0.34668456971153844 0.8186728389423077 0.3486328125 0.8137731490384615 0.35361328125 0.8125810192307692 0.35994140625 0.8128202163461539 0.3686767572115385 0.8121064807692308 0.3789208990384615 0.8113927475961538 0.39337890625 0.8116280865384616 0.4009130865384615 0.8171026225961538 0.4015136706730769 0.8254359567307692 0.40302246153846155 0.8320987644230768 0.3957910168269231 0.8390046298076924 0.38765625 0.8547145072115385 0.38826171875 0.8623302475961538 0.37982421875 0.8668518509615384 0.36416015625 0.8668518509615384 0.3590380865384616 0.8604243822115384 0.35542480528846154 0.8537615745192307 0.3530126947115385
0 0.4187885793269231 0.5401513677884615 0.42107253125 0.552802735576923 0.42621527884615384 0.56509765625 0.4270717596153846 0.5842529302884615 0.42735725240384614 0.594375 0.4356404326923077 0.6059472644230769 0.4553510793269231 0.611728514423077 0.4782021610576923 0.6211279302884616 0.49790894951923076 0.6316113293269231 0.5064776225961538 0.63052734375 0.5090470673076923 0.6185986322115385 0.50990740625 0.6026904302884616 0.5141898149038462 0.5813623052884616 0.5156172836538462 0.569794923076923 0.5104783942307692 0.5622021490384616 0.5007638894230769 0.5607568365384615 0.48391203605769234 0.548828125 0.4590625 0.5437646490384616 0.4439236105769231 0.5459375000000001 0.42907021634615383 0.5372607427884616 0.4187885793269231 0.5401513677884615
0 0.7513927475961538 0.2815087884615385 0.7475617283653846 0.28296386778846155 0.7471797836538462 0.2897509759615385 0.7448804014423077 0.30041503846153844 0.7448804014423077 0.31107910096153846 0.7448804014423077 0.3154443365384615 0.7448804014423077 0.32998535096153847 0.7448804014423077 0.3362890625 0.7437307091346154 0.3425878894230769 0.7425810192307692 0.35325683653846157 0.7498611105769231 0.3610107427884615 0.7536921298076924 0.35810058653846155 0.7581018509615384 0.35546875 0.7611882716346153 0.3486328125 0.7667129639423076 0.32319824278846154 0.7654320985576923 0.310546875 0.7650462956730769 0.3037109375 0.7598186730769231 0.28829589903846153 0.7584876538461539 0.28662109375 0.7546296298076923 0.28564453125 0.7513927475961538 0.2815087884615385
0 0.3329320985576923 0.8410986322115386 0.3371913581730769 0.84619140625 0.3317901225961538 0.86376953125 0.34282407451923075 0.8681640625 0.35146605048076923 0.8740234375 0.35591435096153845 0.8649316418269231 0.3591049375 0.8608935552884615 0.3626157403846154 0.8491796875000001 0.3670833341346154 0.837060545673077 0.3674035504807692 0.8293847668269231 0.3674035504807692 0.8213037115384616 0.3634259254807692 0.81494140625 0.3629359567307692 0.80837890625 0.3565509254807692 0.8015087884615385 0.34888888942307694 0.7970654302884616 0.34154706730769235 0.79423828125 0.3322916658653846 0.7897949230769231 0.32718364182692306 0.7873681634615385 0.32399305528846156 0.7873681634615385 0.3125 0.78662109375 0.30902777884615384 0.79443359375 0.3032407403846154 0.806640625 0.3016512355769231 0.81322265625 0.29973379567307695 0.8168603509615384 0.30484182211538463 0.8208984374999999 0.32048225240384615 0.8265576177884615 0.3278240745192308 0.8326171874999999 0.33037808653846157 0.8374609375000001 0.3329320985576923 0.8410986322115386
0 0.20524691346153848 0.5869140625 0.20679012259615387 0.57861328125 0.20121142067307693 0.5714453125 0.19589120432692309 0.5653857427884615 0.1908371923076923 0.5606689447115385 0.18518518509615384 0.5537109375 0.18171296394230768 0.55029296875 0.17567515384615387 0.5519189447115385 0.17129629567307691 0.5546875 0.16358024759615386 0.55712890625 0.16583333413461537 0.5599951177884616 0.16769675961538463 0.5620166009615384 0.1706211418269231 0.5684130865384616 0.1738117283653846 0.575146485576923 0.17540894951923078 0.5832275384615385 0.17540894951923078 0.589287108173077 0.17700617307692307 0.5939990240384615 0.1780671298076923 0.5953466802884615 0.18072916586538462 0.6003955072115384 0.18287037019230767 0.60400390625 0.18551697596153846 0.6054443365384615 0.19695601923076925 0.6024169927884615 0.20147762259615384 0.593662108173077 0.20524691346153848 0.5869140625
0 0.9126504639423078 0.79392578125 0.9226466057692307 0.8004345697115384 0.9240740745192307 0.8022412115384616 0.9346412043269231 0.8004345697115384 0.9372145072115384 0.8000732427884615 0.9463541658653847 0.8015185552884615 0.9472106490384615 0.8018798822115384 0.9583487644230769 0.8054980480769232 0.9629205240384615 0.7997119134615385 0.9629205240384615 0.79248046875 0.9612075625000001 0.7830810552884616 0.9577777788461539 0.7718750000000001 0.9552083341346154 0.76537109375 0.9494598774038461 0.75439453125 0.9403549375 0.7386181634615384 0.9397839495192308 0.7386181634615384 0.9336419759615384 0.73828125 0.930941358173077 0.74609375 0.92321759375 0.7574169927884615 0.9132214495192308 0.7704296875 0.9086496923076923 0.78669921875 0.9126504639423078 0.79392578125
0 0.09443672836538462 0.45546875 0.08713734615384615 0.45477050721153844 0.07886959855769231 0.4544238269230769 0.07239583413461538 0.45773437499999997 0.0670254639423077 0.45947753846153844 0.06302855048076923 0.4634863293269231 0.06371913461538461 0.47185546875 0.06606095673076923 0.48162109375 0.07088348798076924 0.48510742307692306 0.07763117307692308 0.48615234375 0.08011188221153846 0.4809228509615385 0.08162422836538462 0.4762158197115385 0.08451774759615384 0.47237793028846153 0.08823688221153847 0.4708105480769231 0.0916820985576923 0.47063476682692307 0.0941628076923077 0.47220703125 0.09815586538461538 0.4722021490384615 0.09898148076923077 0.4661035168269231 0.09884644951923077 0.46209472596153844 0.09677855048076923 0.4561669927884615 0.09443672836538462 0.45546875
0 0.4038078701923077 0.4645019519230769 0.4089081778846154 0.46674804567307693 0.41400462980769226 0.46646484374999997 0.4213194447115385 0.46394043028846155 0.42287037019230767 0.46001464903846156 0.4230941346153846 0.45608398317307697 0.4230941346153846 0.45187499999999997 0.4215432091346154 0.44682617307692307 0.4173302475961539 0.4398144543269231 0.41356095673076926 0.4350439447115385 0.40780092548076924 0.4288720697115384 0.4038078701923077 0.42382324278846156 0.4016203701923077 0.42578125 0.3950617283653846 0.427734375 0.3927276225961539 0.4274707019230769 0.38740740625000003 0.42943359375 0.38563271634615387 0.4302734375 0.38009259375 0.4367285144230769 0.38253086538461534 0.44121581971153845 0.3898456778846154 0.44963378846153845 0.3931712956730769 0.45664550721153846 0.39649305528846157 0.4619775384615385 0.4038078701923077 0.4645019519230769
0 0.4352623461538461 0.4212597668269231 0.4459567908653846 0.42438476442307693 0.4554166658653846 0.42802734374999996 0.46981481490384613 0.42802734374999996 0.4706365745192308 0.4207373052884616 0.46797839423076926 0.41455078125 0.46527777884615384 0.4091796875 0.4621913581730769 0.3974609375 0.4591203701923077 0.39210937500000004 0.4397878076923077 0.39210937500000004 0.43608796394230764 0.39210937500000004 0.4307407403846154 0.40043945432692307 0.4299151225961539 0.41657714903846155 0.4352623461538461 0.4212597668269231
0 0.11239583413461539 0.5411279302884615 0.11320601923076924 0.5356640625 0.11779320913461538 0.52234375 0.12724151201923076 0.519609375 0.1345254639423077 0.519951170673077 0.1442438269230769 0.5209765625 0.14829089423076922 0.519951170673077 0.14856095673076924 0.5114111322115384 0.14316357932692308 0.5062841802884616 0.12751157451923076 0.5021875 0.11266589423076923 0.5018457019230769 0.09728009375 0.5069677740384615 0.08783564903846154 0.519609375 0.08189814903846153 0.5305419927884615 0.08999228365384616 0.550693358173077 0.11239583413461539 0.5469384759615384 0.11239583413461539 0.5452294927884616 0.11239583413461539 0.5411279302884615
0 0.8045563269230769 0.600390625 0.798611110576923 0.5947265625 0.79205246875 0.5849609375 0.7861728389423077 0.576640625 0.7785108028846154 0.5742138677884616 0.7666358028846154 0.5722753918269231 0.7524652788461539 0.5674267572115385 0.74173996875 0.56548828125 0.7321643509615385 0.56548828125 0.7248881177884615 0.569365233173077 0.7183757716346153 0.5751855456730769 0.7160763894230769 0.585849608173077 0.7195254639423077 0.5979687499999999 0.7237384254807692 0.6081494134615385 0.7283333341346154 0.6178466802884616 0.7329320985576923 0.6241455072115384 0.7367592596153846 0.6275390624999999 0.7436535504807692 0.6275390624999999 0.7497839495192308 0.6270556634615385 0.7520833341346154 0.628994141826923 0.7570601850961538 0.6328710937500001 0.7628047836538462 0.6498388677884616 0.7662538581730769 0.6508105480769231 0.7693171298076924 0.652265625 0.8026427475961538 0.6605029302884616 0.8037924375000001 0.653232420673077 0.8049382716346154 0.6338427740384615 0.8057060192307692 0.61978515625 0.8045563269230769 0.600390625
0 0.46805941346153845 0.49467285096153846 0.46263503125 0.48889160096153844 0.45349151201923077 0.48708496153846154 0.44492283894230766 0.4906982427884615 0.4372106490384615 0.50154296875 0.4326427475961539 0.5141943365384616 0.43778163461538466 0.5160009759615385 0.4452083341346154 0.5163623052884615 0.45549382692307694 0.5174511730769231 0.4774845673076923 0.5275732427884615 0.47834490625 0.5217871081730769 0.4737731490384615 0.5084130865384615 0.47091820913461535 0.5008203125 0.46805941346153845 0.49467285096153846
0 0.2003240745192308 0.7074511730769231 0.19988040144230768 0.6993115240384615 0.19788580288461538 0.6934228509615384 0.19478394951923078 0.6886523437500001 0.19145833413461538 0.6878124999999999 0.1879089495192308 0.6878124999999999 0.1820987644230769 0.6845703125 0.17592592548076924 0.68798828125 0.16951388942307694 0.6900537115384615 0.16086805528846154 0.6920214855769231 0.1553279326923077 0.6942626947115385 0.15045138942307693 0.698193360576923 0.1464583341346154 0.70408203125 0.14446373557692307 0.7110986322115385 0.14579475240384615 0.71951171875 0.1473456778846154 0.72484375 0.14823302403846153 0.7332568365384616 0.15000771634615384 0.7416748052884615 0.1508950625 0.7436376947115384 0.15133487740384616 0.7450439447115385 0.15798611057692308 0.7439208990384615 0.16175540144230768 0.743076170673077 0.16685185096153846 0.7436376947115384 0.17592592548076924 0.74267578125 0.18369984615384613 0.7405517572115384 0.19677855048076923 0.7262451177884616 0.19877314903846152 0.71642578125 0.2003240745192308 0.7074511730769231
0 0.40525077163461537 0.39134765625 0.40805941346153846 0.39364746153846153 0.41235725240384613 0.3940673822115385 0.4191358028846154 0.39490234375 0.4214506177884615 0.3905126947115385 0.41946759375 0.38276855528846154 0.41946759375 0.37900390625 0.41582947596153846 0.3649853509615385 0.41566357932692305 0.3610107427884615 0.4151697524038462 0.35327148557692306 0.4151697524038462 0.348671875 0.4151697524038462 0.3426025384615385 0.4136805552884616 0.33548828125 0.41219135817307695 0.33486328125 0.40773148076923077 0.33486328125 0.40111882692307693 0.33779296875 0.39665509375 0.3382080072115385 0.3847530865384616 0.34427734375 0.38161265384615384 0.34741211057692306 0.38028935096153843 0.3530615240384615 0.3827700625 0.368125 0.3883912043269231 0.37628418028846156 0.3981442908653846 0.38507324278846156 0.40525077163461537 0.39134765625
0 0.5528549375 0.38916015625 0.5497685192307692 0.3837890625 0.5470679014423078 0.37841796875 0.5423225312500001 0.37329101442307694 0.5366512355769231 0.36767578125 0.5316358028846154 0.3662109375 0.527318673076923 0.37005859375 0.523171295673077 0.3753125 0.5212538581730769 0.3785449206730769 0.5185185192307692 0.380859375 0.517361110576923 0.384765625 0.5186998461538461 0.39268066346153846 0.5257214495192307 0.3947021490384615 0.5269984567307693 0.40278320192307693 0.5393518509615385 0.40185546875 0.5448765432692307 0.3987402331730769 0.5518981490384616 0.3934912115384615 0.5528549375 0.38916015625