0 0.6422453701923078 0.7552001947115384 0.662808641826923 0.771484375 0.6801697524038463 0.7890625 0.7303240745192308 0.76025390625 0.7411265432692308 0.74755859375 0.7546296298076923 0.71533203125 0.7578973774038461 0.7072705072115385 0.7364969134615384 0.66943359375 0.7291666658653846 0.646484375 0.7137345673076924 0.62841796875 0.6985378076923077 0.6165966802884615 0.6627160504807693 0.619189451923077 0.6268942908653846 0.619189451923077 0.5992592596153846 0.619189451923077 0.5787885793269231 0.6386181634615385 0.5685570985576923 0.6554589855769231 0.5572955240384615 0.67748046875 0.5450154326923077 0.7020898437499999 0.53478009375 0.71763671875 0.5536265432692308 0.72509765625 0.5767438269230769 0.7305859375 0.5828858028846153 0.7344726562499999 0.5880015432692308 0.7655615240384616 0.5961882716346154 0.7720410144230769 0.6105169759615385 0.7875830072115384 0.6197299375 0.8018310552884615 0.6462654326923077 0.7648339855769231 0.6422453701923078 0.7552001947115384
0 0.7696604927884615 0.23706543028846155 0.7652044759615385 0.24530761778846152 0.7706905865384616 0.253984375 0.7802854927884616 0.24877929807692306 0.7957098774038461 0.24140625 0.8149035504807693 0.22925781250000002 0.8083912043269231 0.21624511778846156 0.8005092596153845 0.21624511778846156 0.784336420673077 0.2197265625 0.7748032403846155 0.20322753846153846 0.7686342596153846 0.20626464903846153 0.7696604927884615 0.21233886778846156 0.7700038581730768 0.21797851682692307 0.7696604927884615 0.22318359375 0.7696604927884615 0.23706543028846155
0 0.07618827163461538 0.73412109375 0.06878472115384615 0.7658740240384615 0.08030092548076924 0.776806641826923 0.09264274759615385 0.776806641826923 0.11567515384615384 0.776806641826923 0.13048225240384614 0.775244141826923 0.1341820985576923 0.775244141826923 0.1407638894230769 0.7747265624999999 0.14241126442307692 0.7747265624999999 0.14611111057692308 0.78201171875 0.15269290144230768 0.7794091802884615 0.15063657451923076 0.7653564447115385 0.15022376442307692 0.7539013677884616 0.15022376442307692 0.7502587884615385 0.14981481490384616 0.7434912115384615 0.14981481490384616 0.7335986322115384 0.14981481490384616 0.7252685552884616 0.1333603389423077 0.7158984375 0.11773148076923076 0.7132958990384615 0.10004629567307692 0.7075732427884615 0.08770447596153846 0.7221484375 0.07618827163461538 0.73412109375
0 0.4756944447115385 0.45654296875 0.47106481490384616 0.4462890625 0.46334876442307693 0.43115234375 0.4618055552884615 0.4267578125 0.4575617283653846 0.4306640625 0.4463734567307692 0.43896484375 0.4405864206730769 0.4443359375 0.4344753076923077 0.45211914182692303 0.42953703605769233 0.4552441418269231 0.4193672836538462 0.4638671875 0.4143518509615385 0.474609375 0.41472993750000003 0.48772461057692307 0.4221334879807692 0.4970947259615385 0.42559027884615386 0.5008447259615385 0.43595679086538464 0.5039697259615384 0.4418788581730769 0.50458984375 0.44878857932692306 0.50771484375 0.4596450625 0.5095898437499999 0.4616203701923077 0.51208984375 0.46408950721153847 0.51208984375 0.4670987644230769 0.5137109375000001 0.4702083341346154 0.508837889423077 0.4730709879807692 0.5044677740384615 0.4745023149038462 0.50265625 0.47593364182692305 0.5008447259615385 0.47677469230769226 0.49834472596153845 0.4807716057692308 0.4972216802884616 0.482638889423077 0.494140625 0.4828433653846154 0.4908496081730769 0.4828433653846154 0.4796044927884615 0.4808719134615385 0.472109375 0.4756944447115385 0.45654296875
0 0.6376311730769231 0.18250488221153846 0.6442901225961539 0.18994140625 0.6461998461538462 0.19395019471153846 0.6473919759615385 0.1969628894230769 0.6516743822115385 0.19756347596153848 0.6566358028846154 0.20068359375 0.6647376538461539 0.1982421875 0.6704783942307693 0.19575683653846154 0.6728587956730769 0.19575683653846154 0.6755401225961539 0.1923828125 0.684027778846154 0.189453125 0.6954706778846155 0.18129882932692307 0.6990432091346155 0.17858886778846153 0.7018981490384615 0.17587402403846156 0.714992283653846 0.17256347596153845 0.72165509375 0.17195800721153848 0.7311766971153847 0.1713574230769231 0.7349845673076923 0.16955078125 0.73736496875 0.16713867307692307 0.73736496875 0.16382324278846155 0.7321296298076923 0.16111328125 0.7228472211538463 0.1575 0.7088001538461538 0.15237793028846153 0.7030902788461538 0.14876464903846154 0.6957098774038462 0.1415332043269231 0.6835725312500001 0.12767578124999998 0.6769058653846154 0.11923828125 0.6723842596153846 0.11532226682692308 0.6690509254807692 0.11230956971153847 0.6661959879807693 0.11170898317307693 0.6578626538461538 0.109296875 0.6523881177884616 0.109296875 0.6464390432692307 0.109296875 0.6428665120192308 0.109296875 0.6383449062500001 0.10959961057692308 0.6354899687500001 0.11140625 0.633348764423077 0.11472168028846154 0.6314429014423077 0.11683105528846155 0.6297762355769231 0.12014160096153846 0.6276350312500001 0.12677246153846153 0.6250154326923076 0.13430175721153848 0.621921295673077 0.13791503846153846 0.6171604927884615 0.14183593749999998 0.6143055552884615 0.15086914182692307 0.6114969134615384 0.15576171875 0.6112114206730769 0.16020996153846154 0.6131134254807692 0.16623535096153846 0.618441358173077 0.1689453125 0.6269290120192307 0.1845703125 0.6345370360576923 0.18189941346153848 0.6376311730769231 0.18250488221153846
0 1 0.5299560552884615 0.9978125 0.5044677740384615 0.9800424375 0.5007177740384615 0.9640509254807692 0.5067138677884615 0.9413580240384616 0.51904296875 0.934027778846154 0.53271484375 0.923611110576923 0.54833984375 0.9320679014423077 0.5681835937499999 0.944506173076923 0.5846777355769232 0.9551658942307693 0.5794287115384615 0.9770794759615384 0.5651855480769231 0.9877430552884616 0.5569384759615384 0.9989969134615385 0.5509423822115385 1 0.54419921875 1 0.5299560552884615
0 0.5076234567307693 0.7958544927884615 0.4981134254807692 0.8093994134615384 0.4951427475961539 0.821435545673077 0.48503857932692307 0.8372314447115384 0.4826620360576923 0.8530322259615384 0.4820640432692308 0.8733447259615384 0.4820640432692308 0.8876367187499999 0.48503857932692307 0.889140625 0.5254591057692308 0.8959130865384615 0.5474498461538462 0.8921484375000001 0.5884645072115384 0.8786083990384616 0.6051080240384615 0.8771044927884616 0.6116473774038462 0.8628125 0.6116473774038462 0.8545361322115385 0.6092669759615384 0.8244433581730769 0.6080787043269231 0.801875 0.6062962956730769 0.7905908197115384 0.5938155865384616 0.78005859375 0.5843055552884615 0.7672705072115384 0.5837075625 0.7454541009615384 0.5767438269230769 0.7305859375 0.5498263894230769 0.7273974615384616 0.5260532403846153 0.7289013677884615 0.5183256177884615 0.7319091802884615 0.5147569447115384 0.738681639423077 0.5135686730769231 0.7537255865384616 0.5159452163461539 0.7725341802884615 0.5111921298076922 0.7815624999999999 0.5076234567307693 0.7958544927884615
0 0.7000733028846154 0.4464501947115384 0.7048341057692308 0.45749999999999996 0.7066203701923077 0.4605078125 0.7103896610576924 0.4685449230769231 0.7129668221153846 0.47080078125 0.7173302475961538 0.4705517572115384 0.7203047836538462 0.4655322259615385 0.7254629639423077 0.46000976682692307 0.7300270072115385 0.4557421875 0.7326041658653846 0.44921386778846156 0.7367708341346154 0.44042480528846156 0.7391512355769231 0.4369140625 0.7387538581730768 0.42963378846153844 0.736111110576923 0.4267578125 0.7334104927884616 0.423828125 0.7296296298076924 0.42159668028846153 0.7250655865384614 0.42159668028846153 0.7218942908653846 0.42159668028846153 0.7214969134615384 0.42159668028846153 0.7191165120192308 0.4218505865384615 0.7137615745192308 0.42536621153846155 0.7097955240384616 0.428125 0.7046373461538462 0.4318896490384615 0.7034452163461539 0.4364111322115385 0.7000733028846154 0.4406787115384615 0.7000733028846154 0.4464501947115384
0 0.40690200721153846 0.45291503846153847 0.4026041658653846 0.45166015625 0.40111882692307693 0.4508251947115385 0.39913580288461536 0.44873046875 0.39830632692307694 0.44852050721153847 0.39499999999999996 0.44831543028846155 0.39136574038461536 0.44915039182692307 0.3895486105769231 0.45061523557692307 0.38756172836538466 0.45124023317307693 0.38657021634615385 0.4522900384615385 0.3829359567307692 0.45500976682692307 0.37896990625 0.45793456971153845 0.37632330288461535 0.46295898317307693 0.3745061730769231 0.4671435552884615 0.3721913581730769 0.4729980480769231 0.36987654326923075 0.4776025384615385 0.3687191346153846 0.4805322259615385 0.3718595673076923 0.4832519543269231 0.37797453605769227 0.4884814447115385 0.38028935096153843 0.48890136778846155 0.38111496875 0.4928759759615385 0.3807870360576923 0.4991503894230769 0.38111496875 0.5012402355769231 0.3855787043269231 0.49831543028846154 0.38888503125 0.49810546875 0.3925231490384615 0.496640625 0.39467206730769233 0.4949658197115384 0.3979783942307692 0.4941308581730769 0.3997955240384616 0.49245605528846154 0.40211033894230774 0.49078125 0.40359567788461537 0.48952636778846154 0.4057445985576923 0.4876416009615384 0.4072337956730769 0.4868066394230769 0.41235725240384613 0.4872265625 0.41566357932692305 0.4891064447115384 0.41616126442307694 0.4876416009615384 0.41616126442307694 0.48576171875 0.4151697524038462 0.48304199278846155 0.4145061730769231 0.48074218750000003 0.4143402788461538 0.47864746153846155 0.4141743822115385 0.4759277355769231 0.4143518509615385 0.474609375 0.4141743822115385 0.47278808653846155 0.41764660576923074 0.46902343750000003 0.4159953701923077 0.4656787115384615 0.4118634254807692 0.45751953125 0.40971450721153846 0.45626464903846153 0.40690200721153846 0.45291503846153847
0 0.4063040120192308 0.34448242307692306 0.41731095673076923 0.33490722596153844 0.4210956778846154 0.32750488221153845 0.42522376442307697 0.3144433581730769 0.4269444447115385 0.3044287115384615 0.43175925961538464 0.2874511730769231 0.43175925961538464 0.2791796875 0.42935185096153844 0.2735205072115385 0.4255671298076923 0.26437988221153846 0.4190316346153846 0.25915527403846156 0.4032098774038462 0.25828124999999996 0.39770447596153846 0.25828124999999996 0.38601080288461537 0.2669921875 0.38050540144230766 0.2739550769230769 0.37569058653846155 0.28048828125 0.36984182211538463 0.2904980480769231 0.3619290120192308 0.2983349615384615 0.35849151201923074 0.303125 0.3547067908653846 0.30834961057692306 0.35436342548076927 0.3144433581730769 0.3653703701923077 0.3153125 0.3660570985576923 0.3235888677884615 0.36674768509615385 0.33272949278846153 0.37422839423076926 0.345703125 0.3896604927884615 0.337890625 0.39776234615384615 0.3427734375 0.40084876442307693 0.353515625 0.4063040120192308 0.34448242307692306
0 0.786836420673077 0.5063427740384616 0.7809143509615384 0.5205859375 0.7714390432692307 0.535576170673077 0.76669753125 0.5468212884615384 0.7761766971153846 0.5625634759615384 0.782098764423077 0.567060545673077 0.7951273149038461 0.5783056634615384 0.8134915120192308 0.5835498052884616 0.833036264423077 0.585048829326923 0.8401427475961539 0.5745556634615384 0.8549498461538462 0.5528173822115384 0.8614660504807692 0.531826173076923 0.8632407403846154 0.5220849615384615 0.8632407403846154 0.5153369134615384 0.8608719134615386 0.50708984375 0.8502121923076923 0.49509765624999996 0.8294830240384615 0.49509765624999996 0.8123070985576923 0.4943457019230769 0.7986844134615385 0.4943457019230769 0.786836420673077 0.5063427740384616
0 0 0.27690918028846156 0.013861882211538463 0.27961425721153843 0.04881558653846153 0.27690918028846156 0.06593364182692307 0.2624658197115385 0.10516589423076923 0.23989257932692307 0.12228394951923077 0.22184081971153846 0.12727623557692308 0.20829589903846155 0.1294174375 0.19385253846153847 0.12371142067307693 0.17760253846153845 0.1151504639423077 0.1559375 0.1030246923076923 0.14871581971153847 0.07378086538461538 0.1451074230769231 0.05737268509615385 0.13698242307692307 0.04239583413461538 0.1333691394230769 0.03240740625 0.1315625 0.02099537019230769 0.1315625 0 0.1378808605769231 0 0.16225586057692307 0 0.23267089903846155 0 0.26788086057692306 0 0.27690918028846156
0 0.7355208341346154 0.44973632692307697 0.7260609567307692 0.46535156250000004 0.71865740625 0.46795410096153844 0.7129668221153846 0.47080078125 0.71084490625 0.47680663942307694 0.7124884254807693 0.49398437500000003 0.7203047836538462 0.49970703125000004 0.7305864206730769 0.50439453125 0.73798996875 0.5116845697115384 0.7453935192307692 0.5163671875 0.755266204326923 0.5200097644230769 0.7614351850961539 0.521572266826923 0.7791203701923077 0.5153271490384616 0.7811766971153846 0.5106396490384616 0.7828240745192308 0.50283203125 0.7832330240384615 0.4991894543269231 0.7832330240384615 0.49866699278846155 0.7836458341346154 0.49658691346153844 0.7840547836538462 0.48981933653846155 0.7844675937500001 0.4752441394230769 0.7848804014423076 0.45650390625 0.7848804014423076 0.43203613221153847 0.7848804014423076 0.43047363221153845 0.778711420673077 0.4231884759615384 0.7647260793269232 0.42370605528846156 0.75732253125 0.42683105528846155 0.7503279326923077 0.43255859375 0.7433371923076924 0.4362011730769231 0.7384027788461538 0.4440087884615384 0.73634259375 0.44765136778846154 0.7355208341346154 0.44973632692307697
0 0.8484452163461539 0.28327148317307693 0.8512229927884616 0.28979980528846155 0.8528086418269231 0.29431640625 0.8563773149038462 0.2980859375 0.8599498461538461 0.2990869134615385 0.8653047836538461 0.30159668028846154 0.8754205240384615 0.3020996105769231 0.8853395072115385 0.30059570432692306 0.8897029326923077 0.2980859375 0.8912885793269231 0.29230956971153843 0.8916859567307692 0.2855322259615385 0.8891087956730769 0.2777490240384615 0.8863310192307693 0.2719775384615385 0.8825617283653846 0.2682080072115384 0.8774035504807693 0.26645019471153847 0.8738348774038461 0.2631884759615385 0.870659721153846 0.25841796875 0.8647106490384615 0.2498828125 0.8609413581730769 0.24561523557692308 0.8577662043269231 0.24360839903846154 0.8539969134615385 0.24159668028846154 0.8518171298076923 0.24159668028846154 0.8494367283653846 0.24185058653846153 0.8460648149038461 0.24360839903846154 0.8452700624999999 0.24536621153846155 0.8430902788461538 0.24887695192307693 0.8428896610576923 0.24963378846153847 0.842098764423077 0.2556591802884615 0.8422955240384616 0.2624365240384615 0.8434876538461539 0.2702197259615385 0.8466589495192308 0.2797558605769231 0.8484452163461539 0.28327148317307693
0 0.12530092548076924 0.30779296875 0.14462191346153846 0.30779296875 0.16889274759615386 0.3015234375 0.18820987740384615 0.2871044927884615 0.19811728365384618 0.27017578124999997 0.2040625 0.2538769543269231 0.19907407451923076 0.24267578125 0.19861111057692307 0.22566406249999998 0.19135802403846155 0.21142578125 0.17334876442307692 0.19369140625 0.15601466105769232 0.19369140625 0.1451157403846154 0.19682617307692307 0.13273148076923078 0.2156347668269231 0.11836805528846153 0.23068359375 0.10251543269230769 0.24572753846153847 0.08914351923076923 0.2620263677884615 0.08914351923076923 0.2751904302884615 0.09211419711538461 0.2914941394230769 0.09706790144230769 0.29587890624999996 0.11390817788461538 0.30591308653846155 0.12530092548076924 0.30779296875
0 0.545138889423077 0.3154296875 0.5598919759615385 0.3062597668269231 0.5648148149038461 0.318359375 0.5771604927884615 0.33349609375 0.5852623461538461 0.31982421875 0.5987654326923078 0.3154296875 0.6044521610576923 0.29071288942307694 0.6084104927884615 0.27978515625 0.6035918221153846 0.26721679807692306 0.6013078701923077 0.2589013677884615 0.5978819447115384 0.25203125 0.5941666658653847 0.24443847596153848 0.5855979927884616 0.24227050721153848 0.5818865745192308 0.24227050721153848 0.5733179014423077 0.2466113269230769 0.5693171298076923 0.2466113269230769 0.5618904326923077 0.24625 0.559413579326923 0.24609375 0.5570987644230769 0.24609375 0.5547839495192307 0.24658203125 0.55169753125 0.2451171875 0.5501543221153846 0.24755859375 0.5478395072115385 0.2470703125 0.5469097211538462 0.24574218750000001 0.54228009375 0.24595214903846155 0.5356712956730769 0.24887695192307693 0.5260841057692308 0.25578125 0.5166589495192307 0.26624511778846155 0.5112075625 0.2785839831730769 0.5056211418269231 0.28999023317307693 0.5136188269230769 0.30191894471153846 0.5212191346153846 0.3115234375 0.5378086418269231 0.3203125 0.545138889423077 0.3154296875
0 0.22260802403846155 0.53955078125 0.2210841057692308 0.5422021490384615 0.21989197596153845 0.5470214831730769 0.21846450721153848 0.5521435552884616 0.2144174375 0.5611767572115385 0.20775462980769233 0.5714208990384615 0.2068016971153846 0.5759423822115385 0.20013503125 0.5897998052884615 0.19823302403846155 0.598232423076923 0.1977546298076923 0.6063671875 0.2013271610576923 0.6132958990384615 0.20513503125000002 0.612392579326923 0.21751157451923075 0.6057666009615384 0.22584490625 0.6012451177884615 0.23679398076923078 0.5988378918269232 0.24536265384615386 0.5937158197115384 0.2594058653846154 0.588896483173077 0.2679745360576923 0.582568358173077 0.27559027884615384 0.5810595697115384 0.2762345673076923 0.578125 0.27391975240384614 0.5751953125 0.26964120432692307 0.5653955072115384 0.2658179014423077 0.55859375 0.2642746923076923 0.55419921875 0.2501234567307692 0.5385839855769231 0.2460763894230769 0.5307519519230769 0.24107638942307694 0.5304492187500001 0.23536265384615385 0.5304492187500001 0.2256944447115385 0.53564453125 0.22260802403846155 0.53955078125
0 0.8503587956730769 0.7272998052884615 0.8392554014423077 0.7429199230769231 0.8306172836538461 0.7580126947115384 0.8285609567307692 0.7679052740384615 0.8297955240384615 0.7746728509615385 0.8499498461538462 0.7772753918269231 0.8602314807692307 0.7751953125 0.8688695985576923 0.7668652355769231 0.8746257716346153 0.7564550793269231 0.8832638894230769 0.7574951177884616 0.8931365745192308 0.7616601562499999 0.9005401225961538 0.7720703124999999 0.9087654326923077 0.7705078125 0.9190509254807692 0.7653027331730768 0.9276851850961538 0.7538476562499999 0.9379706778846154 0.7486425793269231 0.9437268509615385 0.7429199230769231 0.9482523149038461 0.73771484375 0.9610030865384616 0.7304248052884615 0.9725192908653846 0.7272998052884615 0.9795138894230769 0.7168896490384615 0.9803356490384616 0.7080419927884616 0.9782793221153846 0.6950244134615384 0.9725192908653846 0.68044921875 0.9688194447115385 0.6627490240384616 0.9696412043269231 0.65494140625 0.9618248461538462 0.6393261706730768 0.9478395072115385 0.6377636706730769 0.9392052475961539 0.6388037115384615 0.9223379639423077 0.64140625 0.9108217596153847 0.6440087884615384 0.9050655865384616 0.6460937499999999 0.8943711418269231 0.661708985576923 0.8919020072115385 0.6663964831730769 0.8854166658653846 0.6787109375 0.8742283942307693 0.6904296875 0.8655787043269231 0.7017919927884615 0.8573533942307693 0.7116845697115385 0.8503587956730769 0.7272998052884615
0 0.6338503076923078 0.26359375 0.6268325625 0.25471191346153843 0.6194020072115385 0.25053222596153846 0.6127970673076922 0.2437402355769231 0.6107330240384615 0.23747070432692308 0.6074344134615385 0.22859374999999998 0.6037191346153846 0.22075683653846154 0.5925733028846154 0.21971191346153846 0.5821180552884615 0.22147460817307693 0.5806018509615385 0.23016113221153847 0.5806018509615385 0.23329589903846154 0.5801890432692308 0.2395605480769231 0.5913348774038462 0.24165038942307693 0.5941666658653847 0.24443847596153848 0.6094984567307692 0.27247558653846154 0.6086728389423077 0.29441894471153846 0.6057831778846153 0.3012109375 0.603306326923077 0.3090478509615385 0.6070216057692307 0.3095703125 0.6305478389423077 0.29755371153846155 0.6392168221153847 0.28396972596153847 0.6342631177884616 0.27195312499999996 0.6338503076923078 0.26359375
0 0.484375 0.571806639423077 0.49079089423076927 0.5755566418269231 0.5021450625 0.5799267572115384 0.5100308653846154 0.5849609375 0.5228742283653847 0.5793017572115384 0.5406404326923077 0.572431639423077 0.5465663581730769 0.5599365240384615 0.5475540120192307 0.55056640625 0.5529822524038461 0.540576170673077 0.5589043221153847 0.5330761730769231 0.5668016971153846 0.5262060552884615 0.5677893509615385 0.5180859375 0.5677893509615385 0.5068408197115384 0.5663078701923077 0.5012207019230769 0.5628549374999999 0.48810058653846156 0.5623611105769231 0.48123046875000003 0.5603858028846154 0.46936035096153844 0.5578703701923077 0.466796875 0.5482253076923077 0.46630859375 0.534336420673077 0.470703125 0.5208333341346154 0.4755859375 0.5055979927884615 0.48248046875 0.501651235576923 0.4868505865384615 0.4888155865384615 0.4918505865384616 0.4789467596153846 0.4974707019230769 0.47104938221153847 0.5062158197115385 0.4670987644230769 0.5137109375000001 0.4626581778846154 0.5230810552884615 0.4591049375 0.53759765625 0.45327932211538463 0.55306640625 0.44933256250000003 0.5624365240384616 0.4587075625 0.5686865240384615 0.4715432091346154 0.5699316418269231 0.4799344134615385 0.5699316418269231 0.484375 0.571806639423077
0 0.7535493822115384 0.3398779302884615 0.7549228389423077 0.3429150384615385 0.7559490745192308 0.3511572259615384 0.7559490745192308 0.3563623052884616 0.75732253125 0.36287109375 0.7621219134615385 0.3659082043269231 0.7689737644230769 0.36720703125000004 0.7789158942307692 0.36980956971153844 0.787141204326923 0.36980956971153844 0.7963966057692308 0.36677246153846155 0.79982253125 0.3646044927884615 0.8063348774038462 0.35332519471153845 0.8135339495192307 0.34768554567307697 0.8135339495192307 0.3429150384615385 0.8138773149038462 0.33684081971153845 0.8128472211538462 0.33163574278846153 0.8083912043269231 0.3268652331730769 0.8022222211538461 0.32208984375 0.7974228389423076 0.32208984375 0.7926273149038461 0.32208984375 0.776516204326923 0.3246923822115385 0.7645177475961538 0.32599609375 0.7542361105769231 0.32772949278846153 0.7453240745192308 0.33293945432692307 0.7487538581730769 0.3372753918269231 0.7511535504807691 0.3390087884615385 0.7535493822115384 0.3398779302884615
0 0.628472221153846 0.8115234375 0.6252893509615384 0.8418798822115385 0.6232330240384615 0.8486474615384616 0.6240547836538461 0.8606201177884615 0.6211766971153847 0.8788378918269231 0.6129513894230769 0.8923730480769231 0.6129513894230769 0.896015625 0.6219984567307691 0.897578125 0.6298148149038462 0.897578125 0.6380401225961538 0.897578125 0.6429783942307693 0.894453125 0.6446219134615384 0.8934130865384616 0.6581944447115385 0.89029296875 0.6660108028846154 0.8876855480769231 0.6762924375 0.8819628918269231 0.6816396610576922 0.8788378918269231 0.6886304014423076 0.8731103509615384 0.691921295673077 0.8679052740384615 0.6968595673076923 0.8653027331730769 0.6985030865384616 0.86009765625 0.6985030865384616 0.8517675769230769 0.6976813269230769 0.8444824230769231 0.6960378076923077 0.838232423076923 0.6931558653846154 0.8288623052884615 0.6910995360576924 0.8205371081730769 0.6857523149038461 0.8038769519230768 0.6836959879807692 0.7976318365384615 0.6793981490384616 0.79248046875 0.6763117283653847 0.7841796875 0.6678240745192308 0.779296875 0.6639660504807693 0.775390625 0.6608796298076923 0.7705078125 0.6504629639423077 0.767578125 0.6462654326923077 0.7648339855769231 0.6381172836538462 0.76708984375 0.6323302475961537 0.77490234375 0.6302276225961538 0.7825341802884616 0.6304012355769231 0.79931640625 0.628472221153846 0.8115234375
0 0.5321836418269231 0.4732714831730769 0.5384683653846154 0.47218750000000004 0.54446759375 0.47001953124999996 0.5484645072115385 0.46965820432692307 0.5567515432692308 0.46965820432692307 0.5581790120192308 0.47291015625 0.5598919759615385 0.48303222596153844 0.5636033942307692 0.4917089855769231 0.5653202163461539 0.4938769519230769 0.5713155865384615 0.4938769519230769 0.5778858028846154 0.4938769519230769 0.5870254639423077 0.4895410168269231 0.5944521610576923 0.4823095697115385 0.6024498461538461 0.47833496153846156 0.6026234567307692 0.4755859375 0.6091820985576922 0.458984375 0.6091820985576922 0.45361328125 0.6138773149038461 0.4468847668269231 0.6091820985576922 0.44384765625 0.599023920673077 0.43386718750000003 0.5870254639423077 0.4255566418269231 0.5795987644230769 0.4219384759615385 0.5684606490384615 0.4165185552884615 0.5624614206730769 0.4125390625 0.5586419759615384 0.40869140625 0.5505401225961538 0.4033203125 0.5433256177884616 0.4002490240384615 0.535898920673077 0.39808105528846155 0.5356134254807693 0.39808105528846155 0.530756173076923 0.4002490240384615 0.5287577163461539 0.40422363221153845 0.5261882716346153 0.408203125 0.5221875 0.41760253846153844 0.5161882716346153 0.43458984375000004 0.5124768509615385 0.445078125 0.5096219134615384 0.4606201177884615 0.5133333341346155 0.4703808605769231 0.5224729927884615 0.47435546875 0.5321836418269231 0.4732714831730769
0 0.6155092596153846 0.6137255865384615 0.6216319447115384 0.6092138677884615 0.6303703701923078 0.5934130865384616 0.6357214495192308 0.5678369134615384 0.6268055552884615 0.56181640625 0.61669753125 0.55580078125 0.5976774687499999 0.5512841802884615 0.5881674375 0.5512841802884615 0.576875 0.55880859375 0.5566628076923077 0.5670849615384616 0.5441820985576923 0.5731005865384615 0.5100424375 0.5811767572115385 0.4949845673076923 0.59228515625 0.503086420673077 0.60986328125 0.5192168221153847 0.6220019543269231 0.5447762355769231 0.6272656249999999 0.5536921298076923 0.6310302740384616 0.56736496875 0.6453222644230769 0.5810339495192308 0.6317822259615385 0.5851967596153846 0.6272656249999999 0.6155092596153846 0.6137255865384615
0 0.37875000000000003 0.9078857427884616 0.4068827163461538 0.901015625 0.4128086418269231 0.89794921875 0.41231095673076923 0.8928955072115384 0.41527392067307695 0.8779003918269231 0.4221836418269231 0.8685302740384616 0.42168981490384616 0.8641601562500001 0.4192245360576923 0.86166015625 0.40737654326923073 0.8541650384615385 0.3994791658653846 0.8479150384615385 0.3929089495192307 0.84291015625 0.35900848798076923 0.8685302740384616 0.35653935096153844 0.8772753918269232 0.3486419759615385 0.8866455072115385 0.3481481490384616 0.896015625 0.36788966105769233 0.9078857427884616 0.37875000000000003 0.9078857427884616
0 0.6959876538461539 0.32177734375 0.7040895072115384 0.3232421875 0.7098765432692308 0.32373046875 0.7137345673076924 0.32177734375 0.7168209879807693 0.3212890625 0.71875 0.3203125 0.7214969134615384 0.3224365240384615 0.7214969134615384 0.3209277331730769 0.7209027788461538 0.3191699206730769 0.721836420673077 0.3115234375 0.7199074062499999 0.30078125 0.7151504639423076 0.2933154302884616 0.7119753076923078 0.2905517572115385 0.7028510793269231 0.28884765625 0.6955131177884616 0.28628418028846153 0.692141204326923 0.28628418028846153 0.6875771610576924 0.28804199278846154 0.6824189807692308 0.29582519471153845 0.6790470673076924 0.30511230528846156 0.6758757716346153 0.3141503918269231 0.6730979927884615 0.3221826177884616 0.668931326923077 0.3299658197115385 0.6701234567307692 0.33599121153846156 0.6728395072115384 0.3330078125 0.6763117283653847 0.33056640625 0.6863425937500001 0.32421875 0.6959876538461539 0.32177734375
0 0.37204861057692307 0.738232423076923 0.37924382692307695 0.74853515625 0.38425925961538465 0.75537109375 0.3694907403846154 0.7601220697115385 0.3666242283653846 0.763232420673077 0.37153549278846154 0.7687988269230769 0.3789043221153846 0.7694482427884615 0.38850308653846155 0.76171875 0.4004629639423077 0.765625 0.40551697596153846 0.7707421875 0.41104166586538465 0.7782568365384616 0.4159567908653846 0.7875830072115384 0.4173881177884615 0.793798829326923 0.4282368822115385 0.79755859375 0.44266589423076924 0.7927636730769231 0.45187885817307694 0.7875830072115384 0.47030092548076924 0.7733349615384615 0.4837962956730769 0.76416015625 0.4803240745192308 0.7431640625 0.47439429086538465 0.7215185552884615 0.4733719134615385 0.6956152331730769 0.4723495360576923 0.6567529302884616 0.4692785504807692 0.6515722644230769 0.4521604927884615 0.61865234375 0.4375 0.61865234375 0.42322530769230765 0.61328125 0.4128086418269231 0.619140625 0.4017283942307692 0.6308496105769231 0.39968364182692306 0.6347314447115384 0.38842206730769235 0.64509765625 0.3833063269230769 0.6567529302884616 0.3730709879807692 0.676181639423077 0.3689776225961538 0.6891357427884616 0.35771990624999994 0.7228173822115385 0.3596643509615385 0.73201171875 0.36754629567307695 0.7351220697115385 0.37204861057692307 0.738232423076923
0 0.21850308653846154 0.4110205072115385 0.22158564903846154 0.4019140625 0.2253587956730769 0.39497070192307693 0.22364583413461536 0.3750146490384615 0.22330246875 0.3724121105769231 0.21884644951923077 0.3659082043269231 0.19622299278846153 0.3511572259615384 0.1914236105769231 0.35072265625 0.18799768509615383 0.3563623052884616 0.18559799278846154 0.3646044927884615 0.18559799278846154 0.3728466802884615 0.18287037019230767 0.40625 0.17257330288461536 0.43314453125 0.17908564903846153 0.4357470697115385 0.20307870432692307 0.43314453125 0.21141975240384614 0.43603515625 0.2147337956730769 0.4192626947115385 0.21850308653846154 0.4110205072115385
0 0.58638503125 0.48455078125 0.5730208341346154 0.49886718750000003 0.5686728389423077 0.505859375 0.5686728389423077 0.5166015625 0.5675154326923078 0.529296875 0.5949575625 0.5287988269230769 0.6117515432692308 0.522294923076923 0.6172337956730769 0.5188232427884615 0.6254629639423077 0.51708984375 0.6354012355769231 0.51708984375 0.6453433653846155 0.51708984375 0.6583680552884614 0.51708984375 0.6686496923076923 0.51318359375 0.6751620360576923 0.5105810552884615 0.6772183653846154 0.5023388677884616 0.6801697524038463 0.4931640625 0.6790123461538461 0.4814453125 0.6755401225961539 0.4814453125 0.6755401225961539 0.478515625 0.6720679014423077 0.474609375 0.6666666658653846 0.474609375 0.6620370360576923 0.46875 0.6589506177884614 0.46435546875 0.655625 0.45592285096153845 0.6549382716346154 0.4550537115384615 0.6508256177884615 0.45201660096153845 0.6446566346153847 0.45375 0.6285455240384615 0.45852538942307697 0.6162075625000001 0.4658984375 0.6083217596153846 0.4698046875 0.6024961418269231 0.4784765625 0.58638503125 0.48455078125
0 0.3613618822115384 1 0.3629745360576923 0.9938671875 0.35088734615384615 0.9683691418269231 0.3412152788461539 0.9642871105769231 0.3130092596153846 0.9540869134615384 0.30736882692307693 0.9489892572115385 0.2541782403846154 0.9551074206730769 0.2356404326923077 0.9765283197115384 0.23483410576923078 0.987744141826923 0.2420871923076923 1 0.2662654326923077 1 0.3178433653846154 1 0.3613618822115384 1
0 0.7435146610576923 0.36009277403846157 0.7413310192307693 0.35958984374999997 0.7335956778846153 0.35883788942307693 0.7292322524038461 0.3580859375 0.7242746923076923 0.35732910096153847 0.719911264423077 0.356328125 0.715941358173077 0.3553222668269231 0.7115779326923076 0.35431640625 0.7070177475961539 0.35281250000000003 0.7040393509615386 0.35230956971153843 0.7016628076923077 0.35230956971153843 0.69888503125 0.35281250000000003 0.6941242283653846 0.35582519471153845 0.6897608028846154 0.3580859375 0.6834104927884616 0.3620996105769231 0.6778587956730769 0.3636083990384616 0.6683371923076924 0.3641064447115384 0.6655594134615386 0.36536621153846155 0.6667515432692308 0.3701318365384615 0.6717091057692308 0.371640625 0.677461420673077 0.37590820432692307 0.6806365745192308 0.378671875 0.6822222211538461 0.3824365240384615 0.6869830240384616 0.38645019471153846 0.6947183653846154 0.39724609375000003 0.6984876538461537 0.40076171875 0.6990817908653846 0.40327148317307693 0.7018595673076924 0.4080419927884616 0.7034452163461539 0.40904785096153845 0.7076118822115384 0.4288769543269231 0.7097916658653846 0.4283740240384616 0.7175925937500001 0.421875 0.7245370360576923 0.4111328125 0.7274459879807692 0.40502929807692306 0.7328047836538462 0.402265625 0.7385570985576924 0.3987548822115385 0.744108795673077 0.3964941418269231 0.7510532403846154 0.3947363269230769 0.7538271610576923 0.3947363269230769 0.7560108028846154 0.39523925721153846 0.7607716057692309 0.3977490240384615 0.7649382716346154 0.3977490240384615 0.7667206778846154 0.3957421875 0.7667206778846154 0.3909716802884615 0.7564081778846153 0.3708886730769231 0.7524382716346154 0.3656152331730769 0.7508526225961538 0.36310546875 0.7472839495192307 0.36109863221153843 0.7435146610576923 0.36009277403846157
0 0.32791280769230774 0.37805175721153844 0.3061111105769231 0.36868163942307697 0.2890779326923077 0.36486328125 0.2834915120192308 0.38273925721153845 0.28225694471153845 0.3941894519230769 0.29336033894230773 0.41292968750000003 0.3135146610576923 0.43895996153846156 0.3184529326923077 0.43791992307692307 0.32091820913461533 0.43010742307692307 0.3295563269230769 0.4124121081730769 0.3387345673076923 0.416015625 0.34452160576923074 0.416015625 0.3533950625 0.40625 0.33655092548076926 0.38273925721153845 0.32791280769230774 0.37805175721153844
0 0.8622067908653845 0.41232421874999997 0.8721450625 0.40581543028846156 0.8800308653846154 0.39627441346153847 0.8909992283653847 0.38369140625 0.8964814807692308 0.37328125 0.8978510793269231 0.3606982427884615 0.8937384254807692 0.3494238269230769 0.8838001538461538 0.3472509759615384 0.881743826923077 0.3346728509615385 0.8755748461538461 0.3268652331730769 0.8625501538461537 0.32556152403846156 0.8543209879807693 0.323828125 0.8478086418269231 0.32166015625 0.8392399687500001 0.32252441346153843 0.8476504639423077 0.33247558653846154 0.8567206778846154 0.33380371153846156 0.8550077163461538 0.34638671875000004 0.8460956778846154 0.356796875 0.8440393509615384 0.3606982427884615 0.8416396610576923 0.36980956971153844 0.8385570985576922 0.38239257692307693 0.8365007716346154 0.3902001947115385 0.8450694447115384 0.3902001947115385 0.8484953701923076 0.40017578125000003 0.8515817908653845 0.41015625 0.8622067908653845 0.41232421874999997
0 0.4750771610576923 0.6805029302884615 0.48042438221153844 0.6773779302884615 0.4882407403846154 0.6581201177884615 0.49934799278846154 0.6440625 0.5083950625 0.63365234375 0.5380092596153846 0.6315673822115385 0.5075733028846154 0.611787110576923 0.5005787043269231 0.5982519543269231 0.5075733028846154 0.5847167980769231 0.5014043221153845 0.5821142572115384 0.4882407403846154 0.58107421875 0.4730208341346154 0.5727441394230769 0.4693209879807692 0.5753466802884616 0.45574845673076925 0.5909667956730769 0.45100308653846155 0.5986328125 0.44546296394230767 0.6102246105769231 0.47055555528846155 0.650830079326923 0.4721990745192307 0.65916015625 0.4750771610576923 0.6805029302884615
0 0.815972221153846 0.4208984375 0.8217901225961538 0.43745605528846154 0.827982252403846 0.44111328125000004 0.8366512355769231 0.43328125 0.8449074062499999 0.4322363293269231 0.8453202163461538 0.42126464903846156 0.8457330240384615 0.4113378894230769 0.8444945985576923 0.3987988293269231 0.8365007716346154 0.3902001947115385 0.8268248461538461 0.38971679567307693 0.8148148149038461 0.38671875 0.8028549375 0.380859375 0.7885802475961537 0.37353515625 0.7722569447115385 0.3731982427884616 0.7627623461538462 0.3721533197115384 0.7689544759615384 0.3982763677884616 0.7850540120192308 0.4029785144230769 0.7928973774038461 0.4108154302884615 0.8040393509615384 0.4160400384615385 0.815972221153846 0.4208984375
0 0.8334143509615385 0.7563330072115384 0.8659760793269231 0.7025390625000001 0.8906558653846154 0.6682666009615384 0.9197878076923077 0.6487499999999999 0.9341859567307692 0.6374707043269231 0.942411264423077 0.6296582043269231 0.9403549375 0.6188134759615385 0.9242438269230769 0.60796875 0.9139621923076924 0.6044970697115384 0.9012808653846154 0.5979931634615384 0.8807137355769231 0.5949560552884615 0.8464390432692308 0.5906152331730768 0.830671295673077 0.5988623052884615 0.8169598774038461 0.6071044927884615 0.8035956778846154 0.6240185552884616 0.801878858173077 0.631396483173077 0.8008526225961539 0.7233642572115385 0.8077083341346154 0.7606689447115385 0.8241589495192307 0.7684765625 0.8334143509615385 0.7563330072115384
0 0.24960648076923078 0.3656152331730769 0.2571450625 0.36109863221153843 0.2650771610576923 0.3603417956730769 0.26964120432692307 0.36134765625000004 0.2759876538461538 0.3638574230769231 0.28273148076923077 0.36536621153846155 0.2890779326923077 0.36486328125 0.2926504639423077 0.3641064447115384 0.29483024759615384 0.3620996105769231 0.2980054014423077 0.3603417956730769 0.3035609567307692 0.3540673822115385 0.3049498461538462 0.3467871105769231 0.30316357932692306 0.34076171875 0.2995910504807692 0.33197753846153844 0.29780864182692307 0.3282080072115384 0.2966165120192308 0.32595214903846154 0.2920563269230769 0.32770507692307693 0.28392361057692306 0.33850097596153844 0.28035107932692305 0.33850097596153844 0.27103009375 0.33548828125 0.2559529326923077 0.3282080072115384 0.24663194471153846 0.3251953125 0.24524305528846155 0.32193359374999997 0.2434567908653846 0.32168456971153847 0.23810185096153846 0.33272949278846153 0.23413580288461538 0.34226562499999996 0.22858024759615383 0.35130371153846157 0.23631558653846152 0.3593408197115385 0.24305941346153848 0.36486328125 0.24960648076923078 0.3656152331730769
0 0.25658950721153845 0.8609814447115384 0.25124228365384615 0.8677490240384615 0.2426041658653846 0.8776416009615384 0.2347916658653846 0.8849267572115385 0.22368441346153847 0.895859375 0.21875 0.8984619134615385 0.21504629567307693 0.8995068365384615 0.21258101923076925 0.9036669927884616 0.19983024759615386 0.9198046875 0.19324845673076924 0.9260546875 0.1899575625 0.9328222644230769 0.18954475240384616 0.9401074206730768 0.18831404326923076 0.9505224615384615 0.19283564903846154 0.9624951177884615 0.20353009375 0.9755078125 0.23150077163461538 0.977587889423077 0.24795138942307693 0.9552050793269231 0.25905864182692306 0.9494775384615385 0.26687114182692306 0.9468749999999999 0.2779783942307692 0.9463574206730769 0.29237268509615383 0.9463574206730769 0.3010108028846154 0.9479150384615385 0.31129629567307693 0.9484375 0.31910879567307693 0.9421923822115384 0.32486882692307695 0.93490234375 0.3322723774038462 0.9328222644230769 0.3384413581730769 0.9255322259615385 0.3400848774038462 0.91408203125 0.3396759254807692 0.9041894519230769 0.3396759254807692 0.8979443365384616 0.3396759254807692 0.8896142572115384 0.3392631177884615 0.8698339831730769 0.3330941346153846 0.865146483173077 0.32692515384615384 0.8620214831730769 0.3182870360576923 0.8609814447115384 0.3096489206730769 0.8625439447115385 0.29566357932692305 0.8625439447115385 0.2796219134615385 0.8609814447115384 0.27057484615384614 0.85525390625 0.26358410576923075 0.856298829326923 0.26070216105769234 0.85837890625 0.25658950721153845 0.8609814447115384
0 0.3081674375 0.85853515625 0.2918788581730769 0.7991894519230769 0.2795408942307692 0.7860742187499999 0.2583179014423077 0.7860742187499999 0.21192129567307694 0.7985644519230769 0.13788580288461538 0.8360498052884615 0.0826041658653846 0.8554150384615385 0.057434413461538464 0.9278759759615384 0.0677970673076923 0.9347460937500001 0.12751929086538463 0.9865966802884615 0.15269290144230768 0.9772265625000001 0.1882291658653846 0.9747265625 0.1966203701923077 0.9741015625 0.18329475240384616 0.9484912115384615 0.1882291658653846 0.9222558581730769 0.23709490625 0.876025389423077 0.26128086538461537 0.86103515625 0.2987924375 0.85728515625 0.3081674375 0.85853515625
0 0.5252546298076923 0.1892578125 0.52228009375 0.19427734375 0.5179822524038461 0.19971679807692308 0.5159992283653846 0.20306152403846156 0.5097183653846155 0.21206054807692307 0.5062461418269231 0.21645019471153845 0.5029398149038461 0.22147460817307693 0.5029398149038461 0.2279589855769231 0.5029398149038461 0.23507324278846153 0.5029398149038461 0.24239257932692307 0.5052546298076923 0.24887695192307693 0.5072376538461538 0.25369140625 0.5060802475961539 0.25787597596153844 0.5060802475961539 0.2628955072115385 0.5038580240384616 0.2685546875 0.5057523149038462 0.28109863221153847 0.5069097211538461 0.28109863221153847 0.5112075625 0.2785839831730769 0.5166589495192307 0.26624511778846155 0.5260841057692308 0.25578125 0.5356712956730769 0.24887695192307693 0.54228009375 0.24595214903846155 0.5469097211538462 0.24574218750000001 0.5559413581730769 0.24462890625 0.560628858173077 0.24385742307692307 0.56459490625 0.24197753846153847 0.5748456778846154 0.24532226682692307 0.5769945985576923 0.24427734375000001 0.5766628076923077 0.23800293028846153 0.5774884254807693 0.23046875 0.5796373461538461 0.22398437499999999 0.5821180552884615 0.22147460817307693 0.5852584879807693 0.21770996153846156 0.5898881177884616 0.21582519471153847 0.5903819447115385 0.21017578125 0.59236496875 0.20118164182692308 0.5910455240384616 0.18674316346153846 0.5908796298076923 0.18297851442307692 0.5908796298076923 0.18109863221153846 0.5880671298076924 0.17984375 0.5789776225961538 0.17732910096153848 0.5755054014423077 0.1758691418269231 0.5703819447115385 0.17084472596153846 0.563441358173077 0.16896484375 0.5586458341346154 0.168125 0.5535223774038461 0.16958984375 0.54625 0.1706347644230769 0.5441010793269231 0.17272949278846153 0.5341820985576923 0.17377441346153846 0.5297067908653846 0.1748046875 0.5285493822115385 0.1796875 0.5262345673076922 0.18408203125 0.5252546298076923 0.1892578125
0 0.14412422836538463 0.60181640625 0.15799382692307692 0.5980517572115385 0.18672453605769232 0.5823779302884615 0.20951003124999998 0.5560498052884616 0.22260802403846155 0.53955078125 0.23180169711538462 0.5309716802884615 0.24963348798076923 0.5278369134615384 0.2580555552884615 0.52595703125 0.2600347211538461 0.50025390625 0.25211033894230767 0.48708984375000003 0.24170910576923077 0.47455078125 0.23427855048076923 0.4645214855769231 0.22734182211538462 0.4557421875 0.21991126442307693 0.4519824206730769 0.20802469230769233 0.4519824206730769 0.2001003076923077 0.46577148317307693 0.19266975240384615 0.47455078125 0.18711419711538463 0.484375 0.17438271634615385 0.49462890625 0.15972222115384616 0.509765625 0.15046296394230768 0.51806640625 0.14120370432692309 0.52587890625 0.13348765384615385 0.5380859375 0.1361882716346154 0.56201171875 0.13734567788461538 0.5830078125 0.1396682091346154 0.5930371105769231 0.14412422836538463 0.60181640625
0 0.5903973774038461 0.215546875 0.5949691346153846 0.21625976442307693 0.5989776225961538 0.21625976442307693 0.6026851850961539 0.21770996153846156 0.6078202163461538 0.21988769471153846 0.611828704326923 0.22386230528846152 0.6138271610576923 0.2307324230769231 0.6138271610576923 0.23615234375 0.6152469134615385 0.24084472596153847 0.6235802475961538 0.24987304567307692 0.6250964495192307 0.25039550721153847 0.6270254639423077 0.24812988221153848 0.6336342596153847 0.23958496153846154 0.6372183653846153 0.22407226442307693 0.6405246923076924 0.21622558653846152 0.6425887355769231 0.20803222596153845 0.6453433653846155 0.20228027403846155 0.6463078701923077 0.19635253846153844 0.6460339495192307 0.19391113221153844 0.6442438269230769 0.19007324278846155 0.6425887355769231 0.1874609375 0.6403858028846153 0.18484375 0.6376311730769231 0.18327636778846154 0.6358410504807692 0.18310058653846153 0.6314313269230769 0.18327636778846154 0.6292283942307692 0.18345214903846155 0.6237191346153845 0.1841503894230769 0.6209645072115385 0.1841503894230769 0.6175192908653847 0.18449706971153848 0.6133873461538462 0.18554199278846153 0.6103549375 0.18641601442307693 0.6080131177884616 0.1874609375 0.605536264423077 0.1909472644230769 0.6016782403846154 0.19129394471153846 0.6000270072115385 0.18920410096153845 0.5967206778846154 0.18815918028846154 0.5903819447115385 0.1836230456730769 0.5914351850961539 0.19921875 0.5901195985576924 0.21083984374999998 0.5903973774038461 0.215546875
0 0.42792824038461535 0.20238769471153845 0.4231674375 0.20208496153846156 0.40912422836538465 0.20358886778846155 0.40198302403846153 0.20479492307692307 0.3993672836538461 0.20479492307692307 0.39603394951923077 0.20509765625 0.3924614206730769 0.20600097596153846 0.3881790120192308 0.2129296875 0.38770061778846154 0.22227050721153846 0.39436728365384616 0.2424511730769231 0.4048418221153846 0.25932128846153846 0.42221450721153847 0.26263671875 0.42816743749999997 0.25179199278846154 0.43578317788461535 0.24546386778846155 0.44792438221153846 0.24185058653846153 0.45696759375 0.239140625 0.46696373557692306 0.23341308653846154 0.4683950625 0.22799316346153847 0.46744212980769234 0.21534179807692308 0.4587191346153846 0.203125 0.4457793221153846 0.20630371153846155 0.4374498461538462 0.20509765625 0.42792824038461535 0.20238769471153845
0 0.37400462980769233 0.39280761778846157 0.3719405865384615 0.3997753918269231 0.36953317788461537 0.41500976682692303 0.3705632716346154 0.43024902403846155 0.37400462980769233 0.4359082043269231 0.3836342596153846 0.4389550769230769 0.39051697596153845 0.4467919927884615 0.4152816346153846 0.4537597644230769 0.43402777884615384 0.44775390625 0.44097222115384616 0.4267578125 0.4311072524038462 0.4176220697115385 0.42457175961538457 0.41109375 0.41872299278846153 0.4041259759615385 0.4149382716346154 0.3958544927884615 0.40461805528846156 0.39062988221153844 0.4035879639423077 0.3901953125 0.39877314903846156 0.3875830072115385 0.39051697596153845 0.3880175769230769 0.3801967596153846 0.39062988221153844 0.37400462980769233 0.39280761778846157
0 0.34165509375 0.5441748052884615 0.3429861105769231 0.550234375 0.3456790120192308 0.55859375 0.3530015432692308 0.5612939447115385 0.35876157451923074 0.5607714831730769 0.35917052403846156 0.55712890625 0.36204861057692306 0.55087890625 0.3686304014423077 0.53318359375 0.369375 0.5199072259615385 0.3747993822115384 0.4993457019230769 0.375625 0.4889355480769231 0.3747993822115384 0.487890625 0.3718595673076923 0.4832519543269231 0.35752700721153846 0.47748046875 0.35135802403846156 0.47748046875 0.3361381177884616 0.47956543028846155 0.3246219134615385 0.48633300721153844 0.3213310192307692 0.4868505865384615 0.31288580288461537 0.5185546875 0.3100038581730769 0.5414794927884615 0.33633487740384616 0.5334033197115384 0.34165509375 0.5441748052884615
0 0.7056327163461538 0.2861328125 0.7118055552884616 0.2880859375 0.7161805552884615 0.28522949278846155 0.7185609567307693 0.2837255865384615 0.7204668221153846 0.2786035168269231 0.7204668221153846 0.2737841802884616 0.7204668221153846 0.2656494134615385 0.7204668221153846 0.2581201177884615 0.7199884254807691 0.2539013677884615 0.7195138894230768 0.24787597596153846 0.7173726850961538 0.24335449278846152 0.7147530865384616 0.23853515625000002 0.7083256177884615 0.23070312499999998 0.7047569447115385 0.22738769471153847 0.7009452163461538 0.22407714903846154 0.6940432091346154 0.22045898557692306 0.6904745360576924 0.2192578125 0.6849999999999999 0.21835449278846156 0.6802391971153846 0.21985839903846155 0.6745254639423077 0.22166503846153846 0.663576389423077 0.22377441346153845 0.6592901225961539 0.22377441346153845 0.6526273149038461 0.22377441346153845 0.6481057091346153 0.2246777331730769 0.6454861105769231 0.22769043028846153 0.6404861105769231 0.2325097668269231 0.6376311730769231 0.23974121153846153 0.6364429014423076 0.24486328124999998 0.6364429014423076 0.25118652403846153 0.6377314807692307 0.2607421875 0.6364429014423076 0.26655273317307693 0.6373919759615384 0.2737841802884616 0.6404320985576923 0.28125 0.6381172836538462 0.287109375 0.6476273149038462 0.29607421875 0.6543209879807693 0.294921875 0.6624228389423077 0.3046875 0.67669753125 0.3046875 0.682141204326923 0.30029296875 0.6857137355769231 0.29336425721153847 0.6883333341346154 0.28673828125 0.693568673076923 0.2831201177884615 0.6992824062499999 0.28342285096153846 0.7028510793269231 0.28884765625 0.7042785504807691 0.28884765625 0.7056327163461538 0.2861328125
0 0.8050038581730768 0.35958984374999997 0.7968711418269231 0.3658642572115385 0.794691358173077 0.3746533197115385 0.7976658942307692 0.37666015625000004 0.8028240745192308 0.3789208990384615 0.8087731490384615 0.38017578124999996 0.8161111105769231 0.38369140625 0.8220640432692308 0.38620117307692303 0.8268248461538461 0.38971679567307693 0.8288078701923076 0.3914746105769231 0.8329745360576923 0.3889599615384615 0.8341628076923077 0.3831884759615385 0.8345601850961538 0.3789208990384615 0.837191358173077 0.37451171875 0.8387345673076924 0.3701171875 0.8375771610576923 0.35888671875 0.8414351850961539 0.3564453125 0.8430902788461538 0.3530615240384615 0.8452700624999999 0.349296875 0.8480478389423076 0.3452783197115385 0.8522145072115385 0.34201660096153846 0.8526118822115384 0.3377490240384615 0.8526118822115384 0.3369970697115384 0.852411264423077 0.33373046875 0.8506250000000001 0.3332324206730769 0.8476504639423077 0.33247558653846154 0.8425925937500001 0.333984375 0.8399151225961539 0.33272949278846153 0.8353549375 0.33297851682692303 0.8329745360576923 0.33297851682692303 0.8287037043269231 0.3330078125 0.8218634254807693 0.33147461057692307 0.8186921298076922 0.3309716802884616 0.8177006177884615 0.3312207043269231 0.8135339495192307 0.3334814447115385 0.814726079326923 0.33900390625 0.8136574062499999 0.33984375 0.8140432091346154 0.3408203125 0.8132716057692307 0.3427734375 0.8136574062499999 0.34375 0.8128858028846154 0.345703125 0.8136574062499999 0.34814453125 0.8128858028846154 0.35107421875 0.8050038581730768 0.35958984374999997
0 0.8601504639423077 0.5910498052884615 0.8738425937500001 0.5927734375 0.9005941346153846 0.5992919927884615 0.9132754639423077 0.6075341802884615 0.9270833341346154 0.61181640625 0.9321296298076922 0.60580078125 0.9400115745192308 0.5971240240384615 0.9413850312500001 0.5823730480769231 0.9389853389423077 0.5797705072115384 0.9304166658653846 0.5719628918269231 0.9156751538461538 0.565888673076923 0.8885995360576923 0.5515771490384616 0.8803703701923078 0.5468017572115385 0.8659760793269231 0.5415966802884615 0.8560378076923078 0.5507080072115385 0.852951389423077 0.561552733173077 0.8464390432692308 0.573701173076923 0.8539814807692309 0.592353516826923 0.8601504639423077 0.5910498052884615
0 0.13359182211538462 0.4848535144230769 0.13655092548076925 0.5042187499999999 0.14642361057692307 0.5129638677884615 0.15432098798076924 0.5123388677884615 0.17438271634615385 0.49462890625 0.19084490625 0.4861035168269231 0.18591049278846153 0.46985839903846155 0.17011574038461538 0.46423828125 0.1503742283653846 0.46298828125 0.1350733028846154 0.46548828124999997 0.13359182211538462 0.4848535144230769
0 0.7569444447115384 0.55859375 0.746913579326923 0.55126953125 0.7280324062500001 0.5430078125000001 0.7090084879807693 0.5399999999999999 0.6858294759615385 0.5399999999999999 0.6703742283653846 0.5452685552884615 0.6596759254807693 0.5497802740384615 0.648973764423077 0.5542919927884615 0.639463735576923 0.5723486322115384 0.631736110576923 0.586640625 0.6246026225961538 0.5994335937499999 0.6216319447115384 0.6092138677884615 0.6311419759615385 0.6144775384615385 0.6638348774038462 0.6144775384615385 0.6733449062500001 0.6144775384615385 0.6882060192307692 0.6144775384615385 0.7030671298076924 0.6144775384615385 0.7173302475961538 0.6174853509615384 0.7292206778846153 0.626513670673077 0.7393248461538462 0.6400537115384615 0.7524035504807693 0.6648828125 0.7601273149038461 0.7002392572115385 0.7850925937500001 0.7017431634615385 0.7850925937500001 0.6821826177884615 0.7850925937500001 0.6648828125 0.786878858173077 0.6445703125000001 0.8020833341346154 0.6171875 0.8074845673076924 0.6083984375 0.8163580240384616 0.60009765625 0.8148148149038461 0.59521484375 0.7989969134615384 0.583984375 0.7854938269230769 0.5771484375 0.774691358173077 0.56982421875 0.7569444447115384 0.55859375
0 0.3003317908653846 0.8145849615384615 0.31383487740384614 0.8307763677884614 0.3294714495192308 0.7911962884615384 0.3586111105769231 0.7705078125 0.3749575625 0.7588134759615385 0.3763811730769231 0.74171875 0.36714120432692304 0.7309277355769231 0.35363811778846155 0.717431639423077 0.34013117307692303 0.7093359375 0.32662808653846154 0.6985449206730769 0.2989081778846154 0.6949462884615384 0.24631558653846156 0.6949462884615384 0.18945601923076924 0.717431639423077 0.1524961418269231 0.7363232427884616 0.14822916586538462 0.7633105480769231 0.17168595673076922 0.8100878894230769 0.26763503125 0.7839990240384616 0.2790084879807692 0.78849609375 0.3003317908653846 0.8145849615384615
0 1 0.5595605456730769 0.9836265432692308 0.5633203125 0.9556905865384615 0.5761083990384616 0.9432060192307692 0.5926611322115385 0.9293981490384616 0.60986328125 0.940586420673077 0.61962890625 0.940586420673077 0.6376953125 0.9598765432692308 0.64404296875 0.9747106490384615 0.667138670673077 0.9871913581730769 0.6934667980769231 1 0.7160400384615385 1 0.6949755865384616 1 0.6099658197115384 1 0.5828808605769231 1 0.5595605456730769
0 0.6117245360576923 0.5497802740384615 0.6251003076923076 0.5522900384615385 0.6355015432692308 0.56482421875 0.63896990625 0.56357421875 0.6424382716346154 0.5529150384615384 0.6533333341346155 0.5491552740384615 0.665223764423077 0.5435107427884616 0.6785956778846154 0.5397509759615384 0.6909799375 0.5372412115384615 0.712773920673077 0.53787109375 0.7216898149038461 0.53849609375 0.7350655865384615 0.5422558605769231 0.7442129639423077 0.5498046875 0.7509143509615386 0.5504052740384615 0.76080246875 0.5546875 0.75884259375 0.5428857427884616 0.7581018509615384 0.52490234375 0.7400192908653846 0.5159277331730769 0.7236728389423077 0.5090332019230769 0.7172337956730769 0.5046435552884615 0.7093055552884615 0.50025390625 0.7008873461538462 0.5015087884615385 0.6924652788461538 0.5052685552884616 0.6726504639423077 0.5152978509615385 0.6617554014423077 0.5171826177884615 0.6453433653846155 0.51708984375 0.6340162043269231 0.5203173822115384 0.6241087956730769 0.5209423822115384 0.6122222211538462 0.52533203125 0.5800231490384615 0.5328515625 0.5735841057692308 0.5322265625 0.5686304014423077 0.5322265625 0.5631828701923077 0.534736329326923 0.5656597211538462 0.5403759759615384 0.5735841057692308 0.5441357427884616 0.5859683653846154 0.5466455072115385 0.603306326923077 0.5491552740384615 0.6117245360576923 0.5497802740384615
0 0.20649305528846154 0.6573876947115385 0.2109336418269231 0.6642626947115384 0.2183371923076923 0.6692578124999999 0.23067901201923077 0.6692578124999999 0.25042052403846154 0.6598876947115385 0.2597993822115385 0.652392576923077 0.2751003076923077 0.646142576923077 0.2879320985576923 0.6430224615384615 0.29731095673076924 0.6411474615384616 0.30866126442307695 0.6380224615384615 0.31507716105769235 0.63302734375 0.3195216057692308 0.63115234375 0.3229745360576923 0.62865234375 0.3229745360576923 0.6199072259615386 0.3229745360576923 0.609912108173077 0.31310570913461533 0.6036669927884616 0.3081674375 0.594921875 0.2982986105769231 0.5868017572115385 0.2874382716346154 0.5818017572115385 0.27559027884615384 0.5810595697115384 0.27213734615384616 0.5868017572115385 0.2331442908653846 0.6024169927884615 0.22870370432692308 0.6061669927884615 0.2094521610576923 0.6124121105769231 0.19267361057692306 0.6199072259615386 0.18477623557692308 0.6236572259615384 0.19119212980769232 0.63115234375 0.19513888942307694 0.6398974615384615 0.19859567788461538 0.6473925793269231 0.20649305528846154 0.6573876947115385
0 0.7444868822115385 0.7346630865384616 0.7415277788461538 0.7490283197115384 0.7400462956730769 0.7677685552884616 0.76521990625 0.7877587884615385 0.7805208341346154 0.7915087884615384 0.7913773149038461 0.7977539062500001 0.8061844134615386 0.7902587884615385 0.8126003076923076 0.7671435552884615 0.8135879639423076 0.7596484375 0.8056905865384615 0.7521533197115384 0.801743826923077 0.7390332043269231 0.7859490745192308 0.7109228509615384 0.76669753125 0.6990576177884615 0.7543595673076923 0.7159228509615385 0.7444868822115385 0.7346630865384616
0 0.51259259375 0.6341699206730769 0.5084760793269231 0.6367724615384615 0.5035416658653846 0.6404199230769231 0.5014853389423076 0.6466650384615384 0.4870910504807692 0.6643652331730769 0.4842091057692308 0.6706103509615384 0.47968750000000004 0.6779003894230768 0.4772183653846154 0.6857080072115385 0.4751620360576923 0.6982031249999999 0.4751620360576923 0.70548828125 0.47886188221153847 0.713818360576923 0.4879128076923077 0.7299560552884615 0.4949035504807692 0.73568359375 0.5019290120192308 0.740234375 0.5154320985576922 0.72509765625 0.5212191346153846 0.72802734375 0.5376813269230769 0.70861328125 0.5442631177884615 0.6919531250000001 0.5625 0.669921875 0.5590702163461538 0.6638427740384615 0.5566010793269232 0.653955076923077 0.5483757716346154 0.6341699206730769 0.5393248461538461 0.6289648437500001 0.5228742283653847 0.6310498052884616 0.5191705240384615 0.6326123052884616 0.51259259375 0.6341699206730769
0 0.7413888894230769 0.4316748052884615 0.7459297836538461 0.4316748052884615 0.7569174375000001 0.4238134759615385 0.7688618822115385 0.42260742307692306 0.7803279326923077 0.4220019519230769 0.7853433653846154 0.4247216802884616 0.7867785504807692 0.4310693365384616 0.7891666658653846 0.4873046875 0.7975270072115385 0.4918408197115385 0.8175925937499999 0.4870019543269231 0.8338348774038462 0.4876074206730769 0.8488850312499999 0.49002441346153847 0.8550964495192308 0.49062988221153847 0.8558140432692307 0.4876074206730769 0.8515123461538461 0.48216308653846157 0.8429783942307693 0.4775390625 0.8364621923076924 0.46130371153846156 0.824996141826923 0.44104980528846155 0.8128163581730768 0.4319775384615384 0.8085146610576923 0.42260742307692306 0.7989583341346154 0.4174658197115385 0.7939429014423076 0.4138378918269231 0.7788927475961539 0.4074902355769231 0.7693402788461537 0.4044677740384615 0.7628896610576923 0.40416503846153845 0.7612152788461538 0.40386230528846156 0.7573958341346153 0.4032568365384615 0.7545293221153847 0.40265136778846156 0.7483179014423077 0.40234863221153844 0.7366126538461538 0.40265136778846156 0.7274459879807692 0.40502929807692306 0.7270563269230769 0.4174658197115385 0.7320756177884615 0.42048828125 0.7370910504807693 0.4241162115384615 0.7401967596153847 0.4277441418269231 0.7413888894230769 0.4316748052884615
0 0.38413194471153844 0.5759423822115385 0.3884182091346154 0.58287109375 0.39103394951923076 0.5861816394230769 0.39746142067307694 0.590703125 0.4036496923076923 0.5870849615384615 0.4098379639423077 0.584072266826923 0.4143595673076923 0.582265625 0.41864583413461537 0.5798583990384615 0.4226929014423077 0.5789550793269231 0.4291203701923077 0.5786523437500001 0.4353086418269231 0.5798583990384615 0.43935570913461536 0.5795556634615384 0.44506558653846157 0.5753369134615385 0.4469714495192308 0.5708203125 0.4476851850961538 0.5662988269230769 0.4488773149038462 0.55666015625 0.4533989206730769 0.5491308581730769 0.4564930552884615 0.540390625 0.46030092548076923 0.5343652355769231 0.46292052403846157 0.5277392572115385 0.46482253125 0.522919923076923 0.4660146610576923 0.5171972668269231 0.46696373557692306 0.51328125 0.46696373557692306 0.5129785144230768 0.4617283942307692 0.5084619134615385 0.45839506249999995 0.5063525384615384 0.45077932211538463 0.5060498052884616 0.4460185192307692 0.50544921875 0.4343557091346154 0.5018310552884615 0.43102237740384614 0.5018310552884615 0.4226929014423077 0.5021337884615384 0.4200733028846154 0.49912109375 0.4191203701923077 0.4939990240384615 0.4131712956730769 0.4891796875 0.4105516971153846 0.4864697259615385 0.40936342548076926 0.4864697259615385 0.3967476850961538 0.49369628846153846 0.3903202163461538 0.4955078125 0.38627314903846155 0.5003271490384615 0.37961033894230767 0.5030371105769231 0.3738966057692308 0.5066503894230769 0.3722299375 0.508759766826923 0.3698495360576923 0.5159912115384615 0.369375 0.5199072259615385 0.3699845673076923 0.52685546875 0.37229938221153847 0.5439453125 0.3779436730769231 0.5506347668269231 0.38270447596153845 0.5687109375 0.38413194471153844 0.5759423822115385
0 0.27304398076923075 0.33460449278846155 0.2813734567307692 0.3358105480769231 0.28637345673076925 0.3321972668269231 0.28804012259615386 0.32589843749999997 0.28280478365384615 0.31984375000000004 0.27661651201923076 0.31412109374999997 0.2659027788461538 0.31412109374999997 0.25876157451923076 0.3177636706730769 0.2530516971153846 0.3246923822115385 0.2540007716346154 0.3267724615384615 0.26185570913461537 0.3321972668269231 0.27304398076923075 0.33460449278846155
0 0.28864583413461536 0.6948046875 0.3156712956730769 0.6948046875 0.3239429014423077 0.700390625 0.3333217596153846 0.7031835937500001 0.3426967596153846 0.7108642572115385 0.3559336418269231 0.7164453125 0.35924382692307694 0.7101660144230769 0.3752391971153846 0.6801464855769231 0.3653125 0.6529248052884615 0.3520756177884615 0.63826171875 0.33111496875 0.6333740240384615 0.3156712956730769 0.63546875 0.28086419711538463 0.64013671875 0.2434182091346154 0.6710742187500001 0.2230092596153846 0.689921875 0.20591049278846155 0.70876953125 0.255 0.6934130865384615 0.26603009375000003 0.6948046875 0.28864583413461536 0.6948046875
0 0.4813310192307692 0.27544921875 0.4743402788461539 0.28117675721153845 0.4640547836538461 0.29471191346153847 0.46241126442307695 0.30512206971153844 0.4619984567307692 0.31188964903846156 0.4455478389423077 0.32542480528846157 0.4463695985576923 0.33375488221153843 0.4578858028846154 0.3426025384615385 0.4735146610576923 0.3426025384615385 0.4942129639423077 0.34765625 0.5051890432692308 0.2952294927884615 0.5121797836538462 0.2749267572115385 0.49819444471153845 0.27232421875 0.4813310192307692 0.27544921875
0 0.14775848798076924 0.6705078124999999 0.13048225240384614 0.6867480456730769 0.12357253125 0.7111132812500001 0.13146990625000002 0.7136083990384615 0.1457831778846154 0.7217333990384615 0.15861496875 0.7223535168269231 0.17391589423076922 0.7173583990384615 0.18082561778846154 0.7173583990384615 0.18971064903846152 0.7129833990384615 0.20649305528846154 0.70798828125 0.22475308653846152 0.6848730456730769 0.2055054014423077 0.6705078124999999 0.17786651201923076 0.6505175793269231 0.16256558653846154 0.649267579326923 0.14775848798076924 0.6705078124999999
0 0.3280709879807692 0.794833983173077 0.32635802403846154 0.8002539062499999 0.32035879567307696 0.819775391826923 0.3180748461538461 0.8262841802884615 0.3143595673076923 0.8396582019230769 0.31378857932692306 0.8436328125 0.3189313269230769 0.8512255865384616 0.3309297836538461 0.86134765625 0.3409259254807692 0.8653271490384615 0.35206404326923074 0.8660498052884615 0.3692013894230769 0.8562890625 0.3797723774038462 0.8486962884615384 0.3929089495192307 0.84291015625 0.42004629567307694 0.8418261706730769 0.42375771634615383 0.8313427740384616 0.4248996923076923 0.8179687499999999 0.42576003125 0.8096533197115385 0.4254706778846154 0.8078466802884615 0.42322530769230765 0.79833984375 0.41396605048076923 0.791015625 0.4112654326923077 0.7841796875 0.4043364206730769 0.7771191418269231 0.4014776225961538 0.7713330072115384 0.3977662043269231 0.7695263677884616 0.39205246875 0.7684423822115385 0.3850308653846154 0.76611328125 0.37320216105769227 0.7706103509615385 0.36606095673076927 0.7695263677884616 0.36177469230769227 0.7695263677884616 0.35006558653846154 0.7695263677884616 0.3437808653846154 0.774951170673077 0.33578317788461537 0.7796484375 0.3326427475961538 0.7850732427884615 0.3280709879807692 0.794833983173077
0 0.06993441346153846 0.4280224615384615 0.07588734615384615 0.4286279302884616 0.08516975240384615 0.4298339831730769 0.09373842548076923 0.43254394471153845 0.10682870432692308 0.43073730528846155 0.11373070913461537 0.42591796875 0.12634644951923077 0.42079589903846154 0.12944058653846155 0.41085449278846153 0.12753857932692308 0.3972949206730769 0.12682484615384615 0.3879589855769231 0.11278163461538462 0.38524902403846156 0.10682870432692308 0.38524902403846156 0.09778549278846153 0.3858496105769231 0.08969135817307693 0.3870556634615384 0.06945987740384615 0.39006836057692307 0.05303626442307692 0.3972949206730769 0.05398919711538462 0.4075390625 0.05708333413461538 0.41868652403846157 0.06112654326923077 0.4271191418269231 0.0616049375 0.4271191418269231 0.06993441346153846 0.4280224615384615
0 0.5604629639423077 0.40892578125 0.5647492283653845 0.41326171875 0.5784567908653846 0.4219384759615385 0.5875964495192307 0.4262792980769231 0.5987384254807693 0.43567871153846155 0.6124498461538461 0.44109863221153844 0.6207330240384615 0.4465234375 0.6244444447115385 0.44977538942307693 0.6295871923076923 0.45266601442307697 0.6361882716346153 0.4560546875 0.6475810192307693 0.45302734375 0.6547222211538462 0.45592285096153845 0.65986496875 0.45592285096153845 0.6667168221153846 0.450859375 0.6735725312499999 0.4468847668269231 0.6817129639423077 0.431640625 0.6727160504807692 0.4172412115384615 0.65986496875 0.40603515625000003 0.6481520072115384 0.39771972596153843 0.638888889423077 0.38623046875 0.6230709879807693 0.380859375 0.6010223774038461 0.36482421875 0.5914351850961539 0.3603515625 0.5801697524038462 0.35216796875 0.57330246875 0.3447265625 0.5578935192307692 0.34312988221153845 0.5498958341346154 0.34276855528846156 0.5404668221153845 0.34240722596153844 0.5313271610576923 0.34240722596153844 0.5253317908653846 0.35542480528846154 0.5173341057692308 0.3659082043269231 0.5201890432692308 0.3818115240384615 0.5219020072115385 0.39157226682692303 0.5296141971153846 0.39844238221153844 0.5447530865384616 0.40241699278846155 0.5513233028846154 0.4045849615384615 0.5604629639423077 0.40892578125
0 0.9734606490384615 0.5052294927884615 0.9820293221153846 0.5023388677884616 0.9826003076923077 0.5005322259615385 0.9791743822115385 0.49474609375 0.9626041658653846 0.48643066346153846 0.9551813269230769 0.48498535096153844 0.945752314903846 0.4835400384615385 0.9394714495192308 0.48317871153846154 0.9337577163461539 0.48751464903846153 0.9237615745192307 0.4972753894230769 0.9200462956730769 0.515712891826923 0.9231905865384615 0.5261962884615385 0.9259259254807692 0.54248046875 0.9474691346153846 0.517158204326923 0.9571759254807692 0.51025390625 0.9734606490384615 0.5052294927884615
0 0.7172183653846154 0.24357421875000002 0.7206442908653846 0.26439453125 0.7220177475961538 0.26439453125 0.7487538581730769 0.26699706971153847 0.7521797836538462 0.27523925721153847 0.76040509375 0.26959960817307693 0.7617785504807693 0.2591894543269231 0.7669174375 0.24574218750000001 0.7686342596153846 0.22795410096153848 0.7686342596153846 0.21190429567307692 0.7658912043269231 0.20540038942307692 0.7631481490384615 0.19585449278846154 0.7566358028846154 0.18587890625 0.751836420673077 0.1758984375 0.7425810192307692 0.17329589903846154 0.7196180552884616 0.17286132932692308 0.7076195985576923 0.17459960817307693 0.6870563269230769 0.18630859375 0.6817129639423077 0.193359375 0.680941358173077 0.2021484375 0.6832561730769231 0.2177734375 0.7017939807692308 0.224921875 0.7134490745192308 0.23706543028846155 0.7172183653846154 0.24357421875000002
0 0.9025733028846153 0.46577148317307693 0.9075270072115385 0.4647314447115385 0.9062885793269231 0.4412207019230769 0.9046373461538462 0.4307714855769231 0.8992708341346154 0.4161425769230769 0.8906018509615384 0.40255859374999997 0.8839969134615384 0.3994238293269231 0.8721450625 0.40581543028846156 0.8650077163461538 0.4124853509615385 0.8509760793269231 0.42763671875 0.8555131177884616 0.43390625 0.8600540120192307 0.4391308605769231 0.8612924375000001 0.44696777403846155 0.8658333341346154 0.48562500000000003 0.8819328701923077 0.49241699278846157 0.8918402788461539 0.47099609374999996 0.8984452163461539 0.46838378846153844 0.9025733028846153 0.46577148317307693
0 0.2826041658653846 0.5832275384615385 0.29111496875 0.583564454326923 0.29670138942307694 0.5855810552884615 0.3022878076923077 0.5882763677884616 0.30867283894230774 0.5926513677884615 0.31106481490384613 0.5993847668269231 0.31532021634615387 0.60443359375 0.31957947596153846 0.6074658197115385 0.3229745360576923 0.609912108173077 0.3259606490384615 0.61857421875 0.3299498461538462 0.623623048076923 0.3331442908653846 0.6266552740384616 0.3376658942307692 0.6222753894230769 0.3421875 0.6104931634615385 0.34670910576923075 0.5977001947115385 0.3472415120192308 0.587265625 0.34697530769230767 0.5754833990384616 0.34645061778846153 0.56494140625 0.3456790120192308 0.55859375 0.3429861105769231 0.550234375 0.34165509375 0.5441748052884615 0.33633487740384616 0.5334033197115384 0.32835648076923074 0.533740233173077 0.31824845673076924 0.5367675769230769 0.3100038581730769 0.5414794927884615 0.2929783942307692 0.5519189447115385 0.28473379567307694 0.5579785168269231 0.2778163581730769 0.5711083990384616 0.27808256249999996 0.5785107427884616 0.27941357932692307 0.5825537115384616 0.28047839423076926 0.5825537115384616 0.2826041658653846 0.5832275384615385
0 0.3994791658653846 0.587841798076923 0.37654320913461536 0.58837890625 0.3538233028846154 0.6091845697115384 0.34148533894230765 0.6247998052884616 0.3418981490384615 0.6268847668269231 0.36575231490384613 0.6471875 0.3735686730769231 0.652392576923077 0.37644675961538465 0.65759765625 0.3859066346153846 0.6534326177884615 0.39413194471153845 0.6440625 0.40153549278846157 0.63208984375 0.41140817788461537 0.6237597644230769 0.43773148076923074 0.61126953125 0.4385532403846154 0.5914843750000001 0.43485339423076924 0.5753466802884616 0.4068827163461538 0.58263671875 0.3994791658653846 0.587841798076923
0 0.26798996875000003 0.49884765625 0.2620679014423077 0.5025927740384616 0.2620679014423077 0.5168359375 0.2620679014423077 0.532578125 0.2650308653846154 0.53857421875 0.26858410576923075 0.545322264423077 0.2691743822115385 0.545322264423077 0.2804282403846154 0.5460693365384615 0.28694444471153846 0.5430712884615384 0.28812885817307693 0.5430712884615384 0.29346064903846153 0.5468212884615384 0.2952353389423077 0.5468212884615384 0.31365740625 0.53955078125 0.31288580288461537 0.5185546875 0.3130054014423077 0.50109375 0.29641975240384616 0.49359863221153844 0.26798996875000003 0.49884765625