0 0.07838348798076923 0.4820703125 0.0922916658653846 0.49175293028846156 0.09890046394230768 0.49131347596153846 0.1037654326923077 0.4781103509615384 0.11454475240384615 0.45258788942307693 0.11524305528846154 0.4424658197115384 0.11419753125 0.43366210817307693 0.10759259374999999 0.4222216802884615 0.09542052403846155 0.41341796875000003 0.08394675961538461 0.4046191394230769 0.07386188221153846 0.397578125 0.058217593750000005 0.3878955072115385 0.047438271634615385 0.37689453125 0.03735339423076923 0.3764550769230769 0.028314043269230767 0.3760107427884615 0.024486882211538462 0.37997558653846153 0.025532406249999997 0.38569335817307693 0.026921295673076922 0.3922949206730769 0.025532406249999997 0.4032958990384615 0.02587962980769231 0.4112207043269231 0.02657407451923077 0.41649902403846156 0.025532406249999997 0.43410156250000004 0.037006173076923075 0.44818359375 0.043962192307692306 0.45654785096153844 0.06516975240384616 0.47458984374999996 0.07838348798076923 0.4820703125
0 0.8019444447115384 0.5304345697115385 0.8161998461538461 0.5401171875 0.829066358173077 0.541435545673077 0.8422762355769231 0.5427587884615385 0.8478433653846154 0.54671875 0.854101079326923 0.5528808581730769 0.8697492283653846 0.553759764423077 0.8798302475961539 0.553759764423077 0.8833101850961539 0.5506787115384616 0.8826118822115384 0.54099609375 0.8815702163461538 0.5295556634615385 0.8791358028846153 0.5185546875 0.8777430552884616 0.5101904302884616 0.8746141971153846 0.4961083990384615 0.870443673076923 0.48246581971153846 0.8673148149038461 0.47234375 0.8620987644230769 0.4657421875 0.8530555552884616 0.4578222644230769 0.8464506177884614 0.45342285096153845 0.8401929014423076 0.4485791009615384 0.8367129639423077 0.44682128846153846 0.829066358173077 0.4485791009615384 0.8224575624999999 0.45078125 0.8168942908653847 0.4547412115384616 0.8078549375 0.4587011706730769 0.8043788581730769 0.4600244134615385 0.7984645072115384 0.4635449230769231 0.7915123461538461 0.46750488221153846 0.7762114206730769 0.4727832019230769 0.7727353389423077 0.47586425721153847 0.7678665120192308 0.48202636778846153 0.7689120360576923 0.4895068365384615 0.7730825625000001 0.49435058653846153 0.7765586418269231 0.506669923076923 0.7803858028846153 0.5154736322115384 0.7894251538461539 0.5220751947115384 0.8019444447115384 0.5304345697115385
0 0.06645061778846154 0.29343749999999996 0.06809027884615385 0.3029931634615385 0.07842978365384615 0.3181542980769231 0.08712577163461538 0.3316552740384615 0.09303626442307691 0.3295751947115385 0.09927083413461538 0.318984375 0.10337191346153846 0.3112988293269231 0.10517746875 0.2986328125 0.10074845673076924 0.28783203125 0.09270447596153845 0.27412109375 0.0859799375 0.27142089903846156 0.07645833413461539 0.27287597596153845 0.07186342548076924 0.2732910168269231 0.06841820913461538 0.2768212884615385 0.06645061778846154 0.29343749999999996
0 0.8449421298076923 0.2676123052884615 0.8465509254807693 0.27092285096153845 0.8499729927884616 0.27627441346153847 0.8584220673076923 0.27321777403846154 0.8706983028846154 0.27321777403846154 0.8751234567307692 0.27397949278846156 0.88196759375 0.2701611322115384 0.8861921298076924 0.26710449278846154 0.8902160504807692 0.26201171875 0.8912229927884615 0.2558984375 0.89303240625 0.2490234375 0.8940393509615384 0.2421484375 0.89303240625 0.23832519471153846 0.8871990745192307 0.23526855528846152 0.8845833341346154 0.23374023317307693 0.8793479927884615 0.2327246105769231 0.8739158942307692 0.23170410096153848 0.8690856490384615 0.23170410096153848 0.8638541658653847 0.23094238221153846 0.8608371923076923 0.23094238221153846 0.857013889423077 0.23094238221153846 0.8537962956730769 0.2334863293269231 0.8527893509615385 0.23552734375 0.8473533942307692 0.23781738221153845 0.8445370360576923 0.24291015624999998 0.8429282403846153 0.24774902403846152 0.8429282403846153 0.2581933581730769 0.8449421298076923 0.2676123052884615
0 0.15110725240384615 0.37312011778846155 0.14094521634615384 0.36504394471153845 0.14354552403846152 0.3560693365384615 0.13527392067307692 0.3476953125 0.12747685096153846 0.33902343749999997 0.10290123557692307 0.3372314447115385 0.08824845673076923 0.3327441394230769 0.07076003125 0.33124511778846155 0.04996527884615384 0.329453125 0.0353125 0.32287109375 0.025389661057692307 0.32078124999999996 0.026334877403846154 0.3387255865384615 0.030115740384615383 0.3665380865384616 0.029641204326923076 0.3755126947115385 0.04712962980769231 0.37700683653846156 0.06130787019230769 0.3844824206730769 0.07714120432692308 0.39495117307692307 0.0922646610576923 0.40063476442307694 0.10928240624999999 0.39555175721153846 0.13125771634615385 0.3937548822115385 0.14614583413461538 0.3877734375 0.15110725240384615 0.37312011778846155
0 0.3998881177884615 0.5695556634615385 0.4035339495192308 0.5581640625 0.40854938221153847 0.5472021490384615 0.4078665120192308 0.5420068365384615 0.3986342596153846 0.5391259759615384 0.3883796298076923 0.5391259759615384 0.3766396610576923 0.5402783197115385 0.37048611057692304 0.5375390625 0.3631905865384616 0.5389794927884616 0.35521605048076926 0.5414306634615385 0.34131172836538465 0.5500830072115385 0.33720679086538463 0.553544923076923 0.33082561778846153 0.5558544927884616 0.32945987740384614 0.5645068365384616 0.3376658942307692 0.5708544927884616 0.34632716105769235 0.57994140625 0.3513387355769231 0.5890283197115385 0.34610339423076925 0.59697265625 0.3604552475961539 0.5939306634615384 0.3767554014423077 0.5903271490384616 0.3883796298076923 0.5835498052884616 0.3973804014423077 0.5785009759615385 0.3998881177884615 0.5695556634615385
0 0.631736110576923 0.4401269543269231 0.6451504639423077 0.45556152403846156 0.651246141826923 0.46327636778846154 0.651246141826923 0.47871093750000004 0.6658796298076923 0.48642578125 0.6817283942307693 0.49105468750000003 0.6988001538461539 0.47871093750000004 0.7048958341346154 0.46327636778846154 0.7097723774038461 0.44784668028846153 0.718310185096154 0.4293261706730769 0.7390393509615384 0.42778320432692307 0.7378163581730769 0.39537597596153845 0.7219675937500001 0.37994140625 0.7000192908653846 0.3753125 0.6805092596153847 0.3922900384615385 0.6658796298076923 0.3922900384615385 0.6439313269230769 0.4046337884615384 0.632955247596154 0.4200683581730769 0.631736110576923 0.4401269543269231
0 0.5189583341346153 0.23022949278846155 0.5114621923076923 0.23420410096153846 0.5068672836538461 0.24247070192307693 0.5032407403846154 0.25042480528846156 0.5001003076923077 0.25929687500000004 0.4969560192307692 0.26848144471153845 0.5003395072115384 0.28071777403846154 0.5056597211538462 0.2810253894230769 0.5221026225961538 0.27796386778846155 0.5385416658653847 0.26939941346153845 0.5455555552884616 0.25868652403846154 0.545798610576923 0.23053222596153844 0.5370910504807692 0.22563964903846154 0.5310493822115384 0.22594238221153845 0.5189583341346153 0.23022949278846155
0 0.1441358028846154 0.6210205072115385 0.1369174375 0.6133349615384616 0.12231095673076922 0.6135400384615385 0.10852623557692308 0.6141650384615385 0.0985146610576923 0.6077246081730769 0.08817515384615385 0.6060644543269231 0.07209490625000001 0.6081396490384615 0.0658603389423077 0.6179052740384615 0.06011574038461538 0.6293261730769231 0.06421682211538461 0.6446972644230768 0.07455632692307693 0.6496826177884615 0.08965277884615384 0.6486425769230769 0.09966435096153846 0.6521728509615384 0.1034375 0.65404296875 0.11427083413461539 0.6496826177884615 0.1311728389423077 0.6482275384615386 0.14479552403846155 0.6411669927884615 0.1441358028846154 0.6210205072115385
0 0.4037229927884616 0.5496972644230769 0.40435956730769235 0.565478514423077 0.41347607932692304 0.5589550793269231 0.4268904326923077 0.5589550793269231 0.44518132692307694 0.560498048076923 0.47200617307692305 0.5589550793269231 0.48419753125000004 0.5574121081730768 0.5134606490384616 0.5558691418269232 0.5341898149038461 0.5342626947115384 0.5354089495192308 0.5250048822115384 0.53053240625 0.50802734375 0.5354089495192308 0.48333984375 0.5293132716346154 0.46173339903846156 0.5134606490384616 0.4493896490384615 0.5000501538461538 0.43704101442307697 0.48297839423076927 0.43704101442307697 0.47195216105769233 0.4365234375 0.45543981490384616 0.4441894543269231 0.4390817908653846 0.45219726682692307 0.42445216105769235 0.46327636778846154 0.4085995360576923 0.46790527403846155 0.3976273149038461 0.47871093750000004 0.3842129639423077 0.49722656249999997 0.3781172836538461 0.5157470697115385 0.3768981490384615 0.5342626947115384 0.39518904326923077 0.5296337884615384 0.4037229927884616 0.5496972644230769
0 0.6496103389423078 0.5147412115384615 0.6505401225961538 0.509599610576923 0.6505401225961538 0.5054541009615384 0.6496103389423078 0.5007568365384615 0.6475154326923077 0.49646484375 0.6462345673076922 0.49338378846153846 0.6441358028846154 0.48572265625 0.6434375 0.48203613221153846 0.6422723774038462 0.47789550721153845 0.6409915120192308 0.47363769471153844 0.6378472211538462 0.46936035096153844 0.6350540120192308 0.4692138677884615 0.6287808653846153 0.47021484375 0.6172376538461539 0.47214843749999996 0.612461420673077 0.47319336057692307 0.6078047836538462 0.4751123052884615 0.5998842596153846 0.4783544927884616 0.5967438269230769 0.48115234375000004 0.5972067908653846 0.4848388677884615 0.5995370360576924 0.4877832019230769 0.6008179014423077 0.4958935552884615 0.5975578701923077 0.5025244134615384 0.5984876538461539 0.510185545673077 0.6018672836538461 0.5172607427884615 0.6043094134615384 0.5250732427884615 0.6108333341346154 0.5377490240384616 0.6192168221153846 0.5452636730769231 0.6235262355769231 0.549833983173077 0.6303973774038462 0.5529296875 0.6345871923076923 0.54673828125 0.6369174375 0.5404003918269231 0.6400462956730769 0.5330078125 0.6491512355769231 0.529345701923077 0.6487962956730768 0.52462890625 0.6484452163461539 0.5212402355769231 0.6496103389423078 0.5147412115384615
0 0.43542438221153845 0.6515478509615384 0.43176697596153846 0.6824121105769231 0.43176697596153846 0.7163623052884615 0.44152006250000003 0.7348828125 0.45859182211538463 0.744140625 0.4768827163461538 0.7410546875 0.49761188221153846 0.7472265625 0.5171219134615385 0.756484375 0.5317515432692308 0.75802734375 0.5585763894230769 0.756484375 0.5756481490384615 0.7518554687500001 0.5780864206730769 0.73025390625 0.5793055552884615 0.7132763677884615 0.5793055552884615 0.6885839855769231 0.5671141971153847 0.6716113269230769 0.5536998461538462 0.6515478509615384 0.5439467596153846 0.6453759759615385 0.5293132716346154 0.631484375 0.5146797836538461 0.61142578125 0.5024884254807692 0.6006201177884616 0.4854166658653846 0.5959912115384616 0.46468750000000003 0.5959912115384616 0.4464004639423077 0.60833984375 0.44152006250000003 0.6253124999999999 0.43542438221153845 0.6515478509615384
0 0.58392746875 0.34736328125000004 0.5811458341346154 0.3425244134615385 0.5776658942307692 0.3368017572115385 0.5641049375 0.32667968750000004 0.5575 0.32667968750000004 0.5526311730769231 0.32932128846153846 0.5380285504807693 0.3354833990384615 0.5258564807692307 0.33812011778846157 0.5175115745192308 0.34560546875 0.5154282403846154 0.35616699278846153 0.5178587956730769 0.3627685552884615 0.5269020072115385 0.3693652331730769 0.5335069447115385 0.3777294927884615 0.5394174374999999 0.38697265625 0.5456790120192307 0.3900488269230769 0.5564583341346154 0.38873046875 0.5724498461538462 0.3834521490384616 0.5874035504807693 0.37685058653846154 0.5894907403846154 0.3614453125 0.5877507716346154 0.3579248052884615 0.58392746875 0.34736328125000004
0 0.25984182211538465 0.21944824278846153 0.27813271634615383 0.21327636778846154 0.30251929086538465 0.20556152403846153 0.32446759375 0.18858398557692307 0.3366589495192308 0.18086914182692307 0.3366589495192308 0.15771972596153847 0.3147106490384616 0.15154785096153847 0.28499228365384616 0.13134765625 0.26994598798076924 0.12700195432692307 0.2525270072115385 0.10525390625 0.2410879639423077 0.12280273557692307 0.24309413461538462 0.1359375 0.2342361105769231 0.15771972596153847 0.22692129567307692 0.1870410144230769 0.2452121923076923 0.20710449278846152 0.25984182211538465 0.21944824278846153
0 0.7759297836538461 0.16679199278846155 0.7730285504807692 0.1716894543269231 0.7674652788461539 0.18117675721153845 0.7677083341346154 0.18916015625 0.768433641826923 0.19739257932692308 0.7723032403846154 0.20507324278846153 0.7790702163461538 0.21422363221153845 0.7899537043269231 0.22676757932692307 0.7996219134615384 0.23445312499999998 0.8196913581730769 0.23595214903846154 0.8233179014423077 0.225546875 0.8134066346153846 0.20751953125 0.8056674374999999 0.19283203125 0.7984143509615385 0.17138183653846153 0.7899537043269231 0.15271484375 0.7822145072115384 0.15366210817307693 0.7797955240384616 0.15761230528846154 0.7759297836538461 0.16679199278846155
0 0.1696103389423077 0.34136230528846156 0.17692901201923078 0.3521630865384615 0.1891203701923077 0.3521630865384615 0.20741126442307692 0.3398193365384615 0.2309799375 0.33310546875 0.2427700625 0.3506201177884615 0.2427700625 0.36759765625 0.25130787019230766 0.36605468750000003 0.27325617307692307 0.35833984375 0.28544753125 0.33673339903846156 0.2659336418269231 0.316796875 0.24104938221153846 0.29204101682692307 0.2257021610576923 0.2765478509615385 0.20366512259615385 0.26362304567307693 0.19033950721153847 0.27037597596153845 0.17327160576923079 0.2842626947115385 0.16229552403846154 0.3058691394230769 0.1696103389423077 0.3166699230769231 0.1696103389423077 0.34136230528846156
0 0.44518132692307694 0.11451171875 0.45249614182692305 0.13302734375 0.46468750000000003 0.16389160096153846 0.47078703605769234 0.18395507692307692 0.48907407451923074 0.18395507692307692 0.4888503076923077 0.16665039182692307 0.49953703605769234 0.15522460817307693 0.5246141971153846 0.13461913942307693 0.5280941346153847 0.12068359375 0.5491126538461539 0.10375976442307693 0.5405478389423076 0.09038085817307692 0.5293132716346154 0.06512695432692307 0.5158989206730769 0.038891600961538465 0.4988310192307692 0.02191894471153846 0.4793209879807692 0.00802734375 0.4634683653846154 0.0095703125 0.45127700721153846 0.028090819711538463 0.45127700721153846 0.06049804807692308 0.45127700721153846 0.08673339903846154 0.44518132692307694 0.11451171875
0 0.7095679014423077 0.516484375 0.7102237644230769 0.5067236322115385 0.7049729927884615 0.49633788942307694 0.6993904326923077 0.49426269471153844 0.6898726850961538 0.4959228509615385 0.6796990745192308 0.4996630865384616 0.6691975312499999 0.5046435552884615 0.6586921298076922 0.5081787115384615 0.6501620360576923 0.5131591802884615 0.6549189807692308 0.526455079326923 0.6634529326923077 0.53123046875 0.670181326923077 0.54037109375 0.6760879639423076 0.5551171875 0.6918441346153846 0.5524169927884615 0.6987345673076923 0.5399560552884616 0.7028395072115384 0.5331005865384616 0.7095679014423077 0.516484375
0 0.9921527788461538 0.15189453125 0.9756095673076923 0.14616210817307693 0.9647800937500001 0.15189453125 0.9494174375 0.154140625 0.9391782403846154 0.16161621153846153 0.9362229927884615 0.17607421875 0.9448881177884616 0.19027831971153847 0.9415432091346154 0.20997070432692308 0.9557214495192308 0.22367675721153846 0.9724575625 0.2348925769230769 0.986836420673077 0.24884765625 0.9943171298076923 0.2421191418269231 0.9990432091346153 0.2411230456730769 1 0.19750488221153845 0.9990432091346153 0.15812988221153848 0.9921527788461538 0.15189453125
0 0.046458334134615385 0.552783201923077 0.061091822115384616 0.5666699230769231 0.08060185096153846 0.5666699230769231 0.11230324038461538 0.5821044927884615 0.13912808653846154 0.5836474615384616 0.14888503125 0.5774755865384615 0.1440046298076923 0.552783201923077 0.13912808653846154 0.5265478509615384 0.129375 0.5033984375 0.11839892067307692 0.49876953125 0.09889274759615385 0.49876953125 0.07450617307692307 0.49722656249999997 0.059872685096153844 0.494140625 0.057434413461538464 0.506484375 0.047681326923076923 0.5311767572115385 0.046458334134615385 0.552783201923077
0 0.08425925961538461 0.9293261730769231 0.10133101923076923 0.9293261730769231 0.11474151201923077 0.9169824230769231 0.129375 0.9108056634615385 0.1440046298076923 0.9000048822115385 0.15376157451923078 0.8783984375 0.13547067788461536 0.8660546875 0.11717978365384615 0.856796875 0.10255015384615383 0.8598828125 0.08791666586538462 0.8537109375 0.07328703605769231 0.8521630865384615 0.0671875 0.8598828125 0.06231095673076924 0.87376953125 0.06353009375 0.9046337884615384 0.06840663461538461 0.9293261730769231 0.08425925961538461 0.9293261730769231
0 0.3749652788461538 0.38360839903846156 0.3677160504807692 0.3843017572115385 0.361836420673077 0.3829199230769231 0.35581790144230774 0.3782421875 0.3469290120192308 0.38049316346153844 0.3426890432692308 0.3780712884615385 0.3353047836538462 0.38049316346153844 0.32737268509615386 0.3834375 0.32381944471153845 0.3798046875 0.3182098774038461 0.3791113269230769 0.3127391971153846 0.3791113269230769 0.31096450721153845 0.38378418028846156 0.3054938269230769 0.3813623052884615 0.2990663581730769 0.3801464855769231 0.2890817908653846 0.3813623052884615 0.2852546298076923 0.3863818365384616 0.2863464495192308 0.3965917980769231 0.2890817908653846 0.4113037115384615 0.2885339495192308 0.41822753846153843 0.2926388894230769 0.42134277403846154 0.2982445985576923 0.41943847596153844 0.3046720673076923 0.4249755865384615 0.31616126442307696 0.4306884759615385 0.32723765384615383 0.43328613221153844 0.33886188221153846 0.43328613221153844 0.3441936730769231 0.43138183653846157 0.34487654326923073 0.42359375 0.3532214495192308 0.4251513677884615 0.3585532403846154 0.4277441418269231 0.36621142067307694 0.4265332043269231 0.3682638894230769 0.42359375 0.3705864206730769 0.41580566346153847 0.37783564903846156 0.4078417956730769 0.37974922836538466 0.3917431634615385 0.3749652788461538 0.38360839903846156
0 0.25984182211538465 0.494140625 0.2744753076923077 0.49259765625 0.28544753125 0.49105468750000003 0.29642361057692307 0.48488281250000004 0.30739583413461535 0.46636230528846156 0.30739583413461535 0.44784668028846153 0.30617669711538464 0.42778320432692307 0.28788580288461535 0.4231542956730769 0.2586226850961538 0.4246972644230769 0.2427700625 0.4308691394230769 0.2317978389423077 0.4462988293269231 0.22204475240384614 0.4586474615384616 0.2293595673076923 0.47871093750000004 0.25008873557692307 0.4771630865384615 0.25984182211538465 0.494140625
0 0.30393518509615386 0.25361328125 0.3161265432692308 0.27543945432692307 0.32324845673076924 0.2996972644230769 0.32324845673076924 0.3212988293269231 0.33422067788461535 0.3336474615384616 0.36226466105769234 0.33673339903846156 0.39274691346153845 0.36296875 0.40616126442307693 0.35988281250000004 0.4110378076923077 0.33519043028846157 0.42445216105769235 0.3182128918269231 0.4328703701923077 0.2889160168269231 0.43176697596153846 0.28117675721153845 0.41957561778846153 0.2611181634615385 0.39884644951923076 0.244140625 0.38665123557692305 0.22407714903846154 0.37324074038461535 0.21019043028846152 0.34885416586538465 0.20247558653846154 0.3293441346153846 0.20247558653846154 0.30861496875 0.20710449278846152 0.30008101923076924 0.21944824278846153 0.30393518509615386 0.25361328125
0 0.6061612644230769 0.4753466802884615 0.6083333341346153 0.4732080072115385 0.6030092596153847 0.46650390625000004 0.5996527788461539 0.4615722644230769 0.5962615745192308 0.45211914182692303 0.5933641971153846 0.44965820192307693 0.5892746923076924 0.44506836057692306 0.5834606490384615 0.4417285144230769 0.5776658942307692 0.4405078125 0.571388889423077 0.4389794927884615 0.5663194447115385 0.43867187500000004 0.5619714495192307 0.4389794927884615 0.5588310192307693 0.43989746153846154 0.5511072524038462 0.4405078125 0.5455516971153846 0.43958984375 0.5402391971153846 0.4383691394230769 0.5346875 0.43775878846153843 0.5310648149038462 0.4392871081730769 0.5276851850961538 0.44233886778846154 0.5223726850961539 0.4444824206730769 0.5172993822115385 0.4463134759615385 0.5148842596153846 0.4472314447115385 0.5192322524038462 0.4530371081730769 0.5233371923076923 0.4554833990384616 0.5293132716346154 0.46173339903846156 0.5320293221153846 0.46893066346153844 0.5339621923076924 0.47656738221153844 0.5363773149038461 0.4820703125 0.5380787043269231 0.49003906249999996 0.5465277788461539 0.49125976682692307 0.5513503076923076 0.48266601442307694 0.5882908942307693 0.4790136730769231 0.5998842596153846 0.4783544927884616 0.6061612644230769 0.4753466802884615
0 0.9463233028846154 0.29352538942307693 0.9329089495192308 0.29352538942307693 0.9194984567307691 0.2996972644230769 0.9097415120192308 0.3151269543269231 0.9158410504807691 0.34290527403846155 0.9341280865384616 0.34444824278846153 0.94388503125 0.36759765625 0.9585146610576923 0.37068359375 0.9585146610576923 0.38920410096153846 0.9853395072115384 0.38920410096153846 0.9926581778846154 0.4046337884615384 0.9987538581730769 0.41852538942307693 0.9987538581730769 0.3058691394230769 0.9829012355769231 0.2919824206730769 0.9682716057692308 0.28580566346153846 0.9463233028846154 0.29352538942307693
0 1 0.4378417980769231 0.9988425937500001 0.41669921875000004 0.9917438269230769 0.40507812499999996 0.9875771610576923 0.39082031250000004 0.9800540120192308 0.38291015625 0.9671219134615385 0.38239257692307693 0.9575231490384616 0.38397949278846155 0.9512654326923078 0.38767578124999996 0.9487615745192308 0.39401367307692303 0.9487615745192308 0.40615722596153847 0.94959490625 0.4093261706730769 0.9562885793269231 0.4119628918269231 0.9533526225961538 0.4309765625 0.94959490625 0.4505175769230769 0.94959490625 0.4726953125 0.9516820985576923 0.48484374999999996 0.96169753125 0.4895947259615384 0.9821412043269231 0.49223632932692307 0.9942438269230769 0.4895947259615384 1 0.46741699278846155 1 0.4378417980769231
0 0.6257716057692307 0.4508300769230769 0.6439313269230769 0.4540185552884616 0.6381944447115384 0.4417480480769231 0.631736110576923 0.41852538942307693 0.6451504639423077 0.40154785096153844 0.6634375 0.3861181634615385 0.6622183653846154 0.36759765625 0.6561226850961539 0.34907714903846154 0.632955247596154 0.33673339903846156 0.6214506177884616 0.35751953125 0.5992669759615384 0.36250000000000004 0.5805246923076923 0.38302734374999997 0.5878395072115384 0.4123486322115385 0.6012538581730769 0.4293261706730769 0.6257716057692307 0.4508300769230769
0 0.051338735576923075 0.20556152403846153 0.057434413461538464 0.2287109375 0.07084490625 0.26420410096153846 0.08547839423076924 0.26883300721153847 0.10011188221153847 0.25339843749999996 0.11961805528846153 0.2595703125 0.13790894951923077 0.2611181634615385 0.1549807091346154 0.27500488221153846 0.17814814903846152 0.2780908197115385 0.17327160576923079 0.244140625 0.1689043221153846 0.22275390625000002 0.17010030769230772 0.1935546875 0.1750385793269231 0.18051757692307693 0.18180555528846154 0.15000488221153846 0.1696103389423077 0.1345703125 0.15985725240384616 0.11759765625 0.14644675961538461 0.11451171875 0.12571759375 0.11451171875 0.10986496874999999 0.1160546875 0.08304012259615384 0.12994140625 0.07450617307692307 0.14691894471153846 0.06962577163461539 0.18858398557692307 0.051338735576923075 0.20556152403846153
0 0.23065200721153845 0.3843896490384615 0.2372608028846154 0.37374511778846153 0.2427700625 0.36759765625 0.24327160576923076 0.359296875 0.23846450721153845 0.3418066418269231 0.23005015384615385 0.3372412115384616 0.22344135817307692 0.3372412115384616 0.21743441346153844 0.3372412115384616 0.2114236105769231 0.3372412115384616 0.20180941346153844 0.3433251947115385 0.19460262259615385 0.3494091802884615 0.18378472115384614 0.359296875 0.1729706778846154 0.3668994134615385 0.16756172836538463 0.37145996153846156 0.16215663461538463 0.37754394471153846 0.15674768509615383 0.3843896490384615 0.1525424375 0.4018798822115385 0.15434413461538463 0.4132861322115385 0.15674768509615383 0.4231738269230769 0.16095293269230768 0.4307763677884615 0.16395833413461539 0.43762206971153844 0.16756172836538463 0.44446777403846155 0.16996527884615384 0.4459863293269231 0.18258487740384616 0.4406640625 0.1988078701923077 0.42849609375000003 0.21503086538461538 0.4132861322115385 0.22344135817307692 0.4011181634615385 0.23065200721153845 0.3843896490384615
0 0.24107638942307694 0.21230956971153844 0.23648148076923076 0.21127441346153847 0.22499228365384616 0.21750488221153846 0.21350694471153847 0.22872070432692307 0.20168981490384616 0.23869140625000002 0.19315586538461538 0.24803710817307692 0.1828163581730769 0.25966796875 0.1770717596153846 0.26880371153846155 0.18380015384615384 0.27752929567307694 0.19033950721153847 0.27037597596153845 0.19972222115384616 0.2638183581730769 0.20989583413461538 0.26298828125 0.22006944471153847 0.27150390625000004 0.2276195985576923 0.2752441418269231 0.23352623557692306 0.28126953125000004 0.23959876442307693 0.2860449230769231 0.24435570913461538 0.261328125 0.24763888942307694 0.24076660096153846 0.24206018509615385 0.22082519471153847 0.24107638942307694 0.21230956971153844
0 0 0.2827197259615385 0.0025655865384615383 0.2780908197115385 0.011099536057692308 0.2626611322115385 0.01963348798076923 0.23951171875000002 0.034266975961538465 0.22716308653846154 0.051338735576923075 0.21019043028846152 0.0720679014423077 0.18549804567307693 0.07450617307692307 0.15617675721153848 0.07694444471153847 0.1283984375 0.06596836538461538 0.10062011778846153 0.05621527884615385 0.08210449278846153 0.03914351923076923 0.07747558653846154 0.026952161057692308 0.06821288942307692 0.008661264423076923 0.06975586057692308 0 0.08981933653846154 0 0.2827197259615385
0 0.7475733028846154 0.61451171875 0.7537037043269231 0.58779296875 0.7634259254807693 0.560498048076923 0.7683024687500001 0.5296337884615384 0.76365740625 0.51259765625 0.7473765432692308 0.50185546875 0.7220293221153846 0.49243163942307694 0.7104166658653847 0.5029296875 0.7091049375 0.51875 0.6914853389423077 0.5589550793269231 0.69884259375 0.57763671875 0.73009259375 0.6058105480769231 0.7475733028846154 0.61451171875
0 0.5341898149038461 0.17006836057692307 0.5353009254807692 0.19794921875 0.5603780865384616 0.19541015625000002 0.5723379639423076 0.21254882932692307 0.6069444447115384 0.21181640624999998 0.6380015432692308 0.20732421875 0.6540123461538462 0.19682617307692307 0.6603780865384615 0.1740234375 0.647588735576923 0.15309081971153846 0.6366126538461538 0.14074706971153847 0.6122260793269231 0.12376953125 0.5975964495192307 0.12068359375 0.5744290120192308 0.11451171875 0.5536998461538462 0.11296874999999999 0.5464506177884615 0.13764648317307693 0.5415084879807692 0.14846191346153848 0.5341898149038461 0.17006836057692307
0 0.8714351850961539 0.20779785096153847 0.8975462956730769 0.18086914182692307 0.8970640432692308 0.17046386778846154 0.8694984567307693 0.14230956971153846 0.8489467596153847 0.11813476442307692 0.8373418221153847 0.10072265625 0.8315393509615384 0.09641113221153846 0.8242862644230768 0.09549316346153845 0.8141319447115385 0.10467285096153846 0.8136458341346154 0.10562011778846155 0.7909182091346154 0.14904296875 0.8063927475961539 0.19004882932692307 0.8305709879807692 0.21486816346153845 0.8508834879807693 0.221875 0.8714351850961539 0.20779785096153847
0 1 0.6154394519230769 0.9834760793269232 0.621142576923077 0.9689583341346153 0.6312841802884616 0.9604436730769231 0.6376220697115385 0.951431326923077 0.6464941394230769 0.9454243822115385 0.6515625 0.9384143509615386 0.6604345697115386 0.9294020072115384 0.673740233173077 0.9138811730769232 0.6870507812500001 0.9068711418269231 0.6952880865384615 0.9068711418269231 0.6990917956730769 0.9163966057692308 0.700341795673077 0.9314043221153846 0.7117626947115384 0.9429012355769231 0.725048829326923 0.96446759375 0.7383789062499999 0.9864969134615384 0.7459960937500001 0.9959953701923077 0.7383789062499999 1 0.7263378918269231 1 0.6243115240384616 1 0.6154394519230769
0 0.7203009254807693 0.29249511778846154 0.7349922836538462 0.29631836057692307 0.7484722211538462 0.2975878918269231 0.7603472211538461 0.2975878918269231 0.768796295673077 0.29479003846153845 0.7728202163461538 0.2896923822115384 0.7734259254807692 0.28154296875 0.7744328701923078 0.2705957019230769 0.7732253076923077 0.26040527403846153 0.7708101850961538 0.24614746153846154 0.766786264423077 0.2362109375 0.7617554014423077 0.22806152403846153 0.7557175937499999 0.22144043028846155 0.7494791658653847 0.21812988221153845 0.7410300937500001 0.21787597596153846 0.7343865745192308 0.21864257692307693 0.72794753125 0.21864257692307693 0.7217129639423077 0.21762206971153847 0.7166820985576923 0.21736816346153848 0.7086304014423077 0.2199121081730769 0.7009837956730769 0.22322265624999998 0.6911265432692308 0.22500488221153844 0.6820717596153846 0.2255175793269231 0.6718094134615384 0.22857421875 0.6639660504807693 0.23071288942307694 0.6546296298076922 0.23657226442307694 0.6486111105769231 0.2412109375 0.6419367283653846 0.24208984374999998 0.639776235576923 0.25146484375 0.6410108028846154 0.25810546875 0.6438387355769231 0.2652441418269231 0.6446412043269232 0.2685546875 0.6448456778846154 0.27212402403846153 0.6500771610576923 0.27594238221153844 0.6528935192307692 0.27568847596153845 0.6589313269230769 0.27594238221153844 0.6615470673076923 0.27670410096153847 0.6657716057692308 0.27899902403846155 0.6675810192307693 0.28180175721153844 0.6710030865384616 0.2861279302884615 0.68548996875 0.29045898557692307 0.6947453701923076 0.2894384759615385 0.714066358173077 0.29249511778846154 0.7203009254807693 0.29249511778846154
0 0.36430941346153844 0.68869140625 0.3713348774038462 0.659521485576923 0.36731867307692306 0.6423681634615386 0.34776234615384616 0.6379248052884615 0.3236998461538461 0.6366552740384616 0.3021373461538462 0.6442724615384615 0.3116666658653846 0.6734619134615384 0.3312191346153846 0.6912255865384616 0.3512731490384615 0.6982080072115384 0.36430941346153844 0.68869140625
0 0.2891049375 0.9308691394230769 0.30008101923076924 0.920068358173077 0.28544753125 0.8892041009615385 0.2659375 0.8768554687500001 0.2452121923076923 0.87376953125 0.22448302403846154 0.8984619134615385 0.23667438221153844 0.9231542956730769 0.26106095673076923 0.9324121105769231 0.2891049375 0.9308691394230769
0 0.49762345673076924 0.3979736322115385 0.4992939807692308 0.38212890624999996 0.5009606490384615 0.36470214903846154 0.5013773149038461 0.35783691346153845 0.5009606490384615 0.3472753918269231 0.4951195985576923 0.33776855528846156 0.4905285504807692 0.327734375 0.4859413581730769 0.3177001947115385 0.4775964495192308 0.312421875 0.47050154326923077 0.3029150384615385 0.46507716105769226 0.2955224615384615 0.4571489206730769 0.2912988293269231 0.4492206778846154 0.2912988293269231 0.4421296298076923 0.29340820192307693 0.4291936730769231 0.30819824278846153 0.42585648076923077 0.31506347596153844 0.41959490625 0.32351074278846154 0.4145910504807692 0.33037597596153845 0.40916666586538464 0.3425244134615385 0.40616126442307693 0.35988281250000004 0.4004012355769231 0.3736816394230769 0.3987345673076923 0.3926904302884615 0.40290509375 0.3995556634615385 0.4104166658653846 0.40483886778846156 0.41959490625 0.40694824278846153 0.4254398149038462 0.41117675721153846 0.43211419711538457 0.41750976442307697 0.43628472115384614 0.42596191346153844 0.4417091057692308 0.43493652403846156 0.44546682211538463 0.44233398317307693 0.4504745360576923 0.44338867067307697 0.46549382692307695 0.4428613269230769 0.47425540144230766 0.43493652403846156 0.48510416586538463 0.43546875 0.4888618822115385 0.43546875 0.5034645072115385 0.4391650384615385 0.5034645072115385 0.424375 0.5009606490384615 0.4169824206730769 0.49762345673076924 0.40853515625000003 0.49762345673076924 0.3979736322115385
0 0 0.5322314447115384 0.00414351923076923 0.5337255865384616 0.013989197115384615 0.54095703125 0.02285107932692308 0.5539160168269232 0.02935185096153846 0.5584033197115384 0.03919753125 0.5479345697115384 0.047272377403846155 0.5369677740384615 0.052195216346153844 0.5180273437499999 0.05967978365384615 0.490859375 0.05888888942307692 0.4791455072115385 0.04884644951923077 0.4694238293269231 0.043726850961538465 0.45845703125 0.03506172836538462 0.45920410096153846 0.018321759615384615 0.4614501947115385 0.009459877403846155 0.46718261778846154 0 0.47814941346153844 0 0.4955957019230769 0 0.5322314447115384