0 0.6873418221153845 0.13221679567307693 0.7105516971153846 0.14445800721153848 0.7308603389423076 0.16893554567307692 0.7511689807692308 0.20320800721153848 0.7511689807692308 0.22401855528846154 0.7531057091346154 0.2533935552884615 0.7511689807692308 0.3023535168269231 0.7502044759615385 0.3611035168269231 0.7627777788461538 0.4137353509615384 0.7705131177884615 0.4700390625 0.7695447524038461 0.5520458990384616 0.7821180552884616 0.5948876947115385 0.8159683653846154 0.5948876947115385 0.8478819447115384 0.5899902331730769 0.8681905865384615 0.5483740240384616 0.8652893509615385 0.5006396490384616 0.8797955240384615 0.45290527403846154 0.8875308653846155 0.4186328125 0.8630285504807692 0.3577490240384616 0.8091975312499999 0.21667480528846153 0.7540702163461539 0.06489746153846153 0.7415007716346154 0.03307617067307692 0.726026235576923 0.009819336538461539 0.7076504639423077 0.0037011730769230767 0.691211420673077 0.00859375 0.6699344134615385 0.026953125 0.6447878076923076 0.055107423076923075 0.62544753125 0.08448242307692308 0.6283487644230769 0.11141113221153846 0.6428549375 0.11263671875 0.6873418221153845 0.13221679567307693
0 0.7245293221153847 0.66609375 0.7245293221153847 0.6731787115384615 0.7217322524038461 0.6930126947115384 0.7245293221153847 0.701513673076923 0.7306867283653846 0.7050537115384615 0.74076003125 0.710009764423077 0.7581095673076923 0.7121386706730769 0.7687461418269231 0.710009764423077 0.7721026225961538 0.70080078125 0.7693055552884616 0.6816796875000001 0.7648263894230769 0.6632617187500001 0.7558719134615385 0.6540527355769231 0.7402006177884615 0.656884764423077 0.7298958341346153 0.6622070312499999 0.7245293221153847 0.66609375
0 0.3175424375 0.43730468749999996 0.3257021610576923 0.45009277403846154 0.34280478365384615 0.4402587884615385 0.3505787043269231 0.4279589831730769 0.35796296394230764 0.4166455072115385 0.3630131177884615 0.40287109375 0.3657368822115385 0.39795410096153844 0.35174382692307693 0.39008300721153844 0.33192129567307693 0.39451171874999996 0.3233719134615385 0.40976074278846153 0.3175424375 0.42746581971153846 0.3175424375 0.43730468749999996
0 1 0.13541503846153846 0.9946257716346154 0.12195800721153846 0.9677623461538462 0.11770996153846153 0.9431365745192307 0.12904296875 0.9140354927884615 0.16091796875 0.9033989206730768 0.17720703125 0.8938850312500001 0.21333007692307693 0.8905285504807693 0.2289160144230769 0.8910879639423077 0.25441406250000004 0.9011612644230769 0.2664550793269231 0.9207484567307692 0.2763720697115385 0.9280246923076922 0.28841308653846154 0.9509722211538462 0.31037109375 0.9520910504807693 0.3146240240384615 0.9632831778846154 0.323125 0.9744791658653846 0.3224121081730769 0.9918287043269232 0.32099609375000004 1 0.31745605528846155 1 0.30966308653846153 1 0.13541503846153846
0 0.6517746923076922 0.5794921875 0.6490123461538461 0.5697900384615384 0.6438850312500001 0.5650048822115384 0.63173996875 0.5554394543269231 0.6231018509615385 0.5496337884615385 0.6168942908653846 0.544853514423077 0.6055594134615384 0.543486326923077 0.5955709879807692 0.5455371081730769 0.5904436730769231 0.5564648437499999 0.5953009254807692 0.5694482427884615 0.596921295673077 0.5858447259615385 0.5985416658653846 0.5984814447115384 0.6222916658653846 0.6124853509615384 0.6347067908653846 0.6152197259615385 0.644965278846154 0.6189794927884615 0.6476620360576923 0.6288818365384615 0.65603009375 0.6278613293269231 0.6614274687499999 0.6094140625000001 0.6571103389423077 0.5930175769230769 0.6535995360576923 0.5868701177884615 0.6517746923076922 0.5794921875
0 0.40690200721153846 0.12285644471153846 0.40412808653846155 0.13364746153846155 0.40779320913461536 0.14794921875 0.40967978365384616 0.15925781249999998 0.41344907451923074 0.16051269471153845 0.4215817908653846 0.15825195432692307 0.42713734615384613 0.1522265625 0.43368055528846156 0.14896484375 0.43903549278846155 0.14318847596153847 0.44062500000000004 0.13440429807692308 0.4400270072115384 0.1263671875 0.4368557091346154 0.11908691346153846 0.4287229927884615 0.11732910096153847 0.42376543269230765 0.11030273557692308 0.4235648149038462 0.10879394471153846 0.4126543221153846 0.11306152403846154 0.40690200721153846 0.12285644471153846
0 0.49338734615384616 0.48157714903846155 0.47603780769230764 0.48228515625 0.4676427475961538 0.4886572259615385 0.4592476850961538 0.504951173076923 0.45477237740384613 0.5134521490384615 0.4469367283653846 0.53541015625 0.45701003125 0.547451173076923 0.4659645072115385 0.5594921875 0.49226851923076925 0.5623242187499999 0.5073804014423077 0.55666015625 0.5140972211538462 0.5403662115384615 0.544953704326923 0.515693360576923 0.5599884254807692 0.502119139423077 0.5443171298076923 0.4893652355769231 0.528086420673077 0.48016113221153844 0.5146566346153846 0.4829931634615384 0.49338734615384616 0.48157714903846155
0 0.17326003125 0.36243652403846155 0.18641975240384617 0.36607910096153845 0.1967013894230769 0.3582714855769231 0.19752700721153846 0.34994140625000003 0.1971141971153846 0.3285986322115385 0.18601080288461538 0.31506347596153844 0.17778163461538463 0.3056933581730769 0.17531635817307695 0.3010107427884615 0.16173996875000002 0.29476074278846154 0.1592746923076923 0.2890380865384615 0.15509259375 0.28271484375 0.15046296394230768 0.27880859375 0.14313271634615385 0.28076171875 0.13747299278846153 0.2770605456730769 0.1329513894230769 0.28799316346153847 0.12719135817307692 0.29632324278846156 0.11959876442307693 0.30224609375 0.1203703701923077 0.31494140625 0.12924382692307693 0.3359375 0.1391203701923077 0.3473388677884615 0.15639274759615385 0.35306640625 0.17326003125 0.36243652403846155
0 0.5514351850961539 0.47119628846153844 0.5627083341346154 0.483984375 0.5728125 0.4913623052884616 0.5813618822115385 0.48004882692307693 0.6000192908653846 0.45791503846153847 0.6081790120192307 0.45250488221153845 0.6089583341346153 0.44365234374999996 0.6066242283653847 0.42889160096153844 0.6015740745192308 0.41216796875 0.5934104927884616 0.39396972596153845 0.589911264423077 0.37822753846153845 0.5883564807692307 0.369375 0.5833063269230769 0.3683886706730769 0.5759220673076924 0.37084961057692306 0.5681481490384616 0.3757714855769231 0.5658140432692308 0.37921386778846156 0.5634837956730769 0.4028222644230769 0.5619290120192308 0.4210253894230769 0.5518248461538462 0.4397167980769231 0.5483256177884616 0.4584082019230769 0.5514351850961539 0.47119628846153844
0 0.4655362644230769 0.6367919927884615 0.46744212980769234 0.6364941418269231 0.4707754639423077 0.6364941418269231 0.4760108028846154 0.6370947259615385 0.4786304014423077 0.6376953125 0.48600694471153844 0.6398046875 0.4902932091346154 0.6425195312499999 0.4919598774038461 0.6467333990384615 0.4950540120192307 0.64974609375 0.4971952163461539 0.6488427740384615 0.4988618822115385 0.6446289062499999 0.5067168221153846 0.6292626947115385 0.5071913581730769 0.6208251947115385 0.5076697524038462 0.6126953125 0.5064776225961538 0.60486328125 0.5019560192307693 0.6036572259615385 0.4969560192307692 0.6042578125 0.4818672836538462 0.61279296875 0.4731558653846154 0.6157080072115384 0.4683950625 0.6208251947115385 0.46363425961538457 0.6271533197115384 0.4638695985576923 0.63197265625 0.4645871923076923 0.6361914062499999 0.4655362644230769 0.6367919927884615
0 0.5548495360576923 0.06489746153846153 0.5248688269230769 0.055107423076923075 0.4997222211538462 0.03552246153846154 0.4707098774038462 0.014716795673076924 0.4494328701923077 0.012265625 0.4349266971153846 0.05020996153846154 0.43903549278846155 0.08645507932692308 0.4400270072115384 0.1263671875 0.4475 0.18117675721153845 0.4484683653846154 0.20443359375 0.45813657451923073 0.22891113221153844 0.5209992283653846 0.26196288942307694 0.5422762355769231 0.27787109375 0.5587152788461538 0.28399414182692306 0.5596836418269231 0.2693066394230769 0.5519483028846154 0.22891113221153844 0.5490470673076924 0.18852050721153846 0.55678240625 0.15914550721153847 0.5780594134615384 0.13466796875 0.6206095673076923 0.11385742307692308 0.6302816346153846 0.09427246153846153 0.6235146610576923 0.07469238221153846 0.5906327163461539 0.06612304567307692 0.5548495360576923 0.06489746153846153
0 0.07323302403846153 0.2237207043269231 0.07646990625 0.22748046875 0.08294753125 0.23123535096153847 0.09293595673076924 0.23806640625 0.09887345673076922 0.23567871153846154 0.10670138942307691 0.22918456971153847 0.11371913461538462 0.21996093749999998 0.10859182211538461 0.21005859375000002 0.09536651201923077 0.1933203125 0.08780864182692308 0.19844238221153845 0.07836033894230769 0.21142089903846153 0.07323302403846153 0.2237207043269231
0 0.08962577163461538 0.25530273557692307 0.08185185096153846 0.26842285096153845 0.0841049375 0.28032226682692307 0.08314814903846154 0.2860498052884615 0.08703703605769232 0.2905566394230769 0.11165123557692308 0.31597168028846156 0.11748070913461538 0.31269043028846155 0.12298611057692307 0.29752441346153846 0.13043595673076924 0.28686523557692306 0.13302855048076923 0.27375 0.12428240625 0.26555175721153845 0.09772376442307693 0.24792480528846153 0.09157021634615384 0.24997558653846155 0.08962577163461538 0.25530273557692307
0 0.3977777788461539 0.06360839903846154 0.3906365745192308 0.0698828125 0.39197530769230765 0.07568359375 0.40055555528846154 0.08770996153846154 0.40551311778846155 0.10201660096153847 0.4098804014423077 0.1110546875 0.4138464495192308 0.11005371153846154 0.42376543269230765 0.1110546875 0.42634259375 0.11557617067307692 0.4356635793269231 0.11958984375000001 0.4386419759615385 0.11055175721153845 0.43903549278846155 0.08645507932692308 0.439236110576923 0.0392578125 0.42554783894230774 0.043774413461538465 0.40729938221153844 0.053564454326923076 0.3977777788461539 0.06360839903846154
0 0.5480478389423077 0.5828662115384615 0.5415702163461538 0.5947509759615385 0.5402739206730769 0.60705078125 0.5428665120192308 0.6144287115384615 0.5435146610576923 0.618115235576923 0.554201389423077 0.6304150384615385 0.5616512355769231 0.634921875 0.5661844134615385 0.6336962884615385 0.5716898149038461 0.6283642572115385 0.5771952163461539 0.618115235576923 0.5788155865384615 0.60171875 0.5765509254807692 0.592705076923077 0.5733101850961538 0.5824560552884616 0.5681288581730769 0.5693359375 0.55646990625 0.57138671875 0.5519328701923076 0.57548828125 0.5480478389423077 0.5828662115384615
0 0.28243441346153847 0.17668456971153848 0.2775733028846154 0.1816015625 0.27077160576923076 0.19431152403846155 0.26461805528846155 0.20414550721153846 0.2620293221153846 0.2131640625 0.2662384254807692 0.22382324278846152 0.27109567788461536 0.23243164182692308 0.2782214495192308 0.24513671875 0.2902044759615384 0.24062988221153844 0.30121913461538463 0.22587402403846155 0.31028549278846157 0.2148046875 0.30866898076923077 0.19267089903846155 0.2953896610576923 0.18037109375 0.2889120360576923 0.179140625 0.28243441346153847 0.17668456971153848
0 0.4322839495192307 0.28640136778846154 0.4379243822115385 0.30169921875 0.4403433653846154 0.31291992307692307 0.444375 0.32923828125 0.4564621923076923 0.34352050721153843 0.46694058653846154 0.36697753846153847 0.46129629567307695 0.38941894471153843 0.45807484615384614 0.4118603509615385 0.46210262259615387 0.43429687499999997 0.4653279326923077 0.4485791009615384 0.5015933653846154 0.4791796875 0.5314120360576923 0.47509765625 0.53705246875 0.4608203125 0.5451118822115385 0.43939941346153844 0.5539776225961538 0.41491699278846156 0.5652623461538462 0.3751416009615385 0.5741280865384616 0.35065918028846155 0.5612307091346154 0.3220996081730769 0.5402777788461539 0.3037402331730769 0.48789351923076923 0.2680419927884615 0.4637152788461538 0.26293945192307694 0.44517746874999997 0.26702148557692307 0.4322839495192307 0.28640136778846154
0 0.18477623557692308 0.1797167956730769 0.19423611057692308 0.186484375 0.21274305528846152 0.186484375 0.22302855048076922 0.17451171875 0.23289737740384617 0.1781542980769231 0.24071373557692308 0.181796875 0.24482638942307694 0.18335937500000002 0.2555208341346154 0.17503418028846152 0.2600462956730769 0.17555175721153848 0.2711496923076923 0.18440429567307692 0.27361882692307693 0.181796875 0.2764969134615385 0.17347168028846155 0.2686844134615385 0.15577148557692308 0.25757716105769235 0.14015625 0.2366010793269231 0.12609863221153847 0.21850308653846154 0.12817871153846155 0.1995833341346154 0.13286621153846154 0.18436342548076923 0.1625390625 0.18271990625 0.17763671874999998 0.18477623557692308 0.1797167956730769
0 0.6032021610576923 0.11998046875 0.5819290120192308 0.12732421875 0.5683873461538462 0.13588867307692307 0.55678240625 0.15914550721153847 0.55678240625 0.18362793028846153 0.55678240625 0.20687988221153847 0.5577507716346154 0.24482421875 0.5683873461538462 0.2913378894230769 0.5828935192307692 0.3562060552884615 0.5964351850961539 0.4027197259615385 0.61384259375 0.4663671875 0.6196450625000001 0.5030859375 0.6291666658653846 0.548388670673077 0.6517746923076922 0.5794921875 0.670756173076923 0.613330076923077 0.7298958341346153 0.6622070312499999 0.7666435192307692 0.63283203125 0.7705131177884615 0.5826464831730769 0.7598765432692307 0.5324609375 0.7618094134615384 0.4810546875 0.7627777788461538 0.4137353509615384 0.7560069447115385 0.3684472668269231 0.7579398149038461 0.3219384759615384 0.7627777788461538 0.2656347668269231 0.7579398149038461 0.22156738221153846 0.7434336418269231 0.17138671875 0.6767052475961539 0.12609863221153847 0.6380208341346154 0.11875488221153846 0.6032021610576923 0.11998046875
0 0.8616782403846154 0.6132666009615385 0.857013889423077 0.6156250000000001 0.8472183653846154 0.62625 0.8313618822115385 0.64455078125 0.8117746923076923 0.66048828125 0.8033796298076923 0.6776074206730769 0.8080439807692308 0.6917724615384616 0.8122415120192308 0.6982666009615385 0.8290316346153846 0.7000341802884615 0.8453549375 0.7065283197115384 0.857013889423077 0.7159716802884616 0.8710069447115385 0.7000341802884615 0.8793981490384616 0.6829199206730769 0.8756674375 0.661669920673077 0.8672723774038461 0.6433691394230769 0.8710069447115385 0.6191699206730769 0.8691396610576922 0.6173974615384614 0.8616782403846154 0.6132666009615385
0 0 0.20857421874999998 0.016431326923076923 0.21923339903846153 0.027118055288461538 0.21923339903846153 0.04169367307692307 0.21554199278846153 0.04169367307692307 0.20939453125000002 0.025497685096153848 0.17865234375 0.0125424375 0.18028808653846154 0.008009259615384616 0.1798828125 0.0012075624999999999 0.17865234375 0 0.18192871153846155 0 0.18767089903846154 0 0.19668456971153844 0 0.20857421874999998
0 0.08154706730769232 0.882890625 0.08638503125 0.9094091802884615 0.09363811778846154 0.916552733173077 0.10411265384615385 0.9440917980769231 0.11217206730769232 0.96958984375 0.15085648076923078 0.9828515624999999 0.16455632692307692 0.9889697259615384 0.18792824038461536 0.9930517572115385 0.21855324038461538 0.9757128918269231 0.25482253125 0.925732423076923 0.25965663461538463 0.88697265625 0.25288966105769234 0.8641601562500001 0.25159722115384614 0.84208984375 0.2338657403846154 0.8063916009615385 0.21130015384615383 0.8002734375 0.19195987740384618 0.775791014423077 0.18712191346153845 0.7696728509615384 0.17020061778846152 0.7696728509615384 0.13876929086538461 0.7890527355769231 0.12184413461538461 0.8165917980769231 0.10008487740384615 0.8471923822115385 0.09202546394230769 0.8635107427884615 0.08154706730769232 0.882890625
0 0.08719135817307692 0.16737304567307693 0.07413194471153847 0.16737304567307693 0.048483795673076924 0.16796386778846153 0.048483795673076924 0.17504882692307694 0.04894675961538461 0.19334472596153846 0.05594521634615384 0.21695800721153846 0.05874228365384615 0.21931640624999998 0.07646990625 0.22748046875 0.08486111057692308 0.1909863269230769 0.0965200625 0.18390136778846153 0.09418981490384616 0.17091308653846154 0.08719135817307692 0.16737304567307693
0 0.31681712980769233 0.3319238269230769 0.3093904326923077 0.3319238269230769 0.3019637355769231 0.3326464831730769 0.2956790120192308 0.3330078125 0.28539737740384613 0.3340917980769231 0.27311728365384613 0.3359033197115385 0.26740355048076925 0.33807128846153844 0.25683642067307694 0.34060058653846154 0.24969521634615385 0.34276855528846156 0.2448379639423077 0.3489160168269231 0.2468364206730769 0.3622900384615385 0.2534066346153846 0.3695214831730769 0.27025848798076924 0.3695214831730769 0.27939814903846155 0.37060546875 0.2896836418269231 0.3792822259615385 0.3016782403846154 0.3767529302884615 0.30853394951923074 0.3702441394230769 0.3208179014423077 0.35795410096153846 0.32624228365384617 0.3489160168269231 0.3244598774038462 0.34423828125 0.31681712980769233 0.3319238269230769
0 0.20628086538461538 0.6243017572115386 0.20572144951923077 0.6349267572115385 0.20572144951923077 0.6448437499999999 0.21243827163461537 0.6490966802884616 0.2219521610576923 0.65263671875 0.2381828701923077 0.6561767572115385 0.2600077163461539 0.6575927740384616 0.2611265432692308 0.6476806634615385 0.2588888894230769 0.6271386730769231 0.2504938269230769 0.608720704326923 0.2219521610576923 0.6122607427884615 0.21411651201923076 0.6186376947115384 0.20628086538461538 0.6243017572115386
0 0.5320563269230769 0.5258935552884615 0.5223881177884615 0.5411962884615384 0.5191628076923077 0.5575146490384616 0.5336689807692307 0.5758740240384616 0.5578703701923077 0.56416015625 0.576381173076923 0.5799560552884615 0.5860532403846154 0.57689453125 0.5925 0.570771485576923 0.5884722211538461 0.561591798076923 0.5892785504807693 0.5187548822115384 0.5731597211538462 0.5024365240384616 0.5610686730769231 0.49427246153846155 0.544953704326923 0.515693360576923 0.5320563269230769 0.5258935552884615
0 0.18604552403846153 0.6662011730769231 0.18021605048076922 0.6662011730769231 0.17438271634615385 0.67890625 0.1643441346153846 0.6850537115384616 0.16402392067307695 0.694482420673077 0.17082175961538462 0.6994042980769231 0.1873418221153846 0.7067822259615385 0.20807098798076923 0.7014501947115386 0.21552083413461537 0.6920263677884615 0.22037808653846153 0.6743994134615385 0.22523533894230768 0.6584130865384614 0.20612654326923077 0.6530810552884615 0.19725308653846152 0.6561230456730769 0.18604552403846153 0.6662011730769231
0 1 0.6130859375 0.9954398149038461 0.6103857427884616 0.9940200625 0.6094873052884615 0.9634567908653846 0.59689453125 0.9563503076923077 0.59599609375 0.9449768509615384 0.5825 0.9324845673076924 0.57421875 0.9089506177884614 0.58544921875 0.8973572524038461 0.6013916009615385 0.8831442908653847 0.6103857427884616 0.8746141971153846 0.6162109375 0.8703510793269231 0.6364746105769231 0.8739043221153846 0.6580615240384616 0.8845640432692308 0.685947264423077 0.8895408942307692 0.6985449206730769 0.8973572524038461 0.7210302740384615 0.9151273149038462 0.7210302740384615 0.9367283942307693 0.73388671875 0.9683641971153846 0.73046875 0.9961419759615384 0.74072265625 1 0.7066406249999999 1 0.6130859375
0 0.2691743822115385 0.86353515625 0.2765817908653846 0.85853515625 0.2815162043269231 0.85978515625 0.2904012355769231 0.85916015625 0.3081674375 0.86291015625 0.31014274759615384 0.86291015625 0.32494984615384614 0.86228515625 0.3338348774038461 0.86353515625 0.35308256250000003 0.86291015625 0.3634490745192308 0.85978515625 0.3649305552884616 0.8479150384615385 0.36788966105769233 0.8297998052884614 0.36443672836538465 0.8173095697115385 0.35752700721153846 0.8148095697115385 0.34716049278846156 0.803564454326923 0.34025077163461537 0.7998144519230769 0.32840663461538466 0.8010644543269231 0.31705246875 0.8029394519230769 0.30619598798076925 0.8098095697115385 0.29385416586538465 0.8210546875 0.28201003125 0.8266796875 0.2637461418269231 0.8479150384615385 0.25288966105769234 0.8641601562500001 0.25683642067307694 0.8735302740384616 0.26522762259615384 0.8766503918269231 0.26769675961538464 0.8710302740384616 0.2691743822115385 0.86353515625
0 0.29533564903846155 0.5307080072115384 0.3018132716346154 0.532109375 0.3123379639423077 0.5382275384615385 0.3201658942307692 0.544375 0.3204359567307692 0.54369140625 0.32178626442307695 0.5372363269230769 0.3244830240384615 0.5255859375 0.3244830240384615 0.51294921875 0.3201658942307692 0.4999658197115385 0.31287808653846155 0.50068359375 0.2999228389423077 0.5003076177884616 0.29371527884615384 0.5221728509615384 0.29425540144230766 0.52353515625 0.29533564903846155 0.5307080072115384
0 0.7011728389423078 0.8225488293269231 0.6837577163461539 0.794384766826923 0.6760262355769231 0.7662451177884615 0.6595871923076922 0.75033203125 0.6286381177884616 0.7368701177884615 0.5899537043269231 0.7160595697115385 0.5783487644230769 0.70994140625 0.5628742283653846 0.71728515625 0.5377314807692307 0.7221826177884616 0.49517746875 0.7295263677884616 0.4932445985576923 0.7344189447115385 0.5174228389423077 0.749111329326923 0.5512692908653846 0.771142576923077 0.5773804014423077 0.7870507812499999 0.5947916658653847 0.8054150384615385 0.6092978389423077 0.8237744134615385 0.6151003076923077 0.8360107427884615 0.6228356490384616 0.8751806634615384 0.6663541658653845 0.8764062499999999 0.6876311730769231 0.8727343750000001 0.6953703701923076 0.8531494134615384 0.7011728389423078 0.8225488293269231
0 0.32691357932692305 0.52083984375 0.32637345673076923 0.529345701923077 0.3296103389423077 0.5409912115384615 0.334201389423077 0.5535986322115385 0.34094907451923073 0.5699951177884615 0.34607638942307695 0.5805810552884615 0.3498533942307693 0.5884375 0.3611882716346154 0.5799316418269231 0.3700964495192308 0.56353515625 0.36712962980769226 0.5532568365384616 0.3630787043269231 0.5427001947115385 0.3530941346153846 0.52763671875 0.3382484567307692 0.51947265625 0.32907021634615385 0.5197802740384615 0.32691357932692305 0.52083984375
0 1 0.7992626947115385 0.9937307091346154 0.77517578125 0.9847762355769232 0.7532177740384616 0.9769405865384615 0.74046875 0.9683641971153846 0.73046875 0.9590316346153845 0.73763671875 0.9489583341346154 0.7468457043269231 0.9372029326923077 0.76171875 0.9355246923076923 0.7999707019230768 0.9377623461538461 0.8346777331730769 0.9411226850961539 0.8502587884615385 0.9584722211538461 0.8594677740384615 0.9730246923076924 0.8523828125 0.9914930552884615 0.8375097668269231 1 0.8247607427884615 1 0.7992626947115385
0 0.29064814903846153 0.32958984375 0.3062770072115385 0.3087646490384615 0.31491512259615384 0.29054687500000004 0.3161496923076923 0.2822167956730769 0.3136805552884615 0.2718066394230769 0.30915509375 0.2660791009615385 0.29146990625 0.25670898317307694 0.28488811778846157 0.2587890625 0.2828317908653846 0.285859375 0.28365355048076923 0.32333984375 0.29064814903846153 0.32958984375
0 0.3586111105769231 0.33767578125000003 0.35505787019230767 0.3541699230769231 0.35446759375 0.38115722596153845 0.35979552403846154 0.39239746153846156 0.3716435192307692 0.39239746153846156 0.39414737740384614 0.35341796875 0.3971103389423077 0.3181884759615385 0.3953356490384615 0.30994140625 0.3858564807692308 0.31293945192307693 0.3586111105769231 0.33767578125000003
0 0.3714236105769231 0.09005859375 0.3671489206730769 0.09660644471153847 0.3660262355769231 0.10287109375 0.3660262355769231 0.11055664182692307 0.36647376442307694 0.11397461057692307 0.3693981490384616 0.11767089903846153 0.37299768509615383 0.1182421875 0.37907021634615384 0.11881347596153846 0.38716820913461536 0.11966796874999999 0.3972878076923077 0.12080566346153845 0.4035879639423077 0.11995117067307692 0.40583719230769233 0.11539550721153846 0.40606095673076925 0.10913086057692307 0.40381172836538465 0.10030761778846155 0.40223765384615384 0.09262206971153845 0.3936921298076923 0.078671875 0.38604166586538463 0.07184081971153847 0.3768132716346154 0.07924804807692308 0.3714236105769231 0.09005859375
0 0.39666666586538457 0.19720703125 0.38917052403846153 0.19341308653846154 0.38242283894230766 0.19104003846153847 0.37661265384615383 0.19080078125 0.36892746875 0.19175293028846155 0.36405478365384614 0.19507324278846155 0.35749228365384617 0.19839355528846153 0.35168209855769234 0.2045605480769231 0.34699845673076923 0.21001464903846154 0.3462461418269231 0.21547363221153845 0.34549768509615386 0.2223535144230769 0.34831018509615386 0.23421386778846154 0.35974151201923077 0.24678711057692307 0.36705246874999997 0.25152831971153844 0.36798996875 0.25461425721153846 0.3771759254807692 0.25248046875 0.39141975240384613 0.24228027403846156 0.40341435096153844 0.2256738293269231 0.41111111057692307 0.21357421875 0.4066010793269231 0.20337402403846155 0.403788579326923 0.201953125 0.39666666586538457 0.19720703125
0 0.3495370360576923 0.45654296875 0.33850308653846156 0.4640332043269231 0.3319907403846154 0.4662011706730769 0.3261651225961538 0.4705419927884616 0.3261651225961538 0.4744433581730769 0.32513503125 0.47964843749999997 0.32479166586538466 0.4865917980769231 0.32650462980769235 0.49830566346153843 0.32650462980769235 0.5052441418269231 0.33267746875 0.5191259759615384 0.3405594134615385 0.5191259759615384 0.3457021610576923 0.5217285144230769 0.35392746875 0.515654295673077 0.3621527788461538 0.5095849615384616 0.37243441346153844 0.4952685552884616 0.37461419711538463 0.482421875 0.373121141826923 0.4722753918269231 0.36728394951923077 0.45751953125 0.36072530769230765 0.451171875 0.3553240745192308 0.451171875 0.3495370360576923 0.45654296875
0 0.45456018509615387 0.9841162115384615 0.5029166658653846 0.9804443365384615 0.5996257716346154 0.8886425793269231 0.6189660504807691 0.8470263677884616 0.5860879639423077 0.7931738269230769 0.5512692908653846 0.771142576923077 0.5087191346153846 0.7515576177884615 0.45939429086538464 0.7380957019230769 0.4468248461538461 0.7344189447115385 0.45456018509615387 0.7833837884615384 0.41490740625 0.8201025384615386 0.41200617307692305 0.862939451923077 0.4197453701923077 0.9192431634615384 0.45456018509615387 0.9841162115384615
0 0.36728394951923077 0.39599609375 0.35924382692307694 0.4218603509615385 0.36089892067307694 0.44419921875 0.38075617307692305 0.473515625 0.4006134254807692 0.4749121081730769 0.42322530769230765 0.46374511778846156 0.43315586538461537 0.4560644543269231 0.4403240745192308 0.44419921875 0.45135802403846154 0.4295410168269231 0.4535609567307692 0.398125 0.4535609567307692 0.3820703125 0.45135802403846154 0.36601562499999996 0.44859953605769226 0.3590332019230769 0.43315586538461537 0.35205078125 0.4248804014423077 0.3492578125 0.40393518509615384 0.35546875 0.3945447524038462 0.3604296875 0.38737654326923077 0.36811035096153844 0.38271605048076923 0.37548828125 0.36728394951923077 0.39599609375
0 0.6584606490384615 0.6480126947115384 0.6641280865384616 0.65416015625 0.6727623461538462 0.655185545673077 0.68490740625 0.6534765625 0.69111496875 0.6483544927884615 0.6878780865384615 0.64220703125 0.67951003125 0.6271777331730769 0.67330246875 0.6210253918269231 0.6638580240384615 0.6118066394230769 0.6587268509615385 0.6264941394230769 0.6587268509615385 0.6350341802884615 0.6584606490384615 0.6480126947115384
0 0.41564814903846153 0.574130858173077 0.42040894951923075 0.5753369134615385 0.42564429086538463 0.574736326923077 0.4292129639423077 0.5720263677884615 0.43278549278846157 0.560576170673077 0.4361188269230769 0.554248045673077 0.4392129639423077 0.5476220697115385 0.4423070985576923 0.5373779302884615 0.44325617307692305 0.5301513677884615 0.4401620360576923 0.5226171875 0.43826003124999996 0.5138818365384615 0.4373070985576923 0.509365235576923 0.43278549278846157 0.5063525384615384 0.4249305552884615 0.50544921875 0.41945601923076925 0.5051464855769231 0.41326774759615387 0.5063525384615384 0.40874228365384613 0.5099658197115384 0.4075540120192308 0.5141845697115385 0.4075540120192308 0.52111328125 0.4061265432692308 0.5322607427884616 0.40184027884615386 0.5440087884615384 0.4004128076923077 0.5497314447115385 0.39945987740384614 0.5599755865384616 0.400173610576923 0.5653955072115384 0.40422067788461535 0.5623828125 0.40826774759615386 0.5660009759615384 0.4120756177884616 0.5714208990384615 0.41564814903846153 0.574130858173077
0 0.7513966057692307 0.74046875 0.7295679014423077 0.7567626947115385 0.7250925937499999 0.765966798076923 0.7250925937499999 0.78013671875 0.7250925937499999 0.7943017572115385 0.728433641826923 0.807763670673077 0.7334837956730769 0.8148437500000001 0.7592322524038462 0.8212207043269231 0.7737808653846153 0.8183837884615385 0.8000848774038462 0.8240527355769232 0.816875 0.82263671875 0.8336651225961538 0.8091748052884615 0.8364660504807693 0.7879296875 0.815756173076923 0.7411767572115384 0.8012037043269231 0.7135546875000001 0.7888927475961538 0.7128466802884615 0.7838541658653846 0.7142626947115385 0.7513966057692307 0.74046875
0 0.10289351923076924 0.10768066346153846 0.09992669711538461 0.11587890625 0.09290894951923077 0.1298828125 0.08643132692307692 0.14525878846153845 0.08184413461538462 0.15687011778846155 0.08400077163461539 0.1630175793269231 0.08993827163461539 0.1664355480769231 0.09560956730769231 0.17258300721153846 0.09857638942307692 0.17873046875 0.10586419711538463 0.1838574230769231 0.11207175961538461 0.17805175721153846 0.11315200721153847 0.168828125 0.1139621923076923 0.1657519519230769 0.11638888942307692 0.15721191346153846 0.11827932211538461 0.14354980528846153 0.12475694471153845 0.12407714903846154 0.12368827163461539 0.11416015625 0.11530864182692308 0.09948242067307692 0.10640432211538461 0.09879882932692308 0.10532407451923077 0.099140625 0.10289351923076924 0.10768066346153846
0 0.2664043221153846 0.28431640625 0.26126157451923077 0.2850390625 0.2595486105769231 0.2850390625 0.25669367307692303 0.2861230456730769 0.2552623461538462 0.28792968750000003 0.2541203701923077 0.29335449278846154 0.2541203701923077 0.2994970697115385 0.2541203701923077 0.3034765625 0.2541203701923077 0.3060058605769231 0.2541203701923077 0.30853515625 0.2541203701923077 0.31070312499999997 0.2541203701923077 0.31468261778846157 0.2541203701923077 0.31865722596153845 0.2544058653846154 0.32516601682692303 0.2581211418269231 0.3295019519230769 0.26268904326923076 0.3323925793269231 0.2678317908653846 0.33420410096153846 0.27697144951923075 0.3338427740384615 0.2781134254807692 0.3323925793269231 0.2812577163461538 0.31757324278846155 0.2812577163461538 0.3132373052884615 0.2809722211538462 0.30419921875 0.27896990625 0.2908203125 0.27640046394230766 0.28720703125 0.2721141971153846 0.2839550769230769 0.2689737644230769 0.28250488221153847 0.2664043221153846 0.28431640625
0 0.6556905865384616 0.9373828125 0.6752816346153847 0.9189697259615385 0.6752816346153847 0.9090527331730769 0.6680054014423077 0.8970117187500001 0.6461766971153846 0.8920507812499999 0.6333063269230769 0.8892187500000001 0.622673610576923 0.8885107427884615 0.5986072524038462 0.90267578125 0.6114776225961539 0.9274658197115385 0.6221103389423077 0.9430517572115384 0.6394598774038461 0.94517578125 0.6556905865384616 0.9373828125
0 1 0.3216894519230769 0.9988464495192309 0.3216894519230769 0.9775694447115384 0.3290380865384615 0.9504899687499999 0.3547412115384615 0.9079398149038462 0.4220605480769231 0.8953665120192308 0.441640625 0.8885956778846154 0.45633300721153847 0.8681905865384615 0.5483740240384616 0.8837615745192308 0.56404296875 0.9060030865384616 0.5775048822115385 0.925347221153846 0.57873046875 0.9524266971153845 0.5762841802884615 0.9872415120192308 0.6056591802884616 1 0.5983154302884615 1 0.3571875 1 0.3216894519230769
0 0.26251157451923074 0.897578125 0.26827160576923076 0.9189208990384615 0.2748533942307692 0.9225634759615384 0.2904822524038461 0.9303759759615384 0.30775848798076927 0.9168408197115384 0.31968364182692305 0.9053857427884615 0.33161265384615385 0.8970556634615385 0.3321759254807692 0.8828125 0.326388889423077 0.86962890625 0.30169753125 0.86474609375 0.2748533942307692 0.8543701177884616 0.2645679014423077 0.8736328124999999 0.26251157451923074 0.897578125
0 0.3915972211538462 0.6791162115384615 0.39390432211538456 0.689453125 0.39434027884615386 0.6986376947115385 0.3967361105769231 0.7034082043269231 0.3996913581730769 0.705078125 0.4111342596153846 0.7042724615384616 0.4183333341346154 0.7038427740384615 0.43409722115384614 0.7025390625000001 0.4460956778846154 0.6990673822115384 0.45260802403846156 0.6956005865384616 0.4539776225961539 0.6899609375 0.4539776225961539 0.68388671875 0.4539776225961539 0.6786816418269231 0.4539776225961539 0.6704394519230769 0.4502314807692308 0.66064453125 0.44129629567307693 0.6565576177884616 0.43402777884615384 0.65625 0.42552855048076926 0.6561230456730769 0.40496527884615385 0.654384766826923 0.40222222115384615 0.654384766826923 0.3967361105769231 0.6548193365384616 0.3933101850961539 0.6643652331730769 0.3915972211538462 0.6682666009615384 0.3915972211538462 0.6747753918269231 0.3915972211538462 0.6791162115384615
0 0.8903125000000001 0.05443359375 0.8978510793269231 0.034912110576923075 0.8978510793269231 0.031875 0.8985378076923076 0.02189941346153846 0.8985378076923076 0.01886230528846154 0.8872260793269231 0.015390625 0.8652893509615385 0.016694336538461536 0.860493826923077 0.016694336538461536 0.8491820985576923 0.023632812500000003 0.8443827163461539 0.02493652403846154 0.8371836418269231 0.028837889423076926 0.8334143509615385 0.037080079326923074 0.8310146610576923 0.04879394471153846 0.8313580240384616 0.07742675721153845 0.8481520072115385 0.07482421874999999 0.85740740625 0.06961914182692308 0.876601079326923 0.062241211538461544 0.8903125000000001 0.05443359375
0 0.5133912043269231 0.651318360576923 0.5143634254807693 0.6550097644230769 0.5166319447115385 0.6586962884615384 0.5295871923076922 0.6668945312500001 0.5389776225961538 0.6750927740384616 0.5457793221153846 0.6750927740384616 0.554201389423077 0.6652587884615385 0.5658603389423077 0.6562402355769231 0.5739583341346154 0.6496826177884615 0.5652121923076924 0.6427099615384615 0.5480478389423077 0.6279541009615385 0.5318518509615384 0.638203125 0.5260223774038462 0.6443505865384616 0.5133912043269231 0.651318360576923
0 0.15042052403846154 0.09002929807692307 0.15119598798076922 0.0969140625 0.1523611105769231 0.10035644471153846 0.1597453701923077 0.10773437500000001 0.17023919711538463 0.11314453125 0.17334876442307692 0.11166992067307692 0.19317129567307692 0.12788085817307693 0.20211033894230768 0.12150878846153847 0.21027392067307693 0.11806640625 0.21027392067307693 0.11757324278846154 0.21570216105769233 0.11313476442307692 0.20794753125 0.09985351442307693 0.19432870432692306 0.07626953125 0.1830671298076923 0.06444824278846153 0.1756828701923077 0.05805664182692308 0.16557484615384616 0.07084472596153847 0.1558603389423077 0.07920410096153846 0.15042052403846154 0.09002929807692307
0 0.12448688221153846 0.4014941394230769 0.11288194471153846 0.3892578125 0.09934413461538462 0.3806884759615385 0.07709876442307693 0.3770166009615385 0.05582175961538461 0.38558593750000003 0.042283949519230764 0.38558593750000003 0.02680941346153846 0.38558593750000003 0.015204475961538462 0.3941503918269231 0.006500771634615385 0.42107910096153844 0.0006983028846153846 0.43699218749999996 0 0.46514160096153845 0.006500771634615385 0.5079833990384615 0.042283949519230764 0.4945214831730769 0.11675154326923076 0.43332031249999997 0.12738811778846154 0.41128906249999997 0.12448688221153846 0.4014941394230769
0 0.21629629567307693 0.43142578125000003 0.22413194471153847 0.4342578125 0.23756558653846155 0.43496581971153847 0.25099922836538463 0.41655273557692307 0.2554745360576923 0.3988427740384616 0.24036265384615385 0.37688476682692307 0.22077546394230768 0.3903417956730769 0.20790123557692308 0.40521972596153844 0.20622299278846154 0.41938476442307693 0.21014274759615384 0.4243408197115385 0.21629629567307693 0.43142578125000003
0 0.9284259254807693 0.2801855480769231 0.9177314807692307 0.2801855480769231 0.9000462956730769 0.28070800721153844 0.8827700625 0.288515625 0.8729012355769231 0.29736328125 0.8671412043269231 0.31975097596153845 0.8650848774038462 0.3405712884615385 0.8630285504807692 0.3577490240384616 0.8704320985576923 0.3728466802884615 0.8782484567307692 0.37961425721153846 0.8872955240384616 0.38013671875 0.9033371923076923 0.37805175721153844 0.9144444447115384 0.37544921875 0.9255478389423076 0.37440918028846154 0.9382986105769231 0.3733691394230769 0.944058641826923 0.37158203125 0.94611496875 0.36399902403846157 0.9506365745192308 0.3473388677884615 0.9521604927884616 0.3408203125 0.9506365745192308 0.3265185552884615 0.9436458341346154 0.30048828125 0.9354205240384614 0.28643554807692306 0.9284259254807693 0.2801855480769231
0 0.21096064903846154 0.48823730528846154 0.22227237740384617 0.48823730528846154 0.2376967596153846 0.48606933653846157 0.23049768509615387 0.47392578124999996 0.19862268509615386 0.43314453125 0.18388503125 0.4071191394230769 0.17668595673076923 0.39931152403846154 0.16503086538461537 0.39844238221153844 0.15577932211538462 0.39583984375000003 0.14549382692307694 0.39844238221153844 0.13541666586538462 0.4072265625 0.13726851923076924 0.4231689447115385 0.1396682091346154 0.43401367307692307 0.14720679086538463 0.44182128846153845 0.17805555528846154 0.4730566394230769 0.19725308653846152 0.4843359375 0.21096064903846154 0.48823730528846154
0 0.9138271610576923 0.12991699278846153 0.9237654326923077 0.13251953125 0.9309645072115385 0.12861328125 0.934733795673077 0.12297363221153847 0.9350771610576923 0.11820312499999999 0.9289081778846153 0.10041503846153846 0.9223958341346153 0.0895703125 0.9131404326923077 0.06961914182692308 0.9076543221153847 0.061806639423076924 0.8973726850961538 0.07004882932692308 0.87509259375 0.08827148317307693 0.8648109567307691 0.09651367067307692 0.8558989206730769 0.10302246153846153 0.8545293221153846 0.11646972596153846 0.8589853389423077 0.12731445192307692 0.868923610576923 0.13989257692307694 0.88263503125 0.15073730528846155 0.9062847211538462 0.14249511778846152 0.9090277788461538 0.1303515625 0.9138271610576923 0.12991699278846153
0 0.06288966105769231 0.6908251947115385 0.07488425961538461 0.6938623052884616 0.08413966105769231 0.6990673822115384 0.09682098798076924 0.7060107427884615 0.1115625 0.70861328125 0.12698688221153848 0.7055761706730769 0.13233024759615383 0.697265625 0.14618055528846152 0.6929980480769231 0.16898148076923075 0.6787109375 0.19725308653846152 0.6561230456730769 0.19827932211538463 0.6435400384615384 0.19690972115384617 0.6292285168269232 0.1921103389423077 0.6188134759615385 0.18016975240384614 0.611328125 0.16091820913461538 0.6031982427884615 0.14446759375 0.60189453125 0.1290432091346154 0.5992919927884615 0.11574074038461538 0.59765625 0.10146605048076923 0.59619140625 0.0879629639423077 0.59228515625 0.07137345673076924 0.5888671875 0.060570987980769236 0.59228515625 0.05603394951923077 0.592353516826923 0.044039350961538465 0.59365234375 0.03238425961538462 0.5984277331730768 0.022102622596153847 0.6001611322115384 0.01079089423076923 0.6071044927884615 0.004621913461538462 0.6114404302884615 0.0011921298076923077 0.6201171875 0 0.6331298822115384 0.004278550480769231 0.6392041009615385 0.017361110576923078 0.64599609375 0.02415894951923077 0.654384766826923 0.04026620432692308 0.6708740240384615 0.05020833413461538 0.6786816418269231 0.06288966105769231 0.6908251947115385
0 0.8191165120192309 0.8892187500000001 0.8224729927884616 0.87576171875 0.8308680552884616 0.8566357427884616 0.8297492283653847 0.8460107427884616 0.8224729927884616 0.83326171875 0.8135185192307692 0.8304248052884616 0.8000848774038462 0.8240527355769232 0.7771412043269231 0.8205126947115384 0.7704243822115384 0.8212207043269231 0.760351079326923 0.8318457019230769 0.7592322524038462 0.8445947259615385 0.7581095673076923 0.8601757812499999 0.7670640432692307 0.8856787115384616 0.7760223774038462 0.8998437499999999 0.7933719134615385 0.8892187500000001 0.816875 0.8913427740384615 0.8191165120192309 0.8892187500000001