0 0.85169753125 0.5916015625 0.8712847211538463 0.590419923076923 0.8866743822115384 0.5727148437499999 0.8960030865384615 0.5614990240384615 0.9020679014423076 0.542021483173077 0.8941396610576924 0.5184082043269231 0.8792129639423076 0.5136865240384615 0.8470331778846153 0.5006982427884615 0.82884259375 0.4971582043269231 0.8078549375 0.49833984374999996 0.7868672836538462 0.504833985576923 0.7719444447115384 0.51427734375 0.7654128076923077 0.51958984375 0.7593518509615385 0.5550048822115385 0.772411264423077 0.569169923076923 0.8022608028846154 0.5809765625 0.8335069447115384 0.5921923822115385 0.85169753125 0.5916015625
0 0.5804436730769231 0.6959619134615385 0.6196219134615385 0.7195751947115384 0.6294174375 0.713671875 0.6303472211538461 0.6918310552884616 0.6186882716346154 0.6564160144230768 0.6135570985576924 0.6292626947115385 0.6051620360576924 0.586171875 0.5925694447115385 0.5401318365384615 0.5715817908653846 0.5106152355769231 0.5519945985576923 0.4864160168269231 0.5300733028846154 0.46870605528846154 0.5020910504807692 0.45276855528846155 0.4689776225961539 0.4510009759615385 0.45032407451923073 0.453359375 0.4386612644230769 0.4628027331730769 0.4302662043269231 0.48995605528846153 0.41767361057692304 0.5218310552884615 0.40881558653846156 0.5483935552884616 0.4013503076923077 0.5714160144230769 0.39995370432692307 0.59384765625 0.4456597211538461 0.61037109375 0.4717746923076923 0.6239501947115385 0.5505979927884616 0.665859375 0.5804436730769231 0.6959619134615385
0 0.9378395072115384 0.6657421875 0.9401697524038461 0.6610205072115385 0.9439004639423078 0.6421289062500001 0.9406365745192308 0.6326855456730769 0.9369058653846154 0.63150390625 0.9303780865384615 0.6338671875 0.9149845673076923 0.6462597668269231 0.9205825625 0.6574755865384615 0.929911264423077 0.6616064447115384 0.9378395072115384 0.6657421875
0 0.5979861105769231 0.34356933653846156 0.5963966057692308 0.34558105528846156 0.5929513894230769 0.34994140625000003 0.5897685192307692 0.35497558653846156 0.5892399687500001 0.3589990240384615 0.5895023149038462 0.36302246153846157 0.5895023149038462 0.37409179567307693 0.5884452163461538 0.38046875 0.5865895072115385 0.38449218749999997 0.5855285504807692 0.38851562500000003 0.5823495360576924 0.39287597596153845 0.581288579326923 0.3975732427884615 0.581288579326923 0.4042822259615385 0.581288579326923 0.4099853509615385 0.5823495360576924 0.41904296875 0.5828780865384615 0.4220605480769231 0.5857947524038462 0.42876953125 0.5871180552884615 0.43413574278846156 0.5887075625 0.43547851682692307 0.5905632716346154 0.4374902331730769 0.5940084879807692 0.43883300721153845 0.5958641971153846 0.4415185552884615 0.597453704326923 0.4435302740384615 0.6030208341346154 0.44554199278846157 0.6077932091346153 0.44654785096153843 0.6109722211538462 0.4482275384615385 0.6149459879807693 0.45225097596153846 0.6175964495192308 0.4542626947115384 0.6207793221153846 0.45828613221153847 0.62263503125 0.46164062499999997 0.62634259375 0.4606347668269231 0.6289930552884615 0.45661132692307693 0.6332330240384615 0.4485595697115385 0.635088735576923 0.4391699206730769 0.635088735576923 0.4297753918269231 0.6342939807692307 0.42105468749999997 0.6334992283653846 0.4119970697115385 0.6303202163461539 0.4042822259615385 0.6284645072115385 0.3985791009615385 0.6266087956730769 0.39388671875000003 0.6236921298076923 0.38818359375 0.62263503125 0.38214355528846156 0.6215740745192307 0.37677734375 0.6205131177884616 0.3714111322115385 0.6197183653846154 0.36839355528846157 0.6175964495192308 0.36134765625000004 0.6162731490384614 0.35765625 0.6149459879807693 0.351953125 0.6144174375 0.349609375 0.6125617283653846 0.34390624999999997 0.610443673076923 0.3408837884615385 0.6085879639423077 0.338203125 0.6038155865384616 0.3375292956730769 0.6006365745192308 0.33686035096153844 0.5985146610576924 0.34021484375 0.5979861105769231 0.34356933653846156
0 0.2431095673076923 0.4191845697115385 0.2415779326923077 0.4051269543269231 0.2343016971153846 0.38864257932692303 0.22663966105769232 0.3789453125 0.2120833341346154 0.3644042956730769 0.19446373557692306 0.3571337884615385 0.1845061730769231 0.35083007692307694 0.16420524759615385 0.3391943365384616 0.1534799375 0.3382275384615384 0.15233024759615385 0.34598144471153847 0.15233024759615385 0.3639208990384616 0.1519483028846154 0.3959130865384616 0.16076003125 0.4123974615384615 0.17148148076923078 0.4191845697115385 0.20940200721153845 0.4332421875 0.22222222115384616 0.4208984375 0.2431095673076923 0.4327587884615385 0.24387731490384615 0.42742675721153844 0.2431095673076923 0.4191845697115385
0 0.39482253125 0.5395410144230769 0.37709876442307694 0.5472119134615384 0.36543981490384614 0.5483935552884616 0.3561111105769231 0.5483935552884616 0.3472608028846154 0.562548826923077 0.3369907403846154 0.5613818365384615 0.33839120432692305 0.576728516826923 0.34258487740384613 0.5920751947115385 0.3523804014423077 0.60447265625 0.36497299278846157 0.6145068365384615 0.37709876442307694 0.619228516826923 0.38969135817307693 0.612734375 0.3934220673076923 0.59974609375 0.40042052403846157 0.5602001947115385 0.40368441346153844 0.5395410144230769 0.40228394951923074 0.5365869134615384 0.39482253125 0.5395410144230769
0 0.1389467596153846 0.20939453125000002 0.13735339423076923 0.20704589903846154 0.13576388942307693 0.20537109375 0.13417438221153846 0.20537109375 0.13179012259615386 0.2043652355769231 0.12993441346153844 0.20302246153846154 0.12834490625 0.19966796875 0.12615740625 0.197265625 0.12330632692307691 0.19564453125 0.1193325625 0.19229003846153844 0.11297067788461537 0.18994140625 0.10634644951923077 0.1902734375 0.10157407451923077 0.1946386730769231 0.09866126442307693 0.19832519471153848 0.09627314903846154 0.20067382692307692 0.09309413461538461 0.20537109375 0.0915046298076923 0.21073730528846155 0.08964892067307692 0.21610351442307693 0.08719135817307692 0.22314453125 0.08487654326923076 0.2325390625 0.08514274759615385 0.2382421875 0.08673225240384615 0.245625 0.08911651201923076 0.24729980528846152 0.09203317788461537 0.24897460817307693 0.09176697596153846 0.25166015625 0.09733410576923077 0.25836913942307693 0.10846450721153846 0.2691015625 0.11164737740384616 0.27279296875000003 0.11562114182692307 0.27715331971153845 0.12065586538461538 0.28117675721153845 0.12463348798076922 0.2835253894230769 0.12993441346153844 0.28654785096153845 0.13470293269230768 0.2892285168269231 0.14000385817307692 0.28990234375 0.14530478365384616 0.29392578124999996 0.15033950721153846 0.29560058653846155 0.15352237740384617 0.2949316418269231 0.15696759375 0.29258300721153846 0.16067901201923077 0.2868798822115385 0.16359182211538462 0.28419921875000004 0.16650848798076925 0.2805078125 0.17366512259615385 0.2788330072115385 0.1771103389423077 0.2714501947115385 0.17817129567307693 0.2660839855769231 0.17817129567307693 0.2587060552884615 0.17658179086538464 0.2523291009615385 0.17498842548076923 0.24663086057692307 0.1723379639423077 0.23891601682692307 0.16783564903846154 0.23220703125 0.16597993749999998 0.22817871153846153 0.16332947596153843 0.22214355528846155 0.1612075625 0.22080078125000002 0.15882330288461538 0.21610351442307693 0.15723379567307694 0.21140625 0.1548456778846154 0.21006836057692307 0.15246142067307694 0.20906249999999998 0.14795524759615383 0.20872558653846152 0.14530478365384616 0.20939453125000002 0.14371527884615384 0.21140625 0.1389467596153846 0.20939453125000002
0 1 0.5820410168269231 0.9703472211538462 0.5826318365384615 0.9624189807692307 0.6062402331730768 0.9544753076923077 0.6446289062499999 0.9446952163461538 0.6664501947115385 0.9535570985576923 0.680615235576923 0.971296295673077 0.6794433605769231 0.9824729927884616 0.6941943365384616 0.9922646610576924 0.697734375 1 0.7054052740384615 1 0.5820410168269231
0 0.016647377403846156 0.19882324278846156 0.015119598557692309 0.20510253846153845 0.015119598557692309 0.21186523317307693 0.015119598557692309 0.22200683653846154 0.015119598557692309 0.23215331971153846 0.015119598557692309 0.24277831971153846 0.017029322115384615 0.2514746105769231 0.020081019230769232 0.25630371153846154 0.022372685096153845 0.2601660168269231 0.02542438221153846 0.26982910096153845 0.026952161057692308 0.27417480528846155 0.03382330288461539 0.2761083990384615 0.03763888942307692 0.2780371081730769 0.041454475961538464 0.2761083990384615 0.044506173076923075 0.275625 0.04946759375 0.2809375 0.05137731490384615 0.28335449278846153 0.05442901201923077 0.28431640625 0.0593904326923077 0.28287109374999997 0.06626157451923077 0.28335449278846153 0.07007716105769231 0.28528320432692306 0.07580246874999999 0.2872167980769231 0.07847607932692308 0.2872167980769231 0.08152777884615385 0.2872167980769231 0.08610725240384615 0.28770019471153846 0.09488425961538462 0.29011230528846155 0.09717592548076923 0.2939794927884615 0.10862654326923077 0.2992919927884615 0.1147299375 0.3002587884615385 0.1254166658653846 0.30170898317307693 0.12579861057692307 0.2963916009615385 0.12007330288461539 0.28576660096153844 0.11587577163461539 0.2819042980769231 0.10725308653846154 0.27734375 0.10108024759615385 0.26708984375 0.035347221153846156 0.20751953125 0.029239968749999998 0.20268554807692307 0.02580632692307692 0.2012402331730769 0.020462963942307694 0.19737304807692307 0.016647377403846156 0.19882324278846156
0 0.7288695985576923 0.5012255865384615 0.7266589495192307 0.5034619134615385 0.7244521610576923 0.5062548822115385 0.7200347211538461 0.51044921875 0.7156172836538462 0.514921875 0.712191358173077 0.51904296875 0.7076658942307692 0.5235839831730769 0.7065625 0.5263818365384615 0.7063387355769231 0.5305761706730769 0.7072222211538463 0.5325292956730769 0.7107561730769232 0.5336474615384615 0.7142901225961539 0.5356054687499999 0.7180478389423077 0.5381201177884616 0.7235686730769231 0.54091796875 0.7268788581730768 0.5431542980769231 0.7299729927884615 0.5431542980769231 0.7321797836538462 0.5406396490384615 0.7337268509615384 0.5364453124999999 0.7346103389423077 0.533369139423077 0.7385879639423076 0.53029296875 0.7401311730769231 0.5277783197115384 0.7412384254807692 0.5247021490384616 0.7421180552884615 0.5202294927884615 0.7421180552884615 0.5160400384615385 0.7410146610576922 0.51044921875 0.7410146610576922 0.5059765625 0.7399691346153846 0.5009765625 0.7372685192307693 0.4970703125 0.7363773149038462 0.49591308653846156 0.7348302475961539 0.4967529302884615 0.7308564807692307 0.49982421875 0.7288695985576923 0.5012255865384615
0 0.7270293221153845 0.4249121105769231 0.7242669759615384 0.4256103509615385 0.721875 0.4293359375 0.7213233028846153 0.4335302740384615 0.7220601850961538 0.44098632692307693 0.7242669759615384 0.4465771490384615 0.7301581778846155 0.4577587884615385 0.7343904326923076 0.46334961057692303 0.7395447524038462 0.46916992307692307 0.7507716057692307 0.4805859375 0.7561072524038461 0.4852441394230769 0.7612615745192308 0.4885058581730769 0.7638387355769231 0.48943847596153844 0.7653086418269232 0.4843115240384615 0.7645756177884616 0.47825683653846157 0.7610763894230769 0.47173339903846156 0.7572106490384616 0.46520996153846156 0.7551890432692308 0.46031738221153845 0.7513233028846155 0.45263183653846156 0.7465354927884615 0.4470410168269231 0.7430401225961538 0.4405175793269231 0.7402777788461539 0.4353955072115384 0.7375192908653846 0.4309667956730769 0.73678240625 0.4288720697115384 0.7349421298076924 0.42677734375000004 0.7310763894230768 0.4253759759615384 0.7270293221153845 0.4249121105769231
0 0.3692283942307692 0.40125 0.36554012259615387 0.4021777331730769 0.3627739206730769 0.40451171874999997 0.35927469230769227 0.40660644471153845 0.35558256250000003 0.4077734375 0.35208719230769236 0.4091796875 0.35062114182692306 0.41010742067307693 0.34842978365384614 0.41034668028846155 0.34381558653846156 0.4119580072115384 0.34235339423076927 0.4136083990384615 0.3399382716346154 0.4161865240384615 0.33643904326923074 0.42177734375 0.3333217596153846 0.42688964903846155 0.32909336538461537 0.43341308653846156 0.3274382716346154 0.4350244134615385 0.3255941346153846 0.43900878846153846 0.3219020072115385 0.44480468749999996 0.31878857932692306 0.4485449206730769 0.3150964495192307 0.454140625 0.3114081778846154 0.46041992307692303 0.3099459879807692 0.4629980480769231 0.30790894951923076 0.4674267572115385 0.30533564903846155 0.47185546875 0.30314043269230767 0.47535644471153843 0.30094521634615384 0.47954101682692307 0.2989081778846154 0.4820751947115385 0.29725694471153846 0.48513671875000003 0.2924537043269231 0.4918603509615384 0.2907986105769231 0.4951171875 0.28841435096153845 0.4986230480769231 0.2886033942307692 0.5021240240384615 0.2893364206730769 0.503974610576923 0.2915316346153846 0.5104931634615385 0.2931828701923077 0.5156494134615385 0.29521990625 0.52076171875 0.296875 0.5242626947115384 0.2991010793269231 0.5272802740384616 0.3005632716346154 0.529375 0.3020254639423077 0.5321923822115384 0.30352237740384613 0.5349707019230769 0.3044444447115385 0.537060548076923 0.3060956778846154 0.5398779302884615 0.3088310192307692 0.5417285144230769 0.3110570985576923 0.5438232427884615 0.3130632716346154 0.5452343749999999 0.31656249999999997 0.5454345697115385 0.31859567788461535 0.5454345697115385 0.32263503125 0.544990235576923 0.32689814903846154 0.5431396490384615 0.3289004639423077 0.54125 0.3337037043269231 0.5400781250000001 0.3362808653846154 0.53939453125 0.34104938221153847 0.5389111322115384 0.3445486105769231 0.5368212884615384 0.34842978365384614 0.5363769519230769 0.35024305528846156 0.53544921875 0.35466049278846157 0.5327539062500001 0.35943287019230774 0.5307421875 0.36515817788461535 0.5283251947115384 0.3705632716346154 0.5239013677884615 0.3746990745192308 0.5186669927884615 0.38010416586538465 0.513837889423077 0.3836033942307692 0.5094091802884615 0.38678240625 0.5041748052884615 0.3896450625 0.4993457019230769 0.39505401201923074 0.4933056634615385 0.39505401201923074 0.4896826177884615 0.3931442908653846 0.4872705072115385 0.3909182091346154 0.48324218750000003 0.38901234615384617 0.47921874999999997 0.38741898076923076 0.4751953125 0.38741898076923076 0.4707666009615385 0.3921913581730769 0.4659375 0.3953703701923077 0.46312011778846157 0.39664351923076924 0.4611035168269231 0.3975964495192308 0.45828613221153847 0.3979166658653846 0.4538623052884615 0.39600694471153847 0.4482275384615385 0.39282793269230765 0.4397705072115385 0.3915547836538461 0.4361474615384615 0.3896450625 0.42970703125000004 0.38805555528846153 0.42407226442307694 0.38455632692307695 0.41884277403846154 0.3820138894230769 0.4144140625 0.3775617283653846 0.4087792980769231 0.3753047836538462 0.4061621081730769 0.37345679086538464 0.40290038942307693 0.3692283942307692 0.40125
0 0.5032214495192308 0.38764160096153844 0.50009259375 0.38764160096153844 0.49898919711538464 0.3913671875 0.49880401201923075 0.39462890625 0.49825231490384614 0.4002197259615385 0.4962268509615385 0.4044140625 0.49586033894230774 0.40744140624999997 0.4984336418269231 0.41046875 0.5011959879807693 0.4118701177884615 0.5045100312499999 0.41373046874999997 0.5076388894230769 0.41442871153846156 0.5148148149038462 0.4165283197115385 0.5184953701923077 0.4165283197115385 0.5190509254807693 0.41419921875 0.5183140432692308 0.4093066394230769 0.5172067908653847 0.4051123052884616 0.5153665120192308 0.3997558605769231 0.5140779326923077 0.39602538942307697 0.5120563269230769 0.39532714903846156 0.5091087956730769 0.3918359375 0.5057986105769231 0.38880859375 0.5032214495192308 0.38764160096153844
0 0.14101080288461537 0.6809814447115384 0.14021605048076924 0.6866845697115385 0.1433989206730769 0.6893701177884615 0.1481674375 0.6903759759615385 0.15824074038461539 0.6893701177884615 0.16804398076923077 0.6893701177884615 0.17732253125 0.6907128918269231 0.1826234567307692 0.6907128918269231 0.18553626442307694 0.6880273437500001 0.1876581778846154 0.6816552740384616 0.1881867283653846 0.674609375 0.1876581778846154 0.6668945312500001 0.18633487740384616 0.660859375 0.18447916586538463 0.6538134759615384 0.1828858028846154 0.6504589831730769 0.17652777884615387 0.64576171875 0.17281635817307692 0.6450927740384615 0.1672492283653846 0.6444189447115385 0.1632754639423077 0.6454248052884615 0.16009644951923077 0.648779298076923 0.15559027884615384 0.65515625 0.15239197596153847 0.65869140625 0.1508179014423077 0.6618652355769231 0.14763888942307693 0.6672314447115385 0.14419367307692307 0.674609375 0.14101080288461537 0.6809814447115384
0 0.3811188269230769 0.41113769471153844 0.3917785504807692 0.4328808605769231 0.39829475240384615 0.45236816346153846 0.41310185096153845 0.4486230456730769 0.4427160504807693 0.44787109375 0.44745370432692305 0.44187499999999996 0.4540895072115385 0.4296875 0.4587075625 0.41938476442307693 0.4634490745192308 0.40963867307692303 0.46463348798076926 0.4021435552884615 0.45693287019230766 0.39239746153846156 0.4510108028846154 0.3879003894230769 0.43857253124999995 0.38340331971153846 0.42790894951923075 0.3774072259615385 0.4267245360576923 0.37365722596153844 0.41724922836538464 0.37065918028846156 0.4083641971153846 0.36916015625000004 0.40303240625000003 0.3684130865384615 0.39770447596153846 0.36916015625000004 0.38704089423076926 0.37365722596153844 0.3781558653846154 0.37515624999999997 0.3651273149038462 0.38340331971153846 0.3651273149038462 0.3879003894230769 0.37045910576923075 0.3976464855769231 0.3811188269230769 0.41113769471153844
0 0.41490740625 0.68791015625 0.4313503076923077 0.69892578125 0.4980787043269231 0.7540039062499999 0.5445023149038462 0.76134765625 0.5628742283653846 0.752783204326923 0.5957561730769231 0.72095703125 0.5735146610576923 0.7013720697115384 0.5116203701923077 0.65486328125 0.4845408942307692 0.6316064447115385 0.45746142067307694 0.6193652331730769 0.4071720673076923 0.6022314447115384 0.38879629567307694 0.6499658197115384 0.3984683653846154 0.6670996105769231 0.41490740625 0.68791015625
0 0.2427700625 0.13703125 0.23906635817307692 0.14900390624999998 0.23742283894230767 0.15837402403846154 0.23742283894230767 0.16201660096153844 0.23989197596153847 0.16722168028846152 0.25017361057692306 0.18700683653846153 0.2608680552884616 0.19221191346153846 0.2707407403846154 0.18440429567307692 0.2789660504807692 0.17659179567307692 0.28554783894230773 0.17242675721153844 0.2978858028846154 0.17242675721153844 0.3061111105769231 0.17242675721153844 0.31187114182692305 0.1781542980769231 0.3217438269230769 0.17555175721153848 0.32091820913461533 0.15993652403846154 0.31804012259615383 0.14900390624999998 0.3163966057692308 0.14015625 0.31310570913461533 0.13026367067307693 0.30709876442307693 0.11767578125 0.29870756249999997 0.11516601682692308 0.2904822524038461 0.11152343749999999 0.28020061778846156 0.10631835817307692 0.2707407403846154 0.09486328125 0.2567554014423077 0.10892089903846153 0.25181712980769233 0.11725097596153847 0.24853009375000001 0.1255761730769231 0.2427700625 0.13703125
0 0.3867283942307692 0.4769628894230769 0.3920756177884615 0.4837255865384616 0.3990702163461538 0.48945312500000004 0.40523919711538464 0.49205566346153845 0.41305169711538464 0.4915380865384616 0.42168981490384616 0.48737304567307693 0.4241589495192307 0.47904296875 0.4307407403846154 0.46759277403846156 0.4327970673076923 0.46238281249999996 0.43238425961538457 0.4545751947115385 0.4315625 0.4498925793269231 0.4233371923076923 0.4498925793269231 0.41305169711538464 0.4509326177884615 0.40112654326923075 0.45822265624999997 0.3966010793269231 0.4639453125 0.3867283942307692 0.4707128918269231 0.3867283942307692 0.4769628894230769
0 0.8930941346153846 0.5914990240384616 0.8888310192307693 0.6103857427884616 0.9023341057692308 0.6283789062499999 0.9122839495192309 0.6337744134615384 0.9257870360576923 0.634677733173077 0.9392939807692307 0.6355761730769232 0.9485339495192308 0.6355761730769232 0.950663579326923 0.6238818365384616 0.9599035504807693 0.6022900384615385 0.9606134254807692 0.5914990240384616 0.9648804014423077 0.580703125 0.9691435192307692 0.5726074230769231 0.9691435192307692 0.5618115240384616 0.9648804014423077 0.5510205072115385 0.958483795673077 0.5465185552884615 0.9549305552884615 0.5438232427884615 0.9471103389423077 0.5402246105769231 0.9385802475961539 0.5402246105769231 0.9279205240384615 0.5402246105769231 0.9108641971153847 0.5501171874999999 0.903753858173077 0.56361328125 0.8973572524038461 0.580703125 0.8930941346153846 0.5914990240384616
0 0.6766705240384615 0.4576171875 0.6914776225961539 0.4538671875 0.6997723774038461 0.4471240240384615 0.7052469134615384 0.439453125 0.7118055552884616 0.43310546875 0.7183641971153846 0.431640625 0.7216859567307693 0.42837890624999997 0.7240547836538462 0.4231347668269231 0.7240547836538462 0.41863769471153844 0.7206790120192307 0.41552734375 0.715277778846154 0.40966796875 0.7056944447115385 0.40139648317307697 0.6985841057692308 0.40064453125 0.6897029326923078 0.3983984375 0.6808179014423076 0.39689941346153845 0.6778549375 0.40139648317307697 0.673711420673077 0.41863769471153844 0.6725270072115385 0.43512695192307693 0.673711420673077 0.4486230456730769 0.6766705240384615 0.4576171875
0 0.8249421298076923 0.43441406250000003 0.8229552475961538 0.43329589903846155 0.8200848774038462 0.43246093750000003 0.8169907403846154 0.43162109374999996 0.8132368822115384 0.43273925721153844 0.8121334879807692 0.4346972644230769 0.8119135793269231 0.4400048822115385 0.810586420673077 0.4447607427884615 0.8094830240384615 0.4472753918269231 0.8092631177884615 0.45202636778846156 0.8116898149038462 0.45482421875 0.8163310192307692 0.4553808581730769 0.8183179014423078 0.4553808581730769 0.8200848774038462 0.45482421875 0.8211882716346154 0.45035156249999997 0.8229552475961538 0.4475537115384615 0.8267091057692307 0.44615722596153845 0.8282561730769231 0.4444775384615385 0.8298032403846154 0.4425244134615385 0.8304668221153846 0.4411230456730769 0.8315702163461538 0.4380517572115385 0.8309066346153846 0.43609375 0.8286998461538461 0.43609375 0.8267091057692307 0.43581543028846154 0.8249421298076923 0.43441406250000003
0 0.7512307091346154 0.3771582019230769 0.7473958341346154 0.3777441394230769 0.7435609567307692 0.37890625 0.7400347211538462 0.38007324278846155 0.7375810192307692 0.38181640624999996 0.7352777788461539 0.38336913942307693 0.7335918221153845 0.3847314447115385 0.7339004639423077 0.38764160096153844 0.7331327163461538 0.39132812499999997 0.732673610576923 0.39365722596153846 0.732673610576923 0.398125 0.7335918221153845 0.40123046875 0.73696759375 0.40278320192307693 0.7412615745192308 0.40453125 0.7443287043269231 0.40550293028846157 0.7454012355769231 0.40278320192307693 0.7467824062499999 0.40083984375 0.7506172836538462 0.3989013677884615 0.7532253076923077 0.3996777355769231 0.7569058653846154 0.4020068365384616 0.7610455240384616 0.40569336057692307 0.7638078701923077 0.40491699278846155 0.7681018509615385 0.4031689447115384 0.7727044759615385 0.40083984375 0.7759259254807692 0.39851074278846155 0.7771527788461537 0.39540527403846154 0.7789930552884615 0.3909423822115385 0.7811381177884615 0.3878369134615385 0.7811381177884615 0.38453613221153843 0.7815972211538462 0.3812353509615385 0.7826736105769231 0.37948730528846153 0.78236496875 0.3763818365384616 0.7808333341346153 0.37405273317307697 0.7779166658653847 0.37327636778846157 0.7753125 0.37289062500000003 0.7725501538461538 0.37327636778846157 0.7710146610576923 0.37327636778846157 0.7690239206730769 0.3734716802884615 0.7671797836538462 0.3738574206730769 0.7656481490384616 0.37405273317307697 0.7650347211538461 0.37444336057692307 0.763348764423077 0.37521972596153846 0.7627353389423077 0.37580078125 0.7610455240384616 0.3765771490384615 0.7593595673076923 0.3763818365384616 0.7572106490384616 0.37599609375000004 0.7541435192307693 0.3763818365384616 0.7512307091346154 0.3771582019230769
0 0.5283757716346154 0.22555175721153847 0.5234645072115385 0.2253613293269231 0.5211651225961538 0.2253613293269231 0.5196334879807692 0.22691406249999999 0.5191705240384615 0.23195800721153845 0.5191705240384615 0.23662109375 0.5193248461538462 0.24050293028846154 0.5214737644230769 0.24186035096153846 0.52392746875 0.24186035096153846 0.5277623461538462 0.24302246153846155 0.532361110576923 0.24496581971153847 0.5365046298076923 0.2472949206730769 0.5409529326923077 0.2502050769230769 0.5453973774038462 0.2533105456730769 0.5477006177884616 0.2538964831730769 0.55 0.2544775384615385 0.5519945985576923 0.2540869134615385 0.5539891971153846 0.2502050769230769 0.55490740625 0.2470996081730769 0.55490740625 0.24399413942307693 0.5541396610576923 0.24166503846153847 0.5526080240384615 0.23817382692307693 0.5504591057692307 0.23564941346153848 0.5458603389423077 0.233125 0.5423302475961539 0.23001953125 0.5395717596153846 0.22827148557692306 0.5369637355769231 0.22632812500000002 0.5348148149038462 0.22497070192307692 0.5329745360576923 0.22497070192307692 0.5306751538461538 0.2251660144230769 0.5283757716346154 0.22555175721153847
0 0.51794753125 0.42916015625 0.4992939807692308 0.4226660144230769 0.4820370360576923 0.4273876947115385 0.4787731490384616 0.43683105528846156 0.4862345673076923 0.4468652355769231 0.49789351923076924 0.45276855528846155 0.5048881177884615 0.45749023557692303 0.5128202163461538 0.45926269471153847 0.5226118822115384 0.4622167956730769 0.5254128076923077 0.45513183653846156 0.5296103389423077 0.4498193365384615 0.5328742283653847 0.44037597596153844 0.5300733028846154 0.4309277355769231 0.51794753125 0.42916015625
0 0.7267168221153846 0.35017578125 0.7230092596153846 0.35211913942307693 0.7195601850961538 0.35551757932692307 0.7162345673076923 0.35858886778846155 0.7166203701923077 0.36441406249999997 0.7172569447115384 0.36975097596153844 0.7191743822115384 0.3733105480769231 0.7208371923076923 0.3755761730769231 0.7231365745192307 0.3791308581730769 0.7241589495192307 0.3830175769230769 0.7258217596153845 0.3870605480769231 0.7292708341346154 0.3883544927884615 0.7324691346153845 0.3873828125 0.7338734567307692 0.38479492067307697 0.7363001538461538 0.38204589903846153 0.7401350312499999 0.3796191394230769 0.7433333341346154 0.37864746153846157 0.7483179014423077 0.3763818365384616 0.7530439807692308 0.3758984375 0.7577739206730769 0.37444336057692307 0.7632716057692307 0.3733105480769231 0.7669753076923077 0.37314941346153846 0.7678703701923077 0.37185546875000003 0.7678703701923077 0.36975097596153844 0.7677430552884614 0.3666748052884615 0.7669753076923077 0.3629589855769231 0.7653163581730769 0.3574560552884615 0.7637808653846154 0.3526025384615385 0.7619907403846155 0.35195800721153847 0.7604591057692307 0.35163085817307693 0.7602044759615385 0.34953125 0.7585416658653846 0.34774902403846153 0.7564969134615385 0.3466162115384615 0.7536844134615385 0.34548828125000003 0.7509992283653847 0.34548828125000003 0.7484452163461538 0.34564941346153844 0.7460146610576923 0.34597168028846154 0.74384259375 0.3461328125 0.7421797836538461 0.347265625 0.7416705240384616 0.34791015625 0.7406481490384615 0.3487207043269231 0.7380902788461537 0.34904296875 0.736558641826923 0.34904296875 0.7354089495192307 0.34774902403846153 0.7311882716346154 0.34807617307692307 0.7267168221153846 0.35017578125