0 0.49000771634615387 0.5681640625 0.4863155865384616 0.5503662115384615 0.4802739206730769 0.5393994134615384 0.4758410504807692 0.5327685552884616 0.4706018509615385 0.5279248052884615 0.4671759254807692 0.5274169927884615 0.4631442908653846 0.5276708990384615 0.46133101923076925 0.5327685552884616 0.4704012355769231 0.5626074230769231 0.4784606490384615 0.5700000000000001 0.48510802403846154 0.5710205072115385 0.49000771634615387 0.5681640625
0 0.14954861057692306 0.4193066418269231 0.15205246875 0.4040966802884615 0.14804398076923075 0.39142578125 0.13702932211538463 0.37748046875 0.12401234615384617 0.38064941346153847 0.11700231490384616 0.38255371153846157 0.1009799375 0.384453125 0.08946373557692308 0.38889160096153846 0.0709375 0.3945947259615385 0.05741512259615385 0.3996630865384615 0.04840277884615385 0.407265625 0.04790509375 0.4250097644230769 0.05341049278846154 0.4357861322115385 0.0569174375 0.44338867067307697 0.06342592548076922 0.4566943365384616 0.0679320985576923 0.4725390625 0.07193672836538462 0.4864794927884616 0.07994984615384615 0.4915527355769231 0.0904629639423077 0.4915527355769231 0.1009799375 0.48901367307692306 0.12000385817307692 0.4719042956730769 0.1275154326923077 0.4535253894230769 0.13352623557692309 0.44021972596153847 0.1420370360576923 0.4294482427884615 0.14954861057692306 0.4193066418269231
0 0.5378472211538461 0.2848828125 0.5390663581730769 0.2972265625 0.5402854927884616 0.3188330072115385 0.5512615745192307 0.32346191346153846 0.5732098774038461 0.32346191346153846 0.5878395072115384 0.3033984375 0.589058641826923 0.2756201177884615 0.5683333341346154 0.2694482427884615 0.5610146610576924 0.2540185552884615 0.54638503125 0.2385839855769231 0.5256558653846154 0.2370410144230769 0.5158989206730769 0.24938964903846153 0.50736496875 0.2709912115384615 0.5134606490384616 0.28333984375 0.5378472211538461 0.2848828125
0 0.18434413461538462 0.5322314447115384 0.18434413461538462 0.52306640625 0.17970679086538463 0.5168310552884615 0.1762307091346154 0.50986328125 0.1715933653846154 0.5065625 0.1579745360576923 0.49849121153846154 0.1501504639423077 0.4988623052884616 0.13682484615384616 0.5069287115384615 0.13276620432692307 0.5142626947115384 0.12378472115384616 0.5296630865384615 0.11277392067307691 0.5472705072115385 0.11016589423076922 0.558271483173077 0.10610725240384615 0.56890625 0.11219521634615384 0.5740380865384616 0.12465277884615385 0.5876074230769232 0.13247685096153847 0.5953076177884615 0.13566357932692308 0.5989794927884615 0.14348765384615383 0.60484375 0.15681712980769233 0.60998046875 0.16579861057692308 0.6044775384615385 0.16985725240384617 0.5934765625 0.17709876442307693 0.5652392572115384 0.18318672836538463 0.5465332019230769 0.18318672836538463 0.5435986322115385 0.18434413461538462 0.5322314447115384
0 0.29164737740384616 0.383125 0.3021643509615385 0.3774169927884615 0.30867283894230774 0.37615234375 0.31618441346153847 0.36347656250000004 0.31467978365384613 0.3514355480769231 0.30817129567307694 0.33115722596153846 0.3021643509615385 0.3140478509615384 0.2991589495192308 0.2956689447115385 0.2951543221153846 0.2855322259615385 0.28614197596153845 0.28046386778846155 0.2781288581730769 0.27982910096153846 0.2711188269230769 0.28236328125 0.2646103389423077 0.2861669927884615 0.25659722115384614 0.29693847596153844 0.24908950721153847 0.3083447259615385 0.24057484615384617 0.3235546875 0.23907407451923077 0.33306152403846156 0.2375733028846154 0.34763671874999996 0.23857253125 0.3527050793269231 0.25709876442307694 0.36284179807692307 0.2631095673076923 0.3679150384615385 0.2771296298076923 0.3767871081730769 0.29164737740384616 0.383125
0 0.7278472211538461 0.34482421875 0.7360532403846154 0.34274414182692303 0.7431095673076923 0.33942382692307693 0.7473765432692308 0.34544433653846157 0.7467206778846154 0.35790527403846156 0.7544328701923076 0.3608154302884615 0.7626388894230769 0.35666015624999997 0.7696952163461539 0.3522998052884615 0.7715007716346154 0.3446142572115385 0.7787229927884615 0.3400439447115385 0.7775733028846153 0.33173828125000004 0.7701890432692308 0.31906738221153846 0.7654282403846153 0.30598144471153843 0.7534490745192308 0.29767578125 0.7460648149038461 0.3076464831730769 0.7301466057692308 0.3188623052884615 0.7196450624999999 0.3259228509615385 0.7216126538461538 0.33132324278846154 0.72423996875 0.3390087884615385 0.7278472211538461 0.34482421875
0 0.08304012259615384 0.2780908197115385 0.09767361057692307 0.28734863221153845 0.129375 0.29352538942307693 0.1440046298076923 0.29352538942307693 0.1696103389423077 0.30278320432692307 0.19277777884615382 0.2842626947115385 0.20375385817307692 0.2672900384615385 0.2061921298076923 0.2472265625 0.1915586418269231 0.23179687499999999 0.17083333413461538 0.21636230528846154 0.15376157451923078 0.21173339903846153 0.13425154326923078 0.21173339903846153 0.11474151201923077 0.21636230528846154 0.10011188221153847 0.22716308653846154 0.08304012259615384 0.23025390625 0.06596836538461538 0.23025390625 0.051338735576923075 0.23179687499999999 0.0533950625 0.25244140625 0.051338735576923075 0.27191894471153844 0.06353009375 0.27500488221153846 0.08304012259615384 0.2780908197115385
0 0.5160262355769231 0.35202148557692303 0.5199922836538462 0.3608496105769231 0.5231404326923077 0.36033203124999996 0.524506173076923 0.3660400384615385 0.5258757716346154 0.37209960817307697 0.5275154326923077 0.37002441346153847 0.528746141826923 0.3653515625 0.5348996923076923 0.36188964903846155 0.5365393509615385 0.3508105456730769 0.5369521610576923 0.3444091802884615 0.5426967596153847 0.34388671875 0.5422839495192308 0.33834961057692303 0.5402353389423077 0.32779296874999997 0.5385918221153847 0.3187890625 0.5373611105769232 0.3051171875 0.53763503125 0.29369628846153845 0.5370871923076923 0.2793310552884615 0.532986110576923 0.28001953125 0.526693673076923 0.28296386778846155 0.5199922836538462 0.28607910096153844 0.5117901225961539 0.2890234375 0.5095987644230769 0.29456054807692306 0.49989197596153845 0.3032128894230769 0.49783950721153847 0.3194824206730769 0.5024884254807692 0.33229003846153843 0.5080941346153847 0.3449267572115385 0.5097376538461538 0.3456201177884616 0.5124729927884615 0.3476953125 0.5160262355769231 0.35202148557692303
0 0.5066589495192309 0.606875 0.5038040120192308 0.610703125 0.5001080240384616 0.6153759759615385 0.49540894951923076 0.6215380865384615 0.49540894951923076 0.627490233173077 0.4987654326923077 0.6338623052884615 0.5078317908653847 0.6330126947115384 0.522943673076923 0.6289746081730769 0.5289891971153846 0.6200537115384616 0.5310030865384616 0.6109130865384615 0.527141204326923 0.6013525384615385 0.5197530865384615 0.5939111322115385 0.514548610576923 0.5960400384615384 0.5127006177884615 0.6007128894230769 0.5066589495192309 0.606875
0 0.44476851923076927 0.5640576177884615 0.43940972115384613 0.5759423822115385 0.4409220673076923 0.581474608173077 0.4466242283653846 0.5833886706730769 0.45250771634615383 0.5829541009615384 0.46290509375 0.5831835937500001 0.4699575625 0.5831835937500001 0.47442901201923077 0.5771435552884616 0.46959490625 0.5671972644230769 0.46052855048076924 0.5539355456730769 0.4560339495192308 0.5506738269230769 0.45434027884615386 0.5555419927884615 0.44476851923076927 0.5640576177884615
0 0.3638233028846154 0.6533642572115385 0.3496257716346154 0.6654638677884616 0.3302121923076923 0.685634766826923 0.3235455240384616 0.6889355480769231 0.32267746875 0.6984716802884615 0.33223765384615384 0.7039697259615385 0.3455671298076923 0.7131396490384615 0.35513117307692305 0.719375 0.3707754639423077 0.7263427740384615 0.3855555552884615 0.7336767572115386 0.4093171298076923 0.732578125 0.42959876442307693 0.7314746081730769 0.44350694471153845 0.7307421875 0.4577044759615384 0.7274414062500001 0.4626311730769231 0.7197412115384616 0.4678472211538462 0.6988378918269231 0.48117669711538463 0.6904052740384615 0.48175540144230766 0.6760986322115384 0.47480324038461535 0.6573974615384616 0.47306327163461537 0.6430957019230769 0.46552855048076924 0.6251269543269231 0.4603125 0.6097216802884615 0.45625771634615386 0.5976220697115384 0.4516203701923077 0.5851513677884616 0.4400308653846154 0.5866162115384616 0.41945601923076925 0.5976220697115384 0.41396605048076923 0.608984375 0.39250771634615383 0.62255859375 0.3803395072115385 0.6350292980769231 0.3638233028846154 0.6533642572115385
0 0.048804012019230764 0.42304687500000004 0.048804012019230764 0.4154394519230769 0.04980709855769231 0.40973632692307693 0.054313271634615384 0.4027685552884615 0.06232253124999999 0.3983300769230769 0.06983410576923077 0.39453125 0.07834490625 0.38755859375 0.07484182211538462 0.3698144543269231 0.0723379639423077 0.3615771490384615 0.06783179086538461 0.3546044927884615 0.06232253124999999 0.35080566346153846 0.052310956730769236 0.3412988269230769 0.04429783894230769 0.3381298822115385 0.037789350961538466 0.33939453125 0.03228009375 0.34890136778846154 0.024772377403846153 0.35080566346153846 0.02026234615384615 0.3514355480769231 0.009749228365384614 0.3565087884615385 0.0012384254807692309 0.37868652403846154 0 0.40466796875 0.009247685096153846 0.42051269471153846 0.017762346153846153 0.43191894471153847 0.0412924375 0.4483935552884616 0.05581404326923077 0.44966308653846154 0.053811728365384615 0.4420556634615384 0.050806326923076926 0.43508788942307697 0.048804012019230764 0.42304687500000004
0 0.7013310192307693 0.32750488221153845 0.69540509375 0.3270703125 0.6864043221153846 0.32995605528846156 0.6777430552884615 0.33226074278846157 0.6713580240384616 0.3384667980769231 0.6690817908653847 0.34495605528846157 0.6645216057692308 0.3456787115384615 0.6579128076923078 0.34711913942307693 0.6540354927884615 0.35230956971153843 0.6535802475961539 0.3576464831730769 0.6607600312499999 0.3579345697115385 0.667141204326923 0.36082031249999996 0.6739814807692308 0.36168456971153845 0.6840084879807692 0.362265625 0.6892515432692308 0.36139648317307693 0.6930131177884615 0.35980956971153844 0.6973418221153846 0.3514453125 0.6973418221153846 0.34250488221153846 0.6977970673076922 0.3326953125 0.7013310192307693 0.32750488221153845
0 0.6199189807692308 0.32586425721153844 0.6260223774038463 0.316640625 0.6238580240384616 0.30941406250000003 0.6163734567307693 0.307421875 0.6144058653846154 0.2996923822115385 0.6167669759615385 0.28947753846153845 0.6114506177884615 0.2805029302884615 0.6045601850961538 0.27501953125 0.5984529326923077 0.2735253894230769 0.5917592596153847 0.2805029302884615 0.5886072524038461 0.286484375 0.5878395072115384 0.3033984375 0.5797453701923077 0.3163916009615385 0.5750192908653846 0.3298535168269231 0.572851079326923 0.33957031249999997 0.5779745360576923 0.34355956971153845 0.5797453701923077 0.34705078125 0.5899845673076923 0.34380859375 0.6033757716346154 0.34156738221153843 0.6173572524038462 0.3353369134615385 0.6199189807692308 0.32586425721153844
0 0 0.20314941346153845 0.0012384254807692309 0.2044140625 0.0072453701923076924 0.20568359375 0.01125 0.20568359375 0.017762346153846153 0.21138671875 0.04279706730769231 0.2107519543269231 0.053811728365384615 0.19808105528846154 0.061824846153846154 0.19364257692307693 0.06633101923076923 0.18033691346153846 0.06833333413461538 0.16956054807692308 0.06801697596153847 0.157421875 0.06633101923076923 0.14611328125 0.061824846153846154 0.1410449230769231 0.05280864182692308 0.13597656249999998 0.038788579326923076 0.12836913942307693 0.02026234615384615 0.11696288942307692 0.0047415120192307696 0.11125976682692308 0 0.11949706971153845 0 0.15245117307692307 0 0.18857421875000002 0 0.20314941346153845
0 0.5824266971153846 0.4840380865384616 0.5775925937499999 0.4881201177884616 0.5743672836538462 0.4944921875 0.5751736105769231 0.503671875 0.5802121923076923 0.5087744134615385 0.59169753125 0.5082617187499999 0.6023726850961538 0.5057128918269231 0.6023765432692307 0.4868408197115385 0.5904861105769231 0.4786816418269231 0.5890779326923077 0.4799560552884615 0.5824266971153846 0.4840380865384616
0 0.8242283942307692 0.4211328125 0.8196334879807693 0.4173925769230769 0.8168441346153846 0.42133788942307693 0.8156944447115385 0.4296484375 0.8137268509615385 0.43878418028846156 0.8110995360576924 0.4460546875 0.8099498461538462 0.45041503846153846 0.8175 0.45228515625 0.8283294759615385 0.45207519471153845 0.8335841057692307 0.45436035096153843 0.8393248461538462 0.45561035096153846 0.843263889423077 0.44895996153846157 0.8475308653846153 0.44439453125 0.8491705240384615 0.4404443365384615 0.8426080240384616 0.4337988269230769 0.8388348774038461 0.42881347596153846 0.8319405865384616 0.4254931634615385 0.8242283942307692 0.4211328125
0 0.5159490745192308 0.45569824278846155 0.5194251538461538 0.46669921875 0.5260879639423077 0.47073242067307697 0.5420254639423077 0.4718310552884616 0.5533256177884616 0.4688964831730769 0.5678163581730769 0.46486328125000004 0.5692631177884615 0.4564306634615385 0.5649189807692307 0.448359375 0.5582523149038462 0.43919433653846157 0.5518788581730769 0.4344238293269231 0.5443441346153846 0.42085449278846154 0.54259259375 0.417578125 0.5304359567307693 0.4087548822115385 0.5147878076923077 0.40398925721153844 0.5084143509615384 0.40142089903846156 0.49595293269230767 0.40398925721153844 0.49015817788461535 0.41168945192307693 0.4852314807692307 0.4215917956730769 0.4843634254807692 0.42929199278846153 0.47972607932692307 0.438828125 0.48783950721153846 0.44469238221153845 0.5066743822115385 0.44689453125 0.5127623461538462 0.44946288942307694 0.5159490745192308 0.45569824278846155
0 0.5388966057692308 0.6228125 0.5503125 0.62451171875 0.5603858028846154 0.6240869134615384 0.5697916658653847 0.6219628894230769 0.5785223774038462 0.6177148437500001 0.5852391971153846 0.6128271490384616 0.5909452163461538 0.6045361322115385 0.5944714495192308 0.5983740240384615 0.5959837956730769 0.5951904302884615 0.5961535504807692 0.589873045673077 0.5936342596153846 0.5888134759615384 0.5872530865384615 0.5868994134615385 0.5805362644230769 0.5868994134615385 0.5660956778846153 0.5843505865384615 0.5482986105769231 0.5941259759615385 0.5382253076923077 0.6013525384615385 0.5345293221153846 0.6100634759615384 0.5388966057692308 0.6228125
0 0.6628819447115385 0.5894677740384615 0.6705246923076923 0.57998046875 0.6608796298076923 0.5607910144230769 0.6477391971153845 0.5301513677884615 0.6434143509615384 0.5274169927884615 0.6325964495192308 0.5292431634615384 0.6294753076923078 0.5445800769230769 0.6181751538461538 0.5584423822115384 0.6116859567307692 0.57212890625 0.6044791658653846 0.5885546875000001 0.6102469134615385 0.5885546875000001 0.6369251538461539 0.5858203125 0.65134259375 0.5885546875000001 0.6628819447115385 0.5894677740384615
0 0.2591010793269231 0.5399316394230769 0.2628703701923077 0.5428662115384616 0.2709837956730769 0.548369139423077 0.28025462980769233 0.5502001947115385 0.28865740624999997 0.5494677740384616 0.2993788581730769 0.549833983173077 0.2993788581730769 0.5417675793269231 0.29706018509615384 0.5329638677884615 0.29560185096153846 0.5223144543269231 0.2921296298076923 0.5124511730769231 0.29329475240384617 0.5028955072115384 0.28923611057692306 0.49077148557692307 0.2854552475961538 0.47685546874999996 0.27997685096153846 0.4662109375 0.2686651225961538 0.46071777403846154 0.26431712980769234 0.4566845697115385 0.2596836418269231 0.45228515625 0.2518595673076923 0.45044921875 0.24606481490384613 0.4515527331730769 0.2373688269230769 0.45595214903846154 0.22723765384615383 0.46440429807692307 0.21130401201923077 0.47353515625 0.1979629639423077 0.47758789182692307 0.19187885817307693 0.4827246081730769 0.18956018509615385 0.49189453125000004 0.19071759375000003 0.49849121153846154 0.19274691346153847 0.507294923076923 0.19564429086538462 0.5153613269230769 0.19709490624999998 0.5190283197115385 0.1979629639423077 0.5215966802884615 0.20897376442307694 0.5237988293269231 0.22345679086538464 0.5388183605769231 0.22955246875 0.5417480480769231 0.2521489206730769 0.5395654302884615 0.2591010793269231 0.5399316394230769
0 0.9907291658653846 0.5130371105769231 0.9797376538461537 0.49829101442307694 0.9733371923076923 0.4876953125 0.9618479927884616 0.4852050793269231 0.9510185192307692 0.49372070192307693 0.9437962956730769 0.5072216802884616 0.9331288581730769 0.5273681634615385 0.9306674374999999 0.5383740240384616 0.9331288581730769 0.5504248052884615 0.9418287043269231 0.5506298822115384 0.9485570985576923 0.5510449230769231 0.9615200625 0.546474610576923 0.9723495360576924 0.5412841802884615 0.9844945985576923 0.5354687499999999 0.9948341057692307 0.5263281249999999 0.9907291658653846 0.5130371105769231
0 0.21838348798076923 0.19846191346153846 0.23301697596153848 0.20617675721153847 0.25008873557692307 0.2246972668269231 0.2744753076923077 0.21543456971153846 0.29032407451923076 0.20309081971153847 0.30983410576923076 0.1845703125 0.30739583413461535 0.1537109375 0.2988618822115385 0.13056152403846155 0.28221450721153846 0.11884765624999999 0.27081790144230766 0.10586913942307692 0.25540123557692307 0.08930664182692308 0.24243827163461537 0.09331054567307692 0.2281404326923077 0.10278320192307693 0.21350694471153847 0.12438964903846153 0.20497299278846154 0.14907714903846153 0.20863040144230768 0.15525390625 0.21838348798076923 0.19846191346153846
0 0.7378163581730769 0.14599121153846153 0.7707407403846154 0.13673339903846154 0.7975655865384615 0.13673339903846154 0.8219521610576923 0.12438964903846153 0.826828704326923 0.10124023557692308 0.8536535504807692 0.07346191346153846 0.826828704326923 0.06574706971153846 0.8012229927884615 0.06266113221153846 0.784151235576923 0.06883300721153846 0.7597646610576922 0.07500488221153846 0.7365972211538462 0.09352538942307692 0.719868826923077 0.124609375 0.7207484567307693 0.14907714903846153 0.7378163581730769 0.14599121153846153
0 0.8394560192307693 0.67646484375 0.8431018509615384 0.6790576177884616 0.8501658942307693 0.6797802740384615 0.85392746875 0.67646484375 0.8540432091346154 0.6695410168269231 0.8627044759615384 0.6672314447115385 0.8696566346153846 0.6649267572115385 0.872503858173077 0.6526660168269232 0.874328704326923 0.6430029302884616 0.8660069447115385 0.6356445312500001 0.8558641971153846 0.6239599615384616 0.8459490745192307 0.6196337884615384 0.8353510793269231 0.6111230456730768 0.8310223774038461 0.6233837884615384 0.8264621923076922 0.6392529302884615 0.8193981490384614 0.6535302740384614 0.8143827163461539 0.66146484375 0.811875 0.6683886730769231 0.8152932091346153 0.6719921875 0.8171180552884615 0.6773291009615385 0.8166628076923076 0.6842529302884616 0.8189429014423077 0.6851171875000001 0.8230439807692308 0.6822314447115385 0.8281712956730769 0.6823779302884615 0.8295408942307693 0.6748779302884615 0.8394560192307693 0.67646484375
0 0.2830246923076923 0.41169921875 0.2884953701923077 0.4070263677884615 0.2854861105769231 0.40374023557692307 0.27304012259615384 0.3949121081730769 0.26237268509615386 0.3886816418269231 0.2544405865384615 0.38400878846153846 0.24801311778846152 0.38400878846153846 0.2389891971153846 0.3836621105769231 0.2348842596153846 0.3800292956730769 0.2285956778846154 0.37639160096153845 0.2240817908653846 0.37431640624999996 0.2191589495192308 0.37587402403846154 0.21587577163461538 0.3772558581730769 0.22134644951923077 0.38296874999999997 0.22873070913461538 0.39404785096153844 0.23570601923076923 0.40270019471153845 0.2381674375 0.4097949206730769 0.24145061778846152 0.4148144543269231 0.25184413461538463 0.42035644471153844 0.2605941346153846 0.4272802740384615 0.26907407451923077 0.4345458990384615 0.2778279326923077 0.4411230456730769 0.2830246923076923 0.4449316418269231 0.28576003125 0.4451074230769231 0.2887692908653846 0.43541503846153845 0.2889043221153846 0.4272802740384615 0.2854861105769231 0.41671874999999997 0.2830246923076923 0.41169921875
0 0.526875 0.8975341802884615 0.5341898149038461 0.92994140625 0.5536998461538462 0.9392041009615385 0.5756481490384615 0.9469189447115384 0.604911264423077 0.9469189447115384 0.6683179014423076 0.9438330072115384 0.7000192908653846 0.9345703125 0.7231867283653847 0.9268554687499999 0.760983795673077 0.9160546875000001 0.760983795673077 0.9067968750000001 0.760983795673077 0.8929052740384615 0.757326389423077 0.8651269519230769 0.7487924375 0.8404345697115385 0.7341589495192308 0.8157470697115384 0.7146527788461537 0.8033984375000001 0.690266204326923 0.7895117187499999 0.6658796298076923 0.7848828125 0.6414930552884616 0.78796875 0.6171064807692308 0.7972265625 0.59271990625 0.80494140625 0.5683333341346154 0.8219189447115384 0.5476041658653846 0.8404345697115385 0.5329706778846154 0.855869139423077 0.5158989206730769 0.8712988269230769 0.526875 0.8975341802884615
0 0.09508487740384616 0.49685546875000003 0.07090277884615384 0.5124609375 0.0675192908653846 0.52255859375 0.07307870432692308 0.5308203125 0.08734567788461539 0.551953125 0.10330246875 0.5497949206730769 0.12457947596153847 0.5231738269230769 0.1209529326923077 0.49685546875000003 0.11297453605769231 0.4925683581730769 0.09508487740384616 0.49685546875000003
0 0.674413579326923 0.6953759759615384 0.7036766971153846 0.7061767572115384 0.7317206778846154 0.7030908197115384 0.7486496923076923 0.6877441394230769 0.7650848774038461 0.690771485576923 0.7737268509615384 0.687060545673077 0.7719907403846153 0.658984375 0.755941358173077 0.641943360576923 0.7344521610576924 0.627734375 0.7170910504807692 0.6074121081730769 0.6927044759615384 0.6120410144230769 0.675632716346154 0.6336474615384616 0.6658796298076923 0.6459912115384616 0.6609992283653846 0.67994140625 0.674413579326923 0.6953759759615384
0 0.5195601850961539 0.45833984375000003 0.5195601850961539 0.47068359374999996 0.5488233028846154 0.4722265625 0.5671141971153847 0.46759765625 0.5719907403846154 0.45833984375000003 0.5683333341346154 0.44753418028846154 0.5524807091346153 0.43673339903846153 0.5451658942307692 0.41821288942307694 0.5341898149038461 0.41204101682692307 0.5207793221153846 0.4074121105769231 0.5098032403846153 0.4058691418269231 0.5000501538461538 0.4012402355769231 0.4902932091346154 0.41204101682692307 0.48419753125000004 0.42901855528846156 0.4817592596153846 0.44136230528846154 0.5000501538461538 0.44599121153846155 0.5146797836538461 0.44599121153846155 0.5195601850961539 0.45833984375000003
0 0.6719753076923076 0.23241210817307692 0.6780709879807693 0.24475586057692308 0.6988001538461539 0.24784668028846155 0.7268441346153847 0.24475586057692308 0.7217592596153846 0.21606445192307694 0.7123456778846153 0.17685546875000002 0.6969521610576923 0.17250976682692307 0.674413579326923 0.15216308653846153 0.6524652788461538 0.14599121153846153 0.6292978389423076 0.14290527403846154 0.6219830240384615 0.156796875 0.6219830240384615 0.1783984375 0.632955247596154 0.21543456971153846 0.651246141826923 0.22624023557692308 0.6719753076923076 0.23241210817307692
0 0.26471836538461535 0.27500488221153846 0.27691357932692306 0.27500488221153846 0.2866666658653846 0.27500488221153846 0.2952044759615385 0.27500488221153846 0.3049575625 0.26574706971153844 0.30617669711538464 0.25185546875 0.30373842548076924 0.23796875 0.2915432091346154 0.23179687499999999 0.2720370360576923 0.23179687499999999 0.2561844134615385 0.23796875 0.25740355048076924 0.256484375 0.2586226850961538 0.27500488221153846 0.26471836538461535 0.27500488221153846
0 0.7765856490384616 0.3512597668269231 0.7725231490384614 0.3589746105769231 0.768753858173077 0.36741699278846157 0.7702160504807692 0.37915038942307694 0.7829706778846154 0.3898193365384615 0.7922530865384616 0.38210937500000003 0.8047299375 0.37402831971153844 0.809371141826923 0.36081054807692303 0.8058912043269231 0.3380419927884616 0.7963155865384616 0.3365722644230769 0.7841319447115385 0.3439160168269231 0.7765856490384616 0.3512597668269231
0 0.5272067908653846 0.5022167980769231 0.5256674375 0.5045166009615385 0.5237075625000001 0.5094775384615384 0.52048996875 0.5163818365384615 0.5197916658653846 0.5231103509615385 0.5230092596153846 0.5278955072115384 0.53084490625 0.53001953125 0.535181326923077 0.525947266826923 0.5441358028846154 0.5172705072115384 0.5502932091346154 0.5059326177884615 0.5342013894230769 0.4999121081730769 0.5301466057692308 0.4997363269230769 0.5272067908653846 0.5022167980769231
0 0.3780787043269231 0.37024902403846155 0.388163579326923 0.37552734375 0.3947685192307692 0.37641113221153844 0.39963734615384616 0.37860839903846155 0.41285107932692305 0.3662890625 0.41389274759615385 0.35572753846153843 0.41285107932692305 0.34472168028846156 0.4062422836538462 0.3434033197115385 0.3968557091346154 0.3434033197115385 0.39581404326923075 0.3398828125 0.38329475240384614 0.3350439447115384 0.3808603389423077 0.32447753846153843 0.3756442908653846 0.30951660096153844 0.3693865745192308 0.30159668028846154 0.3568672836538462 0.29939453125 0.34956790144230765 0.298515625 0.3387885793269231 0.29895507932692306 0.3300964495192308 0.3037939447115385 0.32800925961538463 0.31127929807692306 0.32661651201923075 0.3227197259615385 0.3287037043269231 0.33240234375 0.33113811778846153 0.3398828125 0.33321759375 0.3504394543269231 0.34017746875 0.34516113221153844 0.34888117307692307 0.34384765625 0.3544328701923077 0.3530859375 0.35826003125 0.36232421875000004 0.3711265432692308 0.368046875 0.3780787043269231 0.37024902403846155
0 0.4207947524038461 0.5009326177884615 0.4392746923076923 0.49604492067307693 0.4659066346153846 0.4947558581730769 0.48297839423076927 0.4885839831730769 0.4963927475961538 0.4808691394230769 0.5134606490384616 0.4762402355769231 0.5175540120192308 0.4566894519230769 0.5101466057692308 0.4458984375 0.4878549375 0.4469189447115385 0.47565586538461535 0.4419921875 0.4570601850961538 0.4363769543269231 0.4456404326923077 0.4369140625 0.4305478389423077 0.4669824230769231 0.4238040120192308 0.48447265625 0.4207947524038461 0.5009326177884615
0 0.7424652788461539 0.7142138677884616 0.7532021610576923 0.7197216802884616 0.7639351850961538 0.73404296875 0.7819251538461539 0.7358789062500001 0.7909182091346154 0.7384521490384616 0.8048456778846155 0.7413867187500001 0.8077469134615385 0.7351464855769231 0.8065856490384615 0.72302734375 0.8019444447115384 0.7065039062499999 0.7903395072115385 0.69181640625 0.7874382716346153 0.6859375000000001 0.7801851850961538 0.6793310552884615 0.7743827163461539 0.6818994134615385 0.7735108028846154 0.68814453125 0.7656751538461539 0.6903466802884615 0.7500077163461539 0.6903466802884615 0.7410146610576922 0.6947509759615385 0.7375347211538461 0.7024658197115384 0.7424652788461539 0.7142138677884616
0 0.7996527788461538 0.6232910144230769 0.7909490745192307 0.61705078125 0.7854359567307692 0.6196191418269231 0.7813734567307692 0.6251269543269231 0.7805015432692308 0.6321044927884615 0.7805015432692308 0.6416552740384615 0.7860146610576924 0.6489990240384615 0.7982021610576923 0.649365235576923 0.8141589495192308 0.6482617187499999 0.8211226850961538 0.6412841802884616 0.8069058653846154 0.62990234375 0.8034259254807693 0.6273339831730769 0.7996527788461538 0.6232910144230769
0 0.3598804014423077 0.5694189447115384 0.3547530865384615 0.5709814447115384 0.3554166658653846 0.5744677740384615 0.35817129567307693 0.5796337884615385 0.3637731490384616 0.5888916009615385 0.3718441346153846 0.5969433605769231 0.3771643509615385 0.606796875 0.3876929014423077 0.624951173076923 0.4034722211538462 0.6159326177884614 0.41334876442307694 0.6086035168269232 0.4162924375 0.5963427740384616 0.4191396610576923 0.585283204326923 0.42350694471153844 0.57638671875 0.4207561730769231 0.57314453125 0.40498842548076924 0.5666552740384615 0.39264274759615386 0.5620849615384615 0.37906249999999997 0.5608837884615384 0.3718441346153846 0.563046875 0.36548225240384613 0.5665332019230769 0.3598804014423077 0.5694189447115384
0 0.8616435192307693 0.40662109375 0.8595563269230768 0.39472656250000004 0.8567708341346154 0.38458984375 0.849108795673077 0.3797412115384615 0.8386651225961538 0.380625 0.8282214495192307 0.4022167980769231 0.8386651225961538 0.4277734375 0.8435416658653847 0.43218261778846156 0.8567708341346154 0.4185205072115385 0.8616435192307693 0.40662109375
0 0.41054012259615386 0.2225390625 0.4109606490384615 0.21092285096153846 0.40970679086538464 0.19771972596153847 0.4067862644230769 0.18293456971153846 0.40428240625 0.1718457043269231 0.39844135817307696 0.1596972644230769 0.38300154326923075 0.15283203125 0.37090277884615386 0.15705566346153846 0.3608873461538461 0.16181152403846152 0.3542129639423077 0.16339355528846153 0.3487885793269231 0.16603515625 0.3471180552884615 0.17501464903846153 0.35295910576923073 0.18663086057692307 0.3571334879807692 0.19877441346153846 0.35838348798076924 0.20828125 0.35587962980769233 0.22201171875 0.38341820913461533 0.2410253918269231 0.4001118822115384 0.2510595697115385 0.40720293269230773 0.24155273317307693 0.41054012259615386 0.2225390625
0 0.4155748461538461 0.43288574278846154 0.41180941346153843 0.42444824278846155 0.4060108028846154 0.41748046875 0.39992669711538464 0.4123486322115385 0.40021605048076925 0.4086816394230769 0.3964506177884616 0.3984130865384615 0.3909452163461538 0.38814453125 0.3851504639423077 0.3855761706730769 0.37211033894230766 0.3855761706730769 0.36196759375 0.3885107427884616 0.36081018509615387 0.39768066346153846 0.3642862644230769 0.4068457043269231 0.3657368822115385 0.41931640625 0.36457561778846154 0.43801757692307697 0.3631288581730769 0.44828613221153846 0.3613888894230769 0.4611230480769231 0.3631288581730769 0.48166015624999997 0.36863425961538465 0.48789550721153846 0.37558642067307696 0.48972656249999996 0.37906249999999997 0.4908300793269231 0.38659722115384615 0.4900927740384615 0.3935532403846154 0.48459472596153846 0.4054398149038461 0.48203125 0.4115162043269231 0.46332519471153844 0.41354552403846156 0.45122070432692307 0.4158641971153846 0.44021972596153847 0.4155748461538461 0.43288574278846154
0 0.057388117788461535 0.30392578125 0.05456790144230769 0.30979003846153846 0.052754629807692306 0.3197363269230769 0.052754629807692306 0.3284082043269231 0.06544753125 0.3360546875 0.06907407451923077 0.3340185552884615 0.0712924375 0.32764160096153844 0.07552083413461538 0.30417968749999996 0.060814043269230775 0.2983154302884615 0.05960648076923077 0.29933593750000004 0.057388117788461535 0.30392578125
0 0.7341589495192308 0.5842626947115385 0.7585455240384615 0.5842626947115385 0.7853703701923076 0.5811767572115385 0.8121952163461538 0.5750048822115384 0.8256095673076923 0.5657470697115385 0.839023920673077 0.55494140625 0.8475578701923077 0.531796875 0.8512152788461538 0.5071044927884615 0.8365817908653846 0.4870410144230769 0.8109760793269231 0.48395507692307693 0.7939081778846154 0.48395507692307693 0.7743981490384615 0.49938964903846156 0.7585455240384615 0.5071044927884615 0.7390393509615384 0.5225341802884615 0.7292824062500001 0.5240771490384616 0.7097723774038461 0.5287109375 0.6878240745192308 0.53333984375 0.6731944447115384 0.53642578125 0.6768518509615385 0.5642041009615385 0.7048958341346154 0.5750048822115384 0.7341589495192308 0.5842626947115385
0 0.7340817908653846 0.7363916009615384 0.72740740625 0.7400683605769232 0.7253742283653846 0.7492480456730769 0.7210223774038462 0.7624658197115385 0.7114506177884615 0.7804589855769231 0.7085493822115385 0.793310548076923 0.7134799375 0.8039599615384615 0.7262461418269232 0.8109375000000001 0.7413348774038462 0.8215869134615384 0.7558410504807692 0.8212207043269231 0.7726697524038462 0.8153466802884615 0.7700578701923076 0.8002880865384616 0.7552623461538462 0.7481445312499999 0.7456867283653845 0.7371289062499999 0.7430748461538462 0.7363916009615384 0.7340817908653846 0.7363916009615384
0 0.5748225312499999 0.33957031249999997 0.5667476850961538 0.33832519471153844 0.55178240625 0.34156738221153843 0.5383912043269231 0.3445556634615385 0.5356327163461538 0.35726562500000003 0.5450848774038461 0.36599121153846154 0.5565084879807692 0.3762109375 0.5645833341346154 0.38269043028846156 0.5779745360576923 0.388671875 0.5836844134615384 0.3801953125 0.5789583341346154 0.3620019543269231 0.5775810192307692 0.34705078125 0.5748225312499999 0.33957031249999997
0 0.7324768509615385 0.39172363221153844 0.7302584879807692 0.3983544927884616 0.7280439807692307 0.40728027403846156 0.7298572524038461 0.41289062499999996 0.7363040120192307 0.4133984375 0.7483950625 0.41238281250000003 0.7514158942307693 0.41059570192307693 0.7489969134615385 0.3924902331730769 0.7387229927884615 0.385859375 0.7350964495192307 0.3868798822115384 0.7324768509615385 0.39172363221153844
0 0.4455709879807692 0.5213623052884615 0.43902392067307694 0.523486326923077 0.4368402788461539 0.5268896490384616 0.43852237740384614 0.5311376947115385 0.44070216105769233 0.5330517572115384 0.4564853389423077 0.5375146490384616 0.4603472211538462 0.5270996105769231 0.45732638942307696 0.52115234375 0.4519521610576923 0.5207275384615385 0.4455709879807692 0.5213623052884615
0 0.7832484567307693 0.01361328125 0.7747415120192307 0.0034375 0.7669328701923077 0.000751951923076923 0.7579629639423077 0.0019482427884615384 0.7546527788461539 0.011816406250000001 0.7482677475961539 0.027060548076923076 0.7418942908653846 0.04172363221153846 0.7369290120192308 0.051586913461538465 0.7345640432692307 0.06116211057692308 0.7444907403846154 0.06354980528846153 0.7522878076923077 0.06534668028846154 0.7574845673076923 0.06325195192307692 0.7622145072115385 0.05577636778846154 0.7714313269230769 0.0584765625 0.7749729927884614 0.06415527403846154 0.7792283942307693 0.06953613221153845 0.789868826923077 0.06744140625 0.7988387355769231 0.06325195192307692 0.7980979927884615 0.05913574278846154 0.7937229927884615 0.05100097596153846 0.7926967596153845 0.02886230528846154 0.7893865745192308 0.01899902403846154 0.7832484567307693 0.01361328125
0 0.5873996923076923 0.6478857427884616 0.5785108028846154 0.6525634759615385 0.5734529326923077 0.6655419927884616 0.5741358028846154 0.6750634759615385 0.5845293221153847 0.6826757812500001 0.594375 0.6889062499999999 0.6035378076923077 0.693408201923077 0.616118826923077 0.6899462884615384 0.6306134254807693 0.6830224615384615 0.6479822524038461 0.67541015625 0.6527700625 0.6686572259615384 0.6500347211538462 0.6669287115384616 0.6337615745192308 0.6572363269230769 0.6132484567307692 0.6492724615384616 0.60080246875 0.6466748052884616 0.5873996923076923 0.6478857427884616
0 0.8034645072115385 0.39359375 0.7983217596153847 0.3894873052884616 0.7923842596153846 0.3853808581730769 0.7903279326923076 0.3846777331730769 0.7840740745192308 0.38927734375 0.7798804014423077 0.3955957043269231 0.7770331778846155 0.40060546874999997 0.7744984567307692 0.4089160144230769 0.7810686730769232 0.4099169927884615 0.7871604927884616 0.412421875 0.7955516971153845 0.4147265625 0.8014081778846154 0.4179296875 0.8054436730769231 0.4182324230769231 0.8114583341346153 0.4115234375 0.8150192908653846 0.4027050793269231 0.8111419759615385 0.3993994134615385 0.8034645072115385 0.39359375
0 0.04648533894230769 0.4705371081730769 0.03608796394230769 0.47390625000000003 0.018194444711538464 0.4809423822115385 0.007557870192307692 0.48859375 0.006589507211538462 0.5005273437500001 0.01045910576923077 0.5155224615384616 0.0184375 0.52806640625 0.03270061778846154 0.5543847668269231 0.04769290144230769 0.5549951177884616 0.054702932692307686 0.5418408197115384 0.06002314903846154 0.51888671875 0.06413580288461539 0.5093994134615385 0.052276235576923076 0.4818359375 0.04648533894230769 0.4705371081730769
0 0.880891204326923 0.6478955072115385 0.8861149687500001 0.6464257812499999 0.8916280865384615 0.6387158197115385 0.8907561730769231 0.6284326177884616 0.8832137355769232 0.6159472644230769 0.8832137355769232 0.606767579326923 0.880891204326923 0.60419921875 0.8707368822115384 0.6023632812499999 0.8658063269230769 0.6038281249999999 0.8568094134615385 0.61521484375 0.8597106490384616 0.631005858173077 0.8681249999999999 0.640185545673077 0.873931326923077 0.6453271490384616 0.880891204326923 0.6478955072115385
0 0.5001273149038462 0.39885253846153845 0.5102121923076923 0.3957714855769231 0.5129629639423077 0.39702148557692307 0.5165509254807692 0.39013671875 0.5216859567307692 0.37641113221153844 0.5206404326923078 0.36584472596153844 0.5175115745192308 0.35572753846153843 0.5129938269230769 0.34912597596153844 0.504648920673077 0.34692382692307694 0.4994328701923077 0.34648437499999996 0.4931712956730769 0.34692382692307694 0.4862191346153846 0.34956543028846154 0.48030864182692307 0.35088378846153845 0.47335262259615385 0.35484375 0.46084105048076923 0.36806640625 0.4542283942307692 0.36672851442307697 0.4517939807692307 0.37641113221153844 0.44623070913461543 0.38697265625 0.44066743750000004 0.3935693365384615 0.43962577163461536 0.4089746105769231 0.44032021634615387 0.41777831971153845 0.4472723774038462 0.43009765625 0.46048611057692307 0.42745605528846153 0.4834375 0.41953613221153846 0.48969521634615387 0.4072119134615385 0.5001273149038462 0.39885253846153845