0 0.7436381177884616 0.07666503846153847 0.7371604927884616 0.07256347596153846 0.7303587956730768 0.07092773317307692 0.7222646610576924 0.07133788942307692 0.7190239206730769 0.07338378846153847 0.7115740745192307 0.07748535096153845 0.7070408942307692 0.08814453125 0.7038040120192307 0.09674804567307692 0.7018595673076924 0.10986816346153847 0.7041242283653847 0.1201171875 0.7112499999999999 0.11806640625 0.7190239206730769 0.11560546875000001 0.7284182091346154 0.10658691346153847 0.7491473774038462 0.08814453125 0.751736110576923 0.084453125 0.74946759375 0.08281250000000001 0.7436381177884616 0.07666503846153847
0 0.8045910504807693 0.40381347596153844 0.8045910504807693 0.39755371153846153 0.8014429014423077 0.39214355528846156 0.7964969134615385 0.39071777403846153 0.7910956778846153 0.39470703125 0.7865972211538461 0.4043847668269231 0.7787268509615385 0.41320800721153844 0.7776003076923076 0.4200390625 0.7789506177884615 0.42544921874999997 0.781875 0.4300048822115385 0.7949189807692308 0.4302880865384615 0.7998688269230769 0.4228857427884615 0.8043672836538461 0.41462890625 0.8048186730769231 0.4112158197115384 0.8045910504807693 0.40381347596153844
0 0.20023148076923075 0.25244140625 0.20717592548076924 0.24462890625 0.21682098798076924 0.2333984375 0.22723765384615383 0.2216796875 0.22723765384615383 0.212890625 0.22337962980769233 0.19921875 0.21361882692307693 0.17141113221153845 0.20580246875 0.14892578125 0.20153549278846153 0.14712402403846153 0.19585262259615385 0.14712402403846153 0.18945601923076924 0.14712402403846153 0.17381944471153846 0.15072265625 0.15889274759615385 0.166015625 0.1446759254807692 0.17681152403846154 0.13330632692307692 0.17860839903846154 0.12051311778846154 0.19569824278846154 0.13233024759615383 0.24853515625 0.15817901201923076 0.2548828125 0.17901234615384617 0.25048828125 0.20023148076923075 0.25244140625
0 0.6226851850961539 0.27783203125 0.6385030865384616 0.26806640625 0.6446759254807692 0.26904296875 0.6543209879807693 0.27587890625 0.6543209879807693 0.26123046875 0.6535493822115386 0.2509765625 0.6452970673076923 0.24263183653846154 0.6398688269230769 0.24190918028846153 0.6295871923076923 0.23974121153846153 0.6204475312500001 0.23829589903846154 0.6121643509615384 0.23757324278846154 0.6064506177884615 0.23757324278846154 0.5981674375 0.23974121153846153 0.5933101850961539 0.2448046875 0.5907407403846153 0.2545605480769231 0.5870254639423077 0.2607080072115385 0.5858834879807693 0.2664941394230769 0.5835995360576923 0.27299804807692307 0.5801697524038462 0.27950683653846153 0.5793132716346154 0.2874609375 0.5813155865384615 0.2943261706730769 0.5853125 0.30083496153846156 0.5924537043269231 0.3069824230769231 0.605308641826923 0.30480956971153844 0.6155902788461538 0.29975097596153844 0.6153549375 0.29248046875 0.6226851850961539 0.27783203125
0 0.3653549375 0.1806640625 0.3807870360576923 0.18359375 0.3946759254807692 0.19140625 0.4056481490384615 0.18761230528846154 0.41421682211538463 0.18197265625 0.4347839495192308 0.17850097596153847 0.4336419759615385 0.17236328125 0.4309413581730769 0.16650390625 0.4269020072115385 0.155078125 0.4231288581730769 0.1459667956730769 0.41421682211538463 0.14076171875 0.4087345673076923 0.13859375000000002 0.4035918221153846 0.13729003846153848 0.3936535504807692 0.13642089903846155 0.37857253125 0.15160644471153845 0.3662307091346154 0.16245117067307693 0.36265432211538456 0.1669921875 0.3653549375 0.1806640625
0 0.6332407403846154 0.5381250000000001 0.6407831778846155 0.5472363293269231 0.6486651225961538 0.5511425793269231 0.6562075625 0.5528759759615385 0.6654629639423076 0.55634765625 0.6778009254807693 0.5602490240384616 0.6949382716346153 0.5550439447115385 0.7110493822115385 0.5402978509615385 0.715848764423077 0.5320556634615385 0.7216743822115385 0.525546875 0.7216743822115385 0.51513671875 0.7206442908653846 0.5064599615384615 0.7175617283653846 0.50298828125 0.704193673076923 0.50298828125 0.6884259254807692 0.5012548822115385 0.6790123461538461 0.49658203125 0.673611110576923 0.49365234375 0.6689814807692307 0.48876953125 0.6604938269230769 0.4833984375 0.6496952163461539 0.4778271490384615 0.6387268509615385 0.4752246081730769 0.6294714495192307 0.47175293028846155 0.626388889423077 0.47175293028846155 0.6164467596153845 0.4708886730769231 0.6068479927884616 0.4730566394230769 0.6075347211538461 0.48606933653846157 0.6099344134615385 0.49474609375 0.6122685192307692 0.5 0.6153549375 0.5166015625 0.6188464495192308 0.5207763677884615 0.6226157403846154 0.5298828125 0.6332407403846154 0.5381250000000001
0 0.5195640432692308 0.24714355528846152 0.5141319447115384 0.24951171875 0.507943673076923 0.25568359375 0.5036342596153847 0.263984375 0.5077584879807693 0.2675439447115385 0.5135686730769231 0.2665917956730769 0.5323109567307692 0.27015136778846155 0.5360609567307693 0.2661181634615385 0.5358719134615385 0.25449706971153846 0.5341859567307693 0.24951171875 0.5280015432692308 0.24263671875 0.5251890432692308 0.244296875 0.5195640432692308 0.24714355528846152
0 0.8881172836538462 0.060317382211538456 0.8780478389423076 0.07605956971153846 0.8709413581730769 0.07906250000000001 0.8762731490384615 0.09330078124999999 0.8810108028846154 0.10379882692307693 0.9074074062499999 0.10986328125 0.9174382716346153 0.1005859375 0.92365740625 0.10604492307692308 0.9349112644230769 0.10454589903846154 0.9538618822115384 0.103046875 0.9603780865384616 0.103046875 0.9663001538461539 0.09705078125000001 0.9664351850961539 0.0927734375 0.9627469134615385 0.08580566346153845 0.9597839495192309 0.07306152403846154 0.9574151225961539 0.06106933653846154 0.9574151225961539 0.052075194711538465 0.9567901225961539 0.04248046875 0.9529320985576923 0.0205078125 0.9506172836538462 0.01513671875 0.9497183653846153 0.01159668028846154 0.9437924375000001 0.01159668028846154 0.93728009375 0.01609375 0.9313541658653846 0.02133789182692308 0.9230632716346154 0.028837889423076926 0.9153626538461539 0.032583007211538464 0.9135879639423077 0.03483398557692308 0.9023341057692308 0.043076170673076924 0.8946334879807692 0.05282226682692308 0.8881172836538462 0.060317382211538456
0 0.5515046298076923 0.5832714855769231 0.5554706778846155 0.5845263677884616 0.5643981490384615 0.5810107427884615 0.5725308653846154 0.5795068365384616 0.5814583341346153 0.5777490240384615 0.59236496875 0.5749853509615385 0.5969290120192308 0.5692138677884615 0.5985146610576924 0.557666014423077 0.5993094134615384 0.5496289062499999 0.5979205240384615 0.54486328125 0.5955401225961539 0.5380810552884616 0.5939544759615385 0.53431640625 0.5893904326923077 0.5330615240384615 0.5840354927884616 0.53255859375 0.5790779326923077 0.53255859375 0.5711419759615385 0.5328125 0.5653896610576923 0.5333154302884615 0.5548765432692307 0.5348193365384616 0.5469444447115385 0.5388378918269231 0.5485300937500001 0.5441064447115385 0.54892746875 0.5518896490384615 0.5509104927884615 0.5662011706730768 0.5501157403846154 0.57900390625 0.5515046298076923 0.5832714855769231
0 0.41035493749999996 0.23995605528846153 0.39558256249999996 0.2552050769230769 0.39402777884615386 0.26848632932692307 0.3948070985576923 0.2793066418269231 0.4037461418269231 0.28422851682692307 0.40685570913461533 0.272421875 0.4461111105769231 0.26750488221153845 0.46280864182692305 0.2550292956730769 0.48240740625 0.26997070192307693 0.4962962956730769 0.2520996081730769 0.49313657451923076 0.24094238221153846 0.48537808653846154 0.2052734375 0.4779783942307692 0.20650878846153847 0.44494212980769227 0.21979003846153844 0.41540509374999995 0.23602050721153847 0.41035493749999996 0.23995605528846153
0 0.8735185192307693 0.37783691346153847 0.8740895072115384 0.38000488221153844 0.8763734567307692 0.38072753846153845 0.8840856490384615 0.3828955072115384 0.8866550937500001 0.38615234375 0.8872260793269231 0.38615234375 0.8997955240384615 0.3828955072115384 0.9026504639423076 0.37819824278846154 0.9077932091346154 0.36663086057692307 0.9089351850961538 0.35433593750000003 0.910933641826923 0.3489160168269231 0.910933641826923 0.3420458990384615 0.9066512355769232 0.3398779302884615 0.8877970673076923 0.33373046875 0.8820871923076923 0.33843261778846156 0.8730709879807693 0.3515625 0.8730709879807693 0.3544921875 0.8740895072115384 0.36916015625000004 0.8735185192307693 0.37783691346153847
0 0.8138194447115384 0.352890625 0.8186766971153846 0.3637353509615385 0.8212461418269231 0.3695214831730769 0.8286728389423076 0.37421875000000004 0.8355285504807692 0.3767529302884615 0.8383834879807692 0.37566894471153844 0.8429552475961538 0.37349609375 0.8463811730769231 0.37205078124999996 0.8535223774038462 0.3716894543269231 0.8569521610576923 0.37277343749999997 0.864375 0.37603027403846156 0.870088735576923 0.37639160096153845 0.8738040120192309 0.36843750000000003 0.8729475312499999 0.3622900384615385 0.8729475312499999 0.3525292956730769 0.8797993822115384 0.34494140624999997 0.8653549375 0.3408203125 0.8553240745192308 0.3408203125 0.8415277788461538 0.33843261778846156 0.822673610576923 0.3420458990384615 0.8138194447115384 0.352890625
0 0.6632677475961538 0.10955566346153846 0.6583950624999999 0.11548339903846154 0.6574575625 0.12117675721153846 0.6578317908653847 0.13375 0.6610185192307692 0.14632324278846154 0.6638310192307693 0.15747558653846155 0.6675810192307693 0.15747558653846155 0.6763888894230768 0.15486328124999998 0.6840740745192307 0.14964355528846154 0.6900733028846153 0.14513671875 0.7026311730769231 0.13232910096153847 0.7069405865384616 0.12758300721153845 0.7084490745192308 0.12236328125000001 0.6975694447115385 0.11500976442307692 0.6902584879807693 0.1107421875 0.6777006177884615 0.1043359375 0.6702044759615385 0.10243652403846154 0.6670177475961538 0.10457519471153846 0.6632677475961538 0.10955566346153846
0 0.7774884254807692 0.13783203125 0.7752006177884615 0.14397949278846153 0.772631173076923 0.14903808653846154 0.7740586418269231 0.1551855456730769 0.7769174375 0.15916015625 0.7800578701923077 0.15879882932692307 0.7889120360576923 0.15735351682692308 0.7977662043269231 0.15699218750000002 0.8054783942307692 0.15699218750000002 0.8143325625 0.14903808653846154 0.8154745360576924 0.14253418028846154 0.8277584879807692 0.1324121105769231 0.8317592596153845 0.11794921875 0.8300424375000001 0.11180663942307692 0.8206172836538462 0.10999511778846155 0.8046219134615384 0.10782714903846154 0.7920563269230769 0.10782714903846154 0.7866280865384615 0.11541992307692307 0.7800578701923077 0.12770996153846154 0.7774884254807692 0.13783203125
0 0.43522762259615383 0.26110839903846156 0.4247337956730769 0.26356933653846154 0.4196797836538462 0.2665185552884615 0.41192129567307695 0.27192382692307693 0.41229552403846154 0.28373535096153846 0.41812499999999997 0.2930810552884615 0.4480709879807692 0.28715820432692307 0.46165509375 0.29160644471153846 0.4569907403846154 0.28520996153846156 0.45893518509615383 0.27537597596153846 0.45271605048076924 0.2665185552884615 0.4468865745192308 0.2630761706730769 0.43522762259615383 0.26110839903846156
0 0.4888078701923077 0.12689453125 0.49510416586538464 0.12120117307692307 0.49577932211538467 0.11180663942307692 0.49577932211538467 0.10811035096153845 0.49375771634615384 0.10583007692307692 0.48790894951923075 0.10383788942307692 0.48003472115384616 0.10184570192307693 0.47081404326923076 0.09672363221153847 0.4687924375 0.09643554807692307 0.4624922836538462 0.09558105528846153 0.4586689807692308 0.09729003846153847 0.4564197524038462 0.10355468749999999 0.4559683653846154 0.11124023317307692 0.4575462956730769 0.12006347596153846 0.4620447524038462 0.12490234375 0.4665432091346154 0.13002929807692307 0.46969135817307694 0.13856933653846154 0.48026234615384616 0.13714355528846153 0.4829591057692308 0.134296875 0.4888078701923077 0.12689453125
0 0.29340663461538463 0.554228514423077 0.3213888894230769 0.5316015625 0.3264429014423077 0.52373046875 0.32527777884615383 0.5148779302884615 0.3175038581730769 0.5075000000000001 0.2984567908653846 0.5045458990384616 0.2696990745192308 0.5015966802884615 0.25182098798076924 0.50208984375 0.23899305528846154 0.50208984375 0.24054783894230772 0.5109423822115384 0.2409375 0.53701171875 0.2545408942307692 0.5576708990384616 0.27436342548076925 0.5616064447115384 0.29340663461538463 0.554228514423077
0 0.4854513894230769 0.2803515625 0.4852662043269231 0.2741845697115385 0.48358024759615387 0.26896484375 0.47832947596153846 0.2649316418269231 0.47139660576923076 0.2606640625 0.4631481490384616 0.26232421875 0.46165123557692306 0.26635742307692306 0.45996142067307694 0.2748974615384615 0.4586496923076923 0.2796386730769231 0.4642746923076923 0.2877050793269231 0.48395447596153846 0.2869921875 0.4841396610576923 0.2860449230769231 0.4854513894230769 0.2803515625
0 0.4510223774038461 0.11465331971153846 0.4480979927884615 0.11864257692307692 0.4433757716346154 0.12319336057692308 0.4397762355769231 0.13002929807692307 0.43597222115384615 0.13600586057692307 0.43302855048076927 0.14255371153846152 0.43302855048076927 0.1491015625 0.4352777788461539 0.15422363221153848 0.43732253125000004 0.1570703125 0.4431481490384615 0.15849121153846155 0.4526157403846154 0.15232421875 0.45992669711538464 0.14592285096153848 0.4653587956730769 0.13643066346153845 0.46386188221153846 0.12552246153846153 0.45441357932692306 0.11864257692307692 0.4514737644230769 0.11437011778846154 0.4510223774038461 0.11465331971153846
0 0.30175154326923076 0.7289794927884615 0.30175154326923076 0.73947265625 0.30175154326923076 0.7507177740384615 0.30234567788461536 0.7604589831730769 0.31715277884615384 0.7687060552884616 0.3325501538461539 0.78294921875 0.3497260793269231 0.7844482427884615 0.3651273149038462 0.7792041009615385 0.3823032403846154 0.76720703125 0.4000733028846154 0.7402197259615384 0.40125771634615387 0.7214794927884616 0.40303240625000003 0.69599609375 0.3994791658653846 0.6869970697115384 0.3935570985576923 0.6869970697115384 0.3651273149038462 0.683251951923077 0.3331442908653846 0.6847509759615384 0.3212962956730769 0.6967431634615384 0.31241512259615384 0.713984375 0.30175154326923076 0.7289794927884615
0 0.7237770072115384 0.4603857427884615 0.7323726850961538 0.4635205072115385 0.744108795673077 0.4626855480769231 0.75584490625 0.46101074278846155 0.7679128076923077 0.45871093749999997 0.7736959879807692 0.45264160096153844 0.7761766971153846 0.44720703125 0.780308641826923 0.436953125 0.7804745360576923 0.4306787115384615 0.779648920673077 0.4273291009615384 0.77584490625 0.42105468749999997 0.7713850312499999 0.41979980528846156 0.7651003076923076 0.41750000000000004 0.760308641826923 0.41582519471153845 0.7570023149038462 0.41582519471153845 0.7446064807692309 0.42021972596153845 0.7393171298076923 0.4220996081730769 0.7297299375 0.4264941394230769 0.7166705240384614 0.4346533197115384 0.7117091057692307 0.4451123052884615 0.7237770072115384 0.4603857427884615
0 1 0.24759765625 0.9942361105769231 0.23510742307692306 0.9907831778846153 0.23323242067307692 0.9780092596153847 0.232421875 0.96857253125 0.22948242067307692 0.9606751538461539 0.22823242307692307 0.9547530865384615 0.2276074206730769 0.9458680552884615 0.22823242307692307 0.9399421298076922 0.2313574206730769 0.9374768509615384 0.23448242307692307 0.9276041658653846 0.23885253846153848 0.92365740625 0.23822753846153846 0.9162538581730769 0.24135253846153845 0.9118094134615385 0.25134765625 0.9108796298076923 0.2578125 0.9157600312499999 0.26259277403846154 0.9261226850961539 0.28070800721153844 0.9276041658653846 0.28258300721153845 0.9379706778846154 0.28757812499999996 0.9473456778846153 0.292578125 0.9670910504807692 0.288828125 0.9769637355769232 0.283828125 0.9853510793269231 0.28070800721153844 0.9976929014423077 0.2788330072115385 0.9981867283653846 0.2788330072115385 1 0.26009277403846154 1 0.24759765625
0 0.6732870360576922 0.46025878846153845 0.6738580240384615 0.4649609375 0.6761458341346154 0.47218750000000004 0.680713735576923 0.4765283197115385 0.6858564807692308 0.4801416009615384 0.6927121923076923 0.48375488221153845 0.6989969134615385 0.4866503894230769 0.7052777788461538 0.4862890625 0.7135609567307692 0.48303222596153844 0.7161342596153847 0.47905761778846156 0.721558641826923 0.46821288942307693 0.7184182091346153 0.46170410096153847 0.7104205240384616 0.4548388677884615 0.6981365745192308 0.4483300793269231 0.6887114206730769 0.44362793028846154 0.6784297836538461 0.44037597596153844 0.6744290120192308 0.44109863221153844 0.6715740745192308 0.4468847668269231 0.6727160504807692 0.45556152403846156 0.6732870360576922 0.46025878846153845
0 0.5040007716346154 0.16997070432692307 0.5082870360576923 0.17388671875 0.5130478389423077 0.17810546875 0.51709490625 0.18262206971153847 0.5213773149038462 0.18322753846153847 0.5268518509615384 0.18202148317307693 0.5330439807692308 0.17358398557692306 0.5385185192307692 0.16755859374999998 0.5449421298076923 0.1657519519230769 0.545181326923077 0.1639453125 0.5420871923076923 0.15671386778846155 0.5404205240384615 0.1500878918269231 0.5366126538461539 0.14737793028846152 0.5304243822115384 0.14436523557692307 0.5266165120192308 0.141953125 0.5197106490384615 0.13833984375 0.5142361105769231 0.13833984375 0.5111419759615384 0.14255859375 0.5094791658653846 0.14586913942307692 0.5032870360576923 0.1525 0.4969135793269231 0.1572265625 0.49114969230769234 0.1681640625 0.4968634254807692 0.16846679807692308 0.5040007716346154 0.16997070432692307
0 0.4902083341346154 0.1584277331730769 0.4873379639423077 0.1584277331730769 0.4804513894230769 0.15958984375000002 0.47333333413461537 0.16569336057692308 0.4682831778846154 0.1690332043269231 0.46449459855769226 0.17774902403846154 0.4623148149038461 0.18370605528846154 0.4604783942307692 0.18850097596153845 0.45852623557692307 0.19009765625 0.44853780769230767 0.20157714903846152 0.44326003125 0.20477050721153847 0.43923996875 0.21653808653846152 0.4414236105769231 0.22075195432692307 0.45072144951923077 0.21741211057692308 0.45875771634615387 0.21537597596153846 0.46587191346153844 0.20956543028846156 0.47494212980769235 0.2057910144230769 0.4784992283653846 0.20302734374999998 0.48263117307692305 0.20244628846153848 0.48423996874999997 0.2041894543269231 0.4851581778846154 0.208984375 0.4857330240384616 0.2114550769230769 0.48641975240384616 0.21711913942307692 0.48756944471153846 0.2198828125 0.48974922836538465 0.2243847668269231 0.4933063269230769 0.23077636778846153 0.49640817788461533 0.23193847596153847 0.5006558653846154 0.23165039182692307 0.5075424374999999 0.23106933653846154 0.5099537043269231 0.2301953125 0.5116743822115384 0.22133300721153845 0.5193634254807692 0.19939453125 0.5216589495192308 0.19300293028846155 0.5228086418269231 0.18806640624999998 0.5154629639423077 0.18152831971153846 0.5110995360576923 0.17542480528846155 0.505933641826923 0.17237304807692308 0.5031790120192308 0.16917968749999998 0.5027199062500001 0.16569336057692308 0.49927469230769234 0.16336913942307693 0.49858796394230764 0.16147949278846155 0.49709490625 0.15900878846153846 0.4902083341346154 0.1584277331730769
0 0.42510416586538463 0.5588964831730769 0.43991126442307693 0.5656640625 0.4530748461538462 0.5651464855769232 0.46911651201923077 0.5594189447115384 0.48021990625 0.5500488269230769 0.48021990625 0.5375537115384615 0.46993827163461543 0.522978514423077 0.4608873461538462 0.5172509759615385 0.4452584879807692 0.509443358173077 0.4390895072115385 0.5182910144230769 0.43209876442307693 0.5292236322115385 0.4182098774038462 0.544921875 0.42510416586538463 0.5588964831730769
0 0.7276041658653847 0.3099316418269231 0.7259413581730769 0.31987304807692307 0.7226080240384616 0.3310205072115385 0.7199884254807691 0.3391552740384615 0.7195138894230768 0.34638671875000004 0.7211805552884616 0.3487939447115384 0.7214158942307692 0.35180663942307694 0.7290354927884616 0.36145019471153844 0.73451003125 0.36084472596153844 0.7504552475961539 0.35662597596153844 0.7547415120192308 0.3487939447115384 0.7597415120192307 0.3445751947115384 0.7597415120192307 0.33583984375 0.7554012355769231 0.3251953125 0.75021990625 0.3147558581730769 0.7449807091346153 0.30240234374999997 0.7376041658653846 0.2900488293269231 0.7326041658653846 0.29517089903846155 0.7290354927884616 0.3033056634615385 0.7276041658653847 0.3099316418269231
0 0.2762345673076923 0.22786621153846154 0.29388503125 0.22158203124999998 0.29609182211538465 0.20482910096153845 0.2856095673076923 0.17620605528846156 0.2766203701923077 0.1591796875 0.2662037043269231 0.1494140625 0.23842592548076924 0.158203125 0.2276967596153846 0.16434081971153847 0.22273148076923077 0.17899902403846155 0.23762345673076923 0.21181152403846154 0.2519637355769231 0.22088378846153847 0.2663078701923077 0.22646972596153844 0.2762345673076923 0.22786621153846154
0 0.22393904326923078 0.5553027331730769 0.20108410576923078 0.5452636730769231 0.18569444471153848 0.5387744134615384 0.17823302403846153 0.5505761706730768 0.16657021634615385 0.571826170673077 0.15397762259615386 0.60193359375 0.14511959855769233 0.6225927740384616 0.14976851923076923 0.6326171875 0.15956790144230767 0.64384765625 0.18290894951923078 0.67158203125 0.1842939807692308 0.6585986322115385 0.20901234615384615 0.6426611322115385 0.23 0.6160986322115385 0.2607831778846154 0.5942578125 0.24679012259615385 0.5753710937500001 0.23326388942307694 0.5623828125 0.22393904326923078 0.5553027331730769
0 0.3384915120192308 0.12888671875 0.3396566346153846 0.12642578125 0.3342168221153846 0.12003418028846154 0.32333333413461535 0.11609863221153846 0.31711419711538463 0.11462402403846153 0.30506558653846155 0.10970214903846154 0.3027353389423077 0.11609863221153846 0.29651620432692305 0.12888671875 0.29029706730769234 0.134296875 0.28913194471153847 0.14708984375 0.3027353389423077 0.1618457019230769 0.31128472115384614 0.16479492307692306 0.3186689807692308 0.14610351682692307 0.3264429014423077 0.13823242307692307 0.3384915120192308 0.12888671875
0 0.346211420673077 0.12959961057692307 0.3414891971153846 0.127890625 0.3358641971153846 0.13073730528846153 0.33069058653846156 0.13529296875 0.3261921298076923 0.14098632692307692 0.31854552403846154 0.14980956971153844 0.31539737740384616 0.15977539182692307 0.31427083413461543 0.16660644471153846 0.31899691346153847 0.17514648317307693 0.3320408942307692 0.18226074278846155 0.3464351850961539 0.18653320432692308 0.3552083341346154 0.18738769471153846 0.36082947596153847 0.18539550721153847 0.36397762259615385 0.18140625000000002 0.36353009375 0.17514648317307693 0.36172839423076925 0.17059081971153847 0.36780092548076926 0.15834961057692307 0.3603819447115385 0.15464843749999999 0.3561072524038461 0.14440429567307692 0.3502584879807692 0.13244628846153847 0.346211420673077 0.12959961057692307
0 0.3564814807692308 0.58740234375 0.3867283942307692 0.58107421875 0.3978356490384615 0.5732666009615385 0.4097608028846154 0.563896483173077 0.4171682091346154 0.55712890625 0.4315625 0.5498388677884616 0.43403163461538463 0.5373486322115385 0.43485339423076924 0.5206884759615384 0.44184413461538463 0.5081933581730769 0.43732253125000004 0.5003857427884616 0.4307407403846154 0.49465820192307697 0.4196334879807692 0.49465820192307697 0.4064737644230769 0.49465820192307697 0.39536651201923073 0.49465820192307697 0.38549382692307693 0.4962207019230769 0.3772685192307692 0.5019482427884616 0.37075617307692305 0.5146484375 0.35094521634615383 0.5446337884615384 0.33079089423076924 0.5769091802884615 0.32947530769230765 0.58447265625 0.3564814807692308 0.58740234375
0 0.5074652788461539 0.27485839903846154 0.5051967596153847 0.26666015625 0.5003395072115384 0.25764160096153843 0.4954822524038462 0.25395019471153846 0.48770833413461534 0.25969238221153845 0.48317515384615384 0.2654296875 0.48285107932692306 0.27485839903846154 0.4870601850961539 0.2892041009615384 0.5077893509615385 0.2863330072115385 0.5087615745192308 0.2834667956730769 0.5074652788461539 0.27485839903846154
0 0.558526235576923 0.13797363221153847 0.5572955240384615 0.15196289182692307 0.558526235576923 0.16439453125 0.558526235576923 0.16750488221153845 0.5695794759615385 0.1612890625 0.5757214495192308 0.15196289182692307 0.5855439807692308 0.15040527403846154 0.5941435192307692 0.14263671875 0.5978279326923077 0.13797363221153847 0.6015123461538462 0.12398437500000001 0.6027391971153846 0.1162109375 0.6039660504807692 0.10843749999999999 0.6039660504807692 0.1006640625 0.6064236105769231 0.09133789182692308 0.6064236105769231 0.08667480528846154 0.6002816346153846 0.07734863221153845 0.5990547836538462 0.07579589903846154 0.5929128076923077 0.06802246153846153 0.5904591057692308 0.06646972596153847 0.5830902788461538 0.07424316346153846 0.5818595673076923 0.07579589903846154 0.5732638894230769 0.08512206971153846 0.5609799375 0.09289550721153847 0.5548418221153846 0.10532714903846153 0.5559413581730769 0.119140625 0.5572955240384615 0.12708984375 0.5572955240384615 0.12864746153846154 0.558526235576923 0.13797363221153847
0 0.2553549375 0.7017431634615385 0.25733024759615386 0.7198583990384615 0.26423996875 0.7342236322115384 0.2844753076923077 0.74109375 0.29533564903846155 0.74171875 0.30767361057692305 0.7298535144230769 0.31853394951923075 0.7061132812500001 0.3274189807692308 0.691748048076923 0.33728780769230765 0.6767529302884616 0.3412384254807692 0.6680078125000001 0.34222607932692306 0.6586376947115385 0.34222607932692306 0.6436474615384615 0.3407445985576923 0.63240234375 0.33630401201923077 0.6280273437499999 0.3289004639423077 0.6242822259615385 0.3195216057692308 0.6224072259615384 0.31557098798076927 0.6224072259615384 0.3047145072115385 0.6224072259615384 0.29237268509615383 0.6267773437499999 0.2815162043269231 0.6280273437499999 0.27805941346153845 0.62927734375 0.26769675961538464 0.63427734375 0.2583179014423077 0.6486425769230769 0.25881172836538463 0.6630126947115385 0.25387731490384613 0.691748048076923 0.2553549375 0.7017431634615385
0 0.8414776225961538 0.4225146490384616 0.8421527788461538 0.41853027403846155 0.8374305552884616 0.4000292956730769 0.8333796298076923 0.39262695432692307 0.82888503125 0.39262695432692307 0.8246103389423076 0.3983203125 0.8198881177884616 0.4065771490384616 0.811338735576923 0.4202392572115385 0.8095408942307691 0.42336913942307697 0.8093171298076923 0.4293505865384616 0.8196604927884615 0.4390283197115385 0.8225848774038462 0.43788574278846154 0.8282098774038461 0.43190918028846154 0.8315817908653845 0.4273535168269231 0.8414776225961538 0.4225146490384616
0 0.01913194471153846 0.6902490240384616 0.03198302403846154 0.68626953125 0.03569830288461538 0.6822949206730768 0.03283950721153846 0.6725341802884616 0.025698302884615384 0.6584375 0.014560185096153847 0.64650390625 0.0005632716346153846 0.642529298076923 0 0.69892578125 0.007418980769230769 0.6996484374999999 0.01913194471153846 0.6902490240384616
0 0.7899729927884616 0.3981201177884615 0.7964969134615385 0.39071777403846153 0.798746141826923 0.3836035144230769 0.7980709879807691 0.3784814447115385 0.7913233028846154 0.3787646490384615 0.7852507716346153 0.38047363221153846 0.781875 0.38104003846153844 0.7764776225961539 0.38417480528846154 0.7688310192307692 0.3855957043269231 0.7620833341346154 0.3890136730769231 0.7575848774038462 0.39499023557692303 0.7555594134615385 0.39982910096153845 0.7555594134615385 0.40466796875 0.7632060192307691 0.41263671875 0.7683796298076923 0.41577148557692306 0.7740046298076924 0.41890136778846154 0.7830015432692308 0.4077978509615384 0.7865972211538461 0.40239257932692307 0.7899729927884616 0.3981201177884615
0 0.7191242283653847 0.2095410144230769 0.7117013894230768 0.2075488269230769 0.7074266971153846 0.21381347596153846 0.7022530865384616 0.2263378918269231 0.69978009375 0.23886230528846156 0.7013541658653846 0.243984375 0.7018055552884616 0.24626464903846154 0.7067515432692308 0.25451660096153844 0.723171295673077 0.25423339903846154 0.7316435192307692 0.2582666009615385 0.7329552475961538 0.25399902403846153 0.7344560192307692 0.24687988221153848 0.7383912043269232 0.23217285096153845 0.737453704326923 0.21959960817307692 0.7366666658653845 0.21153320432692307 0.7337422836538461 0.20982910096153845 0.7191242283653847 0.2095410144230769
0 0.38491126442307694 0.6328759759615384 0.39699074038461535 0.6373730456730768 0.41705246875 0.63037109375 0.43479938221153847 0.62548828125 0.46167052403846154 0.6112890624999999 0.4659336418269231 0.6049902355769231 0.4673572524038461 0.5914990240384616 0.4666473774038461 0.5816015625 0.4510108028846154 0.5699072259615384 0.43750385817307696 0.56630859375 0.4296875 0.56361328125 0.4190239206730769 0.5555175793269231 0.4140509254807692 0.5555175793269231 0.4083641971153846 0.5690087884615385 0.38419753125 0.588798826923077 0.37851466105769227 0.6022900384615385 0.3820679014423077 0.6229833990384616 0.38491126442307694 0.6328759759615384