0 0.7860995360576923 0.08344238221153846 0.7805478389423077 0.08821288942307692 0.76923996875 0.09448730528846154 0.7615046298076924 0.10051269471153847 0.7569444447115384 0.10704101682692307 0.75357253125 0.11180663942307692 0.7549575625 0.11607421875 0.7581327163461539 0.12385742067307692 0.7601157403846154 0.13465331971153846 0.76388503125 0.1369140625 0.7698379639423076 0.13917480528846154 0.7732098774038462 0.13917480528846154 0.7751929014423078 0.13390136778846154 0.7761844134615384 0.13038574278846154 0.7775733028846153 0.12611816346153845 0.7803472211538461 0.1216015625 0.7833256177884615 0.11683105528846155 0.7894714495192308 0.11130859375 0.7876890432692308 0.09774902403846154 0.7880864206730769 0.09172363221153847 0.7900694447115384 0.08444335817307692 0.7860995360576923 0.08344238221153846
0 0.2757407403846154 0.7321875 0.2731790120192308 0.7397412115384616 0.26209105048076925 0.750537108173077 0.25100308653846154 0.7656494134615385 0.23565200721153845 0.78076171875 0.22968364182692308 0.8045068365384616 0.22712191346153845 0.8271777331730769 0.21091820913461537 0.8422900384615384 0.20580246875 0.8584814447115385 0.1971450625 0.8671875 0.19212962980769233 0.88232421875 0.20833333413461538 0.8984375 0.24151234615384617 0.91357421875 0.28163580288461537 0.9169921875 0.3287037043269231 0.91259765625 0.3506944447115385 0.89208984375 0.3653549375 0.849609375 0.3772337956730769 0.785078125 0.3780864206730769 0.7602490240384616 0.3891743822115385 0.7278662115384615 0.38576388942307693 0.7084374999999999 0.3661458341346154 0.6857714831730769 0.3490895072115385 0.6814501947115384 0.3286188269230769 0.6846923822115384 0.30303240625 0.6976416009615385 0.2868248461538462 0.7138330072115384 0.2868248461538462 0.7213916009615384 0.2757407403846154 0.7321875
0 0.6911188269230769 0.4930517572115385 0.6620370360576923 0.52490234375 0.643433641826923 0.5576513677884616 0.6098572524038461 0.5687011730769231 0.5870216057692308 0.5746484375 0.5756057091346154 0.5814501947115385 0.56946759375 0.592861329326923 0.5628433653846154 0.6264990240384616 0.5641859567307692 0.6630468749999999 0.5782908942307692 0.68259765625 0.5922916658653846 0.713671875 0.5897067908653846 0.74294921875 0.5850077163461539 0.7820458990384616 0.5890354927884616 0.8177490240384616 0.600451389423077 0.8551464831730768 0.6407484567307692 0.8942480456730769 0.672986110576923 0.9350488293269231 0.7159683653846154 0.9333447259615385 0.7851427475961539 0.93419921875 0.8395408942307692 0.9256982427884615 0.828125 0.9095458990384616 0.8086496923076923 0.8661962884615384 0.7757407403846154 0.7293505865384616 0.7495486105769231 0.6273486322115385 0.7226851850961539 0.5006982427884615 0.7065663581730769 0.48115234375000004 0.7005208341346154 0.4837011706730769 0.6911188269230769 0.4930517572115385
0 0.21142746875 0.5368261730769232 0.2074807091346154 0.55494140625 0.2055054014423077 0.5618115240384616 0.17440972115384618 0.6436474615384615 0.19020447596153847 0.6548925793269231 0.20204861057692308 0.6586376947115385 0.21340277884615383 0.6567626947115385 0.22524691346153844 0.6548925793269231 0.24054783894230772 0.652392576923077 0.25 0.642578125 0.26670910576923074 0.6430224615384615 0.2765817908653846 0.6380224615384615 0.28052855048076925 0.63615234375 0.29731095673076924 0.63427734375 0.3022453701923077 0.63427734375 0.3145833341346154 0.63427734375 0.3229745360576923 0.63490234375 0.34666666586538464 0.63490234375 0.3664120360576923 0.63240234375 0.37381558653846153 0.63115234375 0.37430941346153845 0.616787110576923 0.3680555552884615 0.6005859375 0.3688271610576923 0.58740234375 0.3693711418269231 0.578681641826923 0.3654243822115385 0.5749316394230769 0.36147376442307694 0.572431639423077 0.3461728389423077 0.55869140625 0.33728780769230765 0.55869140625 0.3244560192307692 0.55056640625 0.28891975240384615 0.5337011730769231 0.2815162043269231 0.5237060552884615 0.26720293269230766 0.5193359375 0.24795138942307693 0.5068408197115384 0.24054783894230772 0.5074658197115385 0.2257407403846154 0.5068408197115384 0.2173495360576923 0.5055908197115385 0.21537808653846155 0.5124609375 0.21439043269230768 0.5180859375 0.21340277884615383 0.5237060552884615 0.21142746875 0.5368261730769232
0 0.7793209879807693 0.14599609375 0.7963966057692308 0.1459667956730769 0.8117283942307693 0.1416015625 0.8321759254807692 0.14404296875 0.8464506177884614 0.1357421875 0.8726851850961539 0.1240234375 0.8865740745192308 0.1376953125 0.9081790120192307 0.1064453125 0.9023919759615384 0.0576171875 0.8958333341346154 0.05224609375 0.8854166658653846 0.05517578125 0.878086420673077 0.05224609375 0.8726851850961539 0.04345703125 0.8587770072115385 0.04055175721153846 0.8495254639423078 0.045756836538461534 0.8419830240384615 0.04228515625 0.8323842596153846 0.040986329326923074 0.82861496875 0.043588867788461536 0.8145640432692307 0.05183105528846154 0.8049652788461539 0.060942382211538464 0.79673996875 0.081328125 0.7864544759615384 0.09217285096153846 0.78919753125 0.10692382692307692 0.7797067908653846 0.123046875 0.7750771610576923 0.14013671875 0.7793209879807693 0.14599609375
0 0.7990779326923078 0.17388671875 0.7911805552884614 0.1970019519230769 0.7768672836538462 0.20824218749999998 0.7669945985576923 0.22323730528846156 0.7620601850961539 0.24135253846153845 0.7600848774038462 0.25259765624999997 0.7630478389423078 0.2675878918269231 0.7743981490384615 0.288203125 0.7763734567307693 0.288203125 0.7827893509615385 0.2763330072115385 0.7827893509615385 0.26446289182692306 0.7827893509615385 0.24697265624999998 0.78673996875 0.23510742307692306 0.7980902788461539 0.22885742067307693 0.8128973774038462 0.22011230528846154 0.8178317908653846 0.21823730528846155 0.8286921298076924 0.21698730528846152 0.8331327163461538 0.22073730528846153 0.8390586418269231 0.21948730528846155 0.8380709879807693 0.21449218750000001 0.8356018509615384 0.20449706971153844 0.8356018509615384 0.19762206971153845 0.8341203701923077 0.18513183653846152 0.8267168221153847 0.17326171875000002 0.8173418221153846 0.16701660096153845 0.8124035504807693 0.16576660096153845 0.7990779326923078 0.17388671875
0 0.6543209879807693 0.14013671875 0.65625 0.13330078125 0.6613503076923077 0.12514648557692307 0.6716319447115384 0.11299804807692307 0.6723186730769231 0.105625 0.6730015432692308 0.09607910096153846 0.6730015432692308 0.09260742067307692 0.6678626538461538 0.08306640625 0.6592901225961539 0.07829101682692308 0.6479822524038461 0.07829101682692308 0.6400964495192307 0.07829101682692308 0.6308410504807692 0.08350097596153847 0.6226157403846154 0.08870605528846154 0.614733795673077 0.09130859375 0.6037654326923076 0.09564453125 0.5975964495192307 0.09868163942307692 0.5921103389423077 0.10735839903846153 0.5893672836538462 0.1255761730769231 0.5825154326923078 0.13468750000000002 0.5804591057692308 0.14509765624999998 0.5787422836538462 0.15594238221153847 0.5783989206730769 0.16765625 0.5766859567307692 0.17633300721153844 0.5766859567307692 0.18934570192307693 0.5918209879807692 0.1923828125 0.6030787043269231 0.19412109375 0.6161265432692308 0.18896484375 0.6291280865384615 0.18934570192307693 0.6419753076923077 0.1796875 0.6477623461538461 0.16357421875 0.6493055552884616 0.150390625 0.6543209879807693 0.14013671875
0 0.8722993822115386 0.27734375 0.8868865745192308 0.28070800721153844 0.895933641826923 0.2931982427884615 0.9173225312500001 0.2848730456730769 0.9378858028846154 0.2640478509615385 0.9395331778846153 0.25259765624999997 0.9382986105769231 0.2338574230769231 0.9358294759615385 0.21823730528846155 0.9337731490384615 0.20626464903846153 0.9325385793269232 0.19689453125 0.9297839495192307 0.189453125 0.9224537043269231 0.1826171875 0.9035493822115386 0.1982421875 0.8844174375 0.2135546875 0.8726851850961539 0.23046875 0.8722993822115386 0.27734375
0 0.7744598774038463 0.3771875 0.7847415120192308 0.3867285168269231 0.7885802475961537 0.39794921875 0.7970679014423077 0.40185546875 0.8148148149038461 0.39501953125 0.8347839495192309 0.39540527403846154 0.8506944447115384 0.4169921875 0.8757716057692307 0.40966796875 0.888888889423077 0.3896484375 0.8973765432692308 0.37353515625 0.9085648149038461 0.3515625 0.899691358173077 0.3408203125 0.8899691346153846 0.33293945432692307 0.8820871923076923 0.3268652331730769 0.8665123461538461 0.32373046875 0.8522376538461539 0.3193359375 0.8388966057692309 0.31167968749999997 0.8248456778846154 0.30560546875 0.8142206778846154 0.30387206971153846 0.8083912043269231 0.30907714903846156 0.7888541658653847 0.323828125 0.7816589495192308 0.33857421875000004 0.7739197524038463 0.361328125 0.7744598774038463 0.3771875
0 0.8982407403846153 0.8070361322115385 0.8881674374999999 0.795986329326923 0.8686882716346154 0.7968359374999999 0.8505555552884616 0.8044873052884616 0.8297376538461538 0.818935548076923 0.8075733028846154 0.8410400384615385 0.8055594134615384 0.8563378894230769 0.8398109567307692 0.8971386706730768 0.8653317908653846 0.9030859375 0.8868248461538462 0.8580371105769231 0.8995833341346154 0.8291357427884616 0.8982407403846153 0.8070361322115385
0 0.9318209879807693 0.6752880865384616 0.9217476850961539 0.66763671875 0.9056288581730769 0.6557373052884615 0.88951003125 0.6565869134615384 0.8639891971153847 0.7169384759615384 0.8485416658653846 0.7645361322115385 0.8451851850961538 0.7968359374999999 0.9069714495192307 0.7747363293269232 0.9385378076923078 0.77048828125 0.9412229927884616 0.7432861322115384 0.9479552475961538 0.7347656250000001 0.9318209879807693 0.6752880865384616
0 0.7478626538461538 0.34322265625 0.7425347211538462 0.3537207019230769 0.7295023149038461 0.3634667980769231 0.7111419759615385 0.38895019471153847 0.7075887355769231 0.40094726442307693 0.7075887355769231 0.4076904302884615 0.7170640432692307 0.40994140625000003 0.7300964495192308 0.40994140625000003 0.7591165120192307 0.4069433581730769 0.7745177475961539 0.4069433581730769 0.7851774687499999 0.4054443365384615 0.7857716057692308 0.40019531249999996 0.7851774687499999 0.39044921875 0.7810339495192308 0.384453125 0.7780709879807692 0.37920410096153845 0.7774807091346154 0.37470703125000004 0.7757021610576923 0.3687109375 0.7751080240384615 0.3597167980769231 0.7751080240384615 0.35146972596153847 0.7816242283653847 0.33498046875000004 0.7762962956730769 0.32223632932692303 0.7685956778846154 0.32373535096153844 0.75201003125 0.33123046875 0.7478626538461538 0.34322265625
0 0.2878742283653846 0.24957519471153844 0.2812538581730769 0.24287597596153845 0.26271990625 0.23449706971153847 0.25478009375 0.23198242307692307 0.2435262355769231 0.22360839903846155 0.23227623557692306 0.21941894471153847 0.21506558653846156 0.21941894471153847 0.20513888942307693 0.22025390625 0.19520833413461539 0.22444335817307692 0.18925154326923074 0.23365722596153848 0.18865740625 0.2470703125 0.1866049375 0.27638183653846154 0.19123842548076922 0.2881103509615385 0.20712191346153846 0.28978515625 0.23823302403846155 0.30151367307692306 0.26603009375000003 0.3082128918269231 0.28522376442307695 0.31072753846153844 0.31302469230769236 0.3207763677884615 0.3213310192307692 0.30257324278846154 0.3196412043269231 0.2839208990384615 0.30508101923076925 0.2696777331730769 0.2878742283653846 0.24957519471153844
0 0.5873263894230769 0.43162109374999996 0.5930825625 0.42901855528846156 0.5963734567307692 0.42120605528846156 0.6111805552884616 0.4081933581730769 0.6157060192307693 0.40298828124999997 0.6202314807692308 0.3946582019230769 0.6235223774038462 0.38424804807692303 0.6227006177884615 0.37331543028846154 0.6132368822115384 0.35821777403846156 0.6066589495192308 0.35405273557692307 0.6013117283653846 0.35405273557692307 0.5939081778846154 0.36186523557692307 0.5865046298076924 0.3649853509615385 0.5782754639423077 0.36811035096153844 0.5725192908653847 0.3837255865384615 0.5675848774038461 0.39569824278846155 0.5712847211538462 0.4113183605769231 0.5782754639423077 0.42693359375 0.5873263894230769 0.43162109374999996
0 0.5070794759615385 0.44187499999999996 0.5258333341346154 0.45874023557692306 0.5317592596153846 0.444375 0.5366936730769231 0.4300048822115385 0.5500192908653846 0.40251953125 0.5603858028846154 0.40001953125 0.5694444447115384 0.37548828125 0.5717361105769231 0.36441406249999997 0.5564351850961539 0.35191894471153845 0.5401504639423077 0.34817382692307697 0.5297067908653846 0.36669921875 0.5090547836538462 0.40689453124999997 0.5070794759615385 0.44187499999999996
0 0.48455632692307693 0.633984375 0.4677662043269231 0.6381152355769231 0.4551736105769231 0.6558251947115384 0.43838348798076926 0.69005859375 0.43045524759615383 0.7254785144230769 0.4127314807692307 0.77505859375 0.396875 0.7998486322115385 0.39361111057692305 0.827001954326923 0.44118055528846156 0.8447119134615384 0.4789583341346154 0.8576953125 0.5214004639423077 0.8630078125 0.5535802475961538 0.8742236322115384 0.5745679014423077 0.8641894543269231 0.5824961418269231 0.8116552740384615 0.5866936730769231 0.761484375 0.5922916658653846 0.713671875 0.5810995360576923 0.6936035144230769 0.5130054014423077 0.6511035144230769 0.4966820985576923 0.6381152355769231 0.48455632692307693 0.633984375
0 0.6338233028846154 0.2505859375 0.6497723774038462 0.24395996153846153 0.6583410504807692 0.239140625 0.6716705240384615 0.23401855528846155 0.6838078701923076 0.2514892572115385 0.6923765432692307 0.24004394471153848 0.6923765432692307 0.2252832019230769 0.6883333341346154 0.21744628846153846 0.6833333341346154 0.20780761778846155 0.6754783942307692 0.19545898557692307 0.6685763894230768 0.19063476682692307 0.6628626538461538 0.18853027403846154 0.6559606490384616 0.18310546875 0.6504861105769231 0.1816015625 0.6412037043269231 0.18250488221153846 0.6347762355769231 0.18491210817307693 0.6307291658653846 0.18762206971153847 0.6245408942307692 0.18882812499999999 0.6185879639423076 0.20027831971153848 0.6185879639423076 0.20298828124999999 0.6169212956730769 0.2108203125 0.6090663581730769 0.21744628846153846 0.6043094134615384 0.22588378846153848 0.6009760793269231 0.23552246153846154 0.6095447524038462 0.24727050721153845 0.6212075625 0.2508886730769231 0.6238271610576922 0.25329589903846156 0.6338233028846154 0.2505859375
0 0.5334375 0.530390625 0.5196141971153846 0.5616259759615384 0.5181365745192308 0.57037109375 0.5275115745192308 0.5828662115384615 0.5334375 0.5916113269230769 0.5497222211538462 0.5966064447115385 0.5556481490384615 0.5978564447115384 0.5645293221153846 0.6109765625 0.56946759375 0.592861329326923 0.5887152788461538 0.56724609375 0.5714429014423077 0.5266455072115385 0.5541666658653847 0.5079052740384615 0.5408410504807692 0.517900391826923 0.5334375 0.530390625
0 0.5740470673076923 0.1875683581730769 0.5764467596153846 0.18279785096153847 0.5761033942307692 0.17672363221153847 0.5737037043269231 0.1689160168269231 0.5702777788461538 0.1606738269230769 0.567191358173077 0.15416503846153845 0.5644521610576922 0.1515625 0.5610223774038462 0.14766113221153845 0.5538233028846153 0.14809081971153845 0.54388503125 0.15112793028846155 0.5347222211538462 0.1591796875 0.5308641971153846 0.16748046875 0.5308603389423077 0.18323242307692308 0.5366859567307692 0.19537597596153844 0.5473109567307692 0.20708984375 0.5534837956730769 0.20015136778846154 0.5740470673076923 0.1875683581730769
0 0.1892554014423077 0.6682812499999999 0.18209105048076923 0.6812353509615385 0.1769753076923077 0.7071435552884615 0.17594907451923078 0.7265722644230769 0.17361111057692308 0.7470703125 0.17592592548076924 0.76953125 0.16776234615384616 0.7939306634615384 0.16981095673076924 0.831494141826923 0.1800424375 0.85740234375 0.19846450721153847 0.8522216802884616 0.2250771610576923 0.8302001947115384 0.23121913461538462 0.8042919927884615 0.24042824038461538 0.774501954326923 0.2631172836538461 0.74951171875 0.2773919759615385 0.73046875 0.2924382716346154 0.71630859375 0.2993827163461539 0.701171875 0.28472222115384616 0.6845703125 0.24042824038461538 0.6566259759615385 0.22302855048076922 0.6566259759615385 0.20562885817307694 0.6592138677884616 0.1892554014423077 0.6682812499999999
0 0.48302469230769235 0.17529296875 0.48958333413461536 0.154296875 0.5007716057692307 0.14306640625 0.49305169711538466 0.13309570192307693 0.48762731490384614 0.12912109375 0.4802006177884615 0.12188964903846154 0.4659182091346154 0.11863769471153847 0.4550655865384616 0.11719238221153847 0.4470679014423077 0.11863769471153847 0.4424961418269231 0.12225097596153846 0.43935570913461536 0.12731445192307692 0.43325617307692305 0.1435546875 0.4328703701923077 0.150390625 0.42708333413461536 0.16845703125 0.4336419759615385 0.17041015625 0.44506558653846157 0.17069335817307693 0.4619174375 0.17286132932692308 0.47391589423076924 0.1909375 0.48302469230769235 0.17529296875
0 0.3398379639423077 0.36972168028846153 0.35053240625000004 0.37753418028846153 0.3546450625 0.37753418028846153 0.36575231490384613 0.36451660096153843 0.3710995360576923 0.3567089855769231 0.38919753125 0.34890136778846154 0.3933101850961539 0.33953125 0.3933101850961539 0.33172363221153844 0.39289737740384617 0.3239160168269231 0.38878472115384616 0.3176660168269231 0.3760339495192308 0.31506347596153844 0.3632831778846154 0.31142089903846154 0.35752700721153846 0.3103808581730769 0.34888888942307694 0.3103808581730769 0.34559799278846154 0.30725586057692306 0.3390162043269231 0.29424316346153845 0.3213310192307692 0.30257324278846154 0.32098765384615385 0.3193359375 0.3258564807692308 0.33588867067307693 0.3287345673076923 0.34525878846153846 0.3398379639423077 0.36972168028846153
0 0.3904320985576923 0.45770019471153844 0.3842631177884615 0.4649853509615385 0.3785030865384615 0.4691503894230769 0.375625 0.47591796875000003 0.36575231490384613 0.4936181634615385 0.3649305552884616 0.5003857427884616 0.36616512259615386 0.50767578125 0.3710995360576923 0.5092333990384615 0.3743904326923077 0.5102783197115385 0.3846720673076923 0.5123583990384616 0.38919753125 0.5222509759615385 0.4007137355769231 0.5342236322115385 0.41666666586538464 0.54052734375 0.4305555552884615 0.548828125 0.44472607932692304 0.5566064447115384 0.4562422836538461 0.5566064447115384 0.46364583413461535 0.5566064447115384 0.47886188221153847 0.5566064447115384 0.48750000000000004 0.5514013677884615 0.4870910504807692 0.5415087884615384 0.47104938221153847 0.5243310552884616 0.46364583413461535 0.511318360576923 0.4508950625 0.49830566346153843 0.44266589423076924 0.48477050721153847 0.41305169711538464 0.4436425793269231 0.40112654326923075 0.4472900384615385 0.39125385817307695 0.45041015624999997 0.3904320985576923 0.45770019471153844
0 0.13530478365384616 0.6684912115384616 0.10172453605769231 0.6973876947115384 0.06614583413461539 0.7283154302884616 0.06411265384615385 0.7585888677884616 0.07486111057692307 0.8053369134615385 0.07082947596153846 0.8393359375 0.06680169711538461 0.8818359375 0.11582561778846154 0.8792871081730769 0.15612268509615385 0.86228515625 0.16776234615384616 0.7939306634615384 0.17157021634615385 0.7424365240384615 0.17089892067307694 0.680390625 0.1527662043269231 0.6693408197115385 0.13530478365384616 0.6684912115384616
0 0.8020833341346154 0.39892578125 0.7932291658653846 0.40735839903846155 0.7825347211538461 0.41985351682692307 0.7770061730769231 0.4345703125 0.7710185192307691 0.4333886730769231 0.7623804014423077 0.43963378846153844 0.7533333341346153 0.45212890624999996 0.7467515432692308 0.48440429567307697 0.7496296298076923 0.49013183653846154 0.7603240745192308 0.492734375 0.7697839495192308 0.492734375 0.7780092596153847 0.4833642572115385 0.7829475312499999 0.47190918028846157 0.79240740625 0.45837402403846156 0.8105054014423078 0.45525390625 0.8261342596153847 0.45161132692307693 0.8383487644230769 0.44091796875 0.8452932091346154 0.40869140625 0.8351813269230769 0.39643066346153844 0.8194444447115384 0.39404296875 0.8020833341346154 0.39892578125
0 0.8841705240384615 0.1882519543269231 0.8930555552884616 0.18075683653846156 0.8940432091346153 0.17826171875 0.8925617283653846 0.1582714831730769 0.89009259375 0.14765136778846155 0.8831828701923077 0.13703125 0.8777546298076923 0.12391113221153846 0.8718325625 0.12328613221153846 0.8614660504807692 0.12516113221153846 0.8575154326923078 0.13016113221153847 0.8397492283653847 0.14577636778846154 0.8283950625000001 0.1582714831730769 0.8338271610576923 0.18575683653846153 0.8357986105769231 0.19887206971153845 0.8575154326923078 0.20137206971153845 0.8644251538461538 0.19575195192307693 0.8841705240384615 0.1882519543269231
0 0.6516743822115385 0.3424707043269231 0.6614351850961538 0.3496972668269231 0.670003858173077 0.3596386730769231 0.6738117283653846 0.3647607427884615 0.7038040120192307 0.37018554567307693 0.7138001538461538 0.36596679807692306 0.714992283653846 0.35361328125 0.7126118822115385 0.3424707043269231 0.7126118822115385 0.3319238269230769 0.7135609567307692 0.3219824206730769 0.7154668221153847 0.30691894471153847 0.7178472211538461 0.2942675769230769 0.7145138894230769 0.2798095697115385 0.7138001538461538 0.27589355528846154 0.7088001538461538 0.2686621105769231 0.7033256177884616 0.26474609375 0.6945216057692308 0.25751464903846155 0.6857137355769231 0.2526953125 0.6773804014423077 0.24124511778846153 0.6716705240384615 0.23401855528846155 0.6642901225961538 0.23281249999999998 0.6583410504807692 0.23612793028846155 0.6516743822115385 0.24365722596153847 0.6421527788461538 0.24486328124999998 0.6361882716346153 0.248046875 0.6297762355769231 0.25419921875 0.6266820985576923 0.2614306634615385 0.6209683653846153 0.2713720697115385 0.6178742283653846 0.28251953125 0.6135918221153847 0.2921582043269231 0.6116859567307692 0.3008935552884615 0.6102584879807693 0.3078222644230769 0.6112114206730769 0.3162597668269231 0.6254938269230769 0.3246923822115385 0.6369174375 0.33222656250000004 0.6516743822115385 0.3424707043269231
0 0 0.7478369134615386 0.006732252403846154 0.7485595697115385 0.021300153846153844 0.7496435552884615 0.0384375 0.7496435552884615 0.051006944711538466 0.7445849615384615 0.05643518509615385 0.7380761730769231 0.06614583413461539 0.7283154302884616 0.0778549375 0.7181933605769231 0.09070987740384616 0.7138525384615384 0.09471064903846155 0.70373046875 0.11356095673076923 0.6896337884615384 0.12041666586538462 0.6730029302884616 0.1312692908653846 0.6603515625 0.1304128076923077 0.654931639423077 0.12727237740384617 0.6455322259615385 0.12441357932692307 0.6267333990384615 0.1235570985576923 0.6241992187500001 0.11898919711538461 0.6115478509615385 0.10499228365384615 0.5988964855769231 0.09299382692307692 0.5945556634615385 0.08842592548076923 0.5931103509615384 0.0621450625 0.5988964855769231 0.04729552403846154 0.5992578125 0.04215277884615384 0.6032324230769232 0.035011574519230766 0.6072119134615385 0.025586420673076923 0.6140771490384616 0.019016204326923077 0.6256494134615385 0.010447531250000001 0.6296240240384615 0.0070177475961538454 0.64046875 0 0.6480615240384615 0 0.7478369134615386
0 0.7856867283653847 1 0.7865393509615385 0.9953564447115385 0.7839506177884614 0.97900390625 0.7771566346153846 0.9683691418269231 0.7481597211538461 0.9489404302884614 0.7413348774038462 0.9489404302884614 0.7183063269230769 0.9446191418269231 0.6782214495192308 0.9370654302884615 0.6679861105769231 0.9349072259615384 0.6458101850961538 0.935986329326923 0.6227816346153846 0.9478613293269231 0.6330169759615385 0.96189453125 0.6347222211538461 0.9672900384615384 0.65263503125 0.9813232427884616 0.65263503125 0.9888769543269231 0.661161264423077 1 0.7856867283653847 1
0 0.6030787043269231 0.47852050721153844 0.6018441346153847 0.48997558653846157 0.6121296298076924 0.49205566346153845 0.6203549375 0.49205566346153845 0.6302276225961538 0.48633300721153844 0.6326929014423077 0.4738378894230769 0.6458564807692307 0.4644677740384615 0.66705246875 0.45263671875 0.6808179014423076 0.44572753846153845 0.6816396610576922 0.4363574206730769 0.6738233028846154 0.4238623052884615 0.6651890432692308 0.4222998052884615 0.6540817908653846 0.4222998052884615 0.6466782403846154 0.42646484375000004 0.6289930552884615 0.42542480528846155 0.6199421298076923 0.42958984375 0.6121296298076924 0.44208496153846155 0.60678240625 0.45926269471153847 0.6030787043269231 0.47852050721153844
0 0.19917052403846155 0.5372509759615385 0.23107253125 0.5018359375 0.2959953701923077 0.5195410168269231 0.3642746923076923 0.5329980456730768 0.375625 0.47591796875000003 0.36707175961538463 0.4366699206730769 0.34468364182692307 0.3821240240384615 0.3362924375 0.3545019543269231 0.3038310192307692 0.3219189447115385 0.28522376442307695 0.31072753846153844 0.2579359567307692 0.30350097596153847 0.2243557091346154 0.29712890625 0.19357638942307692 0.2942919927884616 0.17006944471153848 0.28083496153846155 0.1583179014423077 0.2822509759615385 0.13872685096153844 0.295 0.10962577163461538 0.3212109375 0.09059799278846153 0.34600097596153845 0.08444058653846155 0.35662597596153844 0.09115740625 0.4005419927884616 0.09899305528846154 0.4451660168269231 0.11913966105769232 0.5216650384615384 0.13257330288461538 0.5379589855769231 0.19917052403846155 0.5372509759615385
0 0.8920679014423077 0.4786035168269231 0.9019405865384615 0.4786035168269231 0.9147723774038461 0.47735839903846156 0.9335262355769232 0.4729833990384616 0.9458680552884615 0.4686083990384615 0.9572183653846154 0.46048828125 0.962191358173077 0.45068359375 0.95794753125 0.42431640625 0.9498148149038462 0.40864257692307693 0.9382716057692307 0.4013671875 0.9216820985576923 0.3992724615384615 0.9063811730769231 0.42238281250000004 0.8746141971153846 0.42724609375 0.8514660504807693 0.4423828125 0.8383487644230769 0.4658203125 0.8476466057692308 0.49359863221153844 0.8683757716346154 0.48735351682692307 0.8920679014423077 0.4786035168269231
0 0.8784452163461538 0.5391357427884615 0.8828858028846154 0.5435107427884616 0.8922646610576923 0.5466308605769231 0.896211420673077 0.5422607427884615 0.9149691346153846 0.5397607427884615 0.92138503125 0.5422607427884615 0.9278009254807693 0.5422607427884615 0.9396489206730769 0.5335156249999999 0.9450771610576923 0.529765625 0.9519868822115385 0.5216455072115385 0.9584027788461539 0.5110253894230768 0.9638310192307693 0.5016552740384616 0.9613657403846154 0.49416015625000004 0.9519868822115385 0.4860400384615385 0.9371797836538461 0.48291503846153844 0.9115123461538462 0.47979003846153845 0.9021373461538461 0.48291503846153844 0.8804205240384615 0.4835400384615385 0.8611689807692307 0.49041015625 0.8517901225961538 0.5022802740384615 0.8607253076923077 0.54052734375 0.86857253125 0.5372607427884616 0.8784452163461538 0.5391357427884615
0 0.42646990625000003 0.25703125 0.4450038581730769 0.26373046875 0.45890046394230766 0.26624511778846155 0.4767708341346154 0.26540527403846154 0.4959683653846154 0.26959472596153844 0.5105285504807692 0.27462402403846153 0.5224421298076923 0.27713378846153847 0.5270756177884615 0.25451660096153844 0.5231057091346154 0.25451660096153844 0.5065586418269231 0.24697753846153844 0.5039081778846154 0.23943847596153847 0.49729166586538465 0.23106445432692307 0.4787577163461538 0.22938476442307693 0.46221064903846154 0.22352538942307693 0.4469868822115384 0.22352538942307693 0.4311033942307692 0.22520019471153846 0.4263117283653846 0.23779296875 0.42646990625000003 0.25703125
0 0.6620370360576923 0.52490234375 0.6727623461538462 0.508740235576923 0.697638889423077 0.4907470697115385 0.7026118822115385 0.4754589855769231 0.6997723774038461 0.4592675793269231 0.6940856490384615 0.4439746081730769 0.6699189807692308 0.44847168028846157 0.6621026225961538 0.4538671875 0.6514390432692309 0.46196289182692307 0.6421990745192308 0.46916015625 0.6365123461538461 0.47005859375000003 0.6265624999999999 0.4871533197115384 0.6116396610576923 0.49884765625 0.5960030865384616 0.5105371081730768 0.5881828701923077 0.525830079326923 0.5938695985576923 0.542021483173077 0.6066628076923076 0.5618115240384616 0.6109259254807692 0.5618115240384616 0.6222993822115386 0.56541015625 0.6392746923076923 0.55078125 0.6620370360576923 0.52490234375
0 1 0.83763671875 0.9378472211538462 0.8792968750000001 0.9036149687499999 0.8996875 0.8841358028846155 0.8911865240384615 0.8539158942307693 0.900537108173077 0.8257060192307691 0.9353857427884615 0.8022029326923078 0.946435545673077 0.8008564807692308 0.96513671875 0.8055594134615384 1 0.9392091057692308 1 1 0.9923388677884616 1 0.87333984375 1 0.83763671875
0 0.6508410504807693 0.15014648557692306 0.6457253076923077 0.15791992307692307 0.6436766971153846 0.16569336057692308 0.6436766971153846 0.17087402403846155 0.6436766971153846 0.17994140625000002 0.6504861105769231 0.1816015625 0.6559606490384616 0.18310546875 0.6685763894230768 0.19063476682692307 0.6794984567307693 0.20325683653846155 0.6876890432692307 0.2019628918269231 0.6999691346153847 0.2006640625 0.7122530865384615 0.19678222596153847 0.7183912043269232 0.18771484375 0.7235108028846154 0.17476074278846154 0.7306751538461539 0.16439453125 0.7378395072115385 0.13849121153846153 0.7306751538461539 0.12553711057692307 0.7224845673076923 0.11776367307692308 0.7030401225961539 0.11387695432692307 0.6825694447115385 0.11387695432692307 0.6730015432692308 0.09260742067307692 0.6613503076923077 0.12514648557692307 0.6569830240384615 0.13331054567307693 0.6508410504807693 0.15014648557692306
0 0.5656057091346154 0.044892579326923074 0.5547492283653847 0.044892579326923074 0.5410416658653846 0.0517578125 0.5181905865384615 0.06658203125 0.5019097211538461 0.08031738221153846 0.5073341057692308 0.09622558653846153 0.5130478389423077 0.10345214903846153 0.5216165120192308 0.10851562499999999 0.5296141971153846 0.11212890625000001 0.5347569447115385 0.10923828125 0.5407523149038462 0.10923828125 0.5564621923076923 0.10959961057692308 0.5616049375000001 0.10923828125 0.5676041658653846 0.1099609375 0.5704591057692308 0.10417480528846154 0.5693171298076923 0.09586425721153846 0.5713155865384615 0.09116210817307692 0.5741743822115384 0.07236328125 0.5776003076923076 0.05718261778846154 0.5756018509615385 0.047783204326923075 0.5656057091346154 0.044892579326923074
0 0.6493094134615384 1 0.6586882716346154 0.99880859375 0.6473765432692308 0.97607421875 0.6242283942307693 0.95068359375 0.607638889423077 0.94677734375 0.5979938269230769 0.93408203125 0.5751041658653846 0.9189306634615384 0.5469598774038462 0.8973388677884616 0.5418441346153846 0.8908642572115385 0.5290509254807693 0.8617187500000001 0.5060223774038461 0.8649560552884614 0.5119907403846153 0.8973388677884616 0.5094328701923077 0.9254052740384615 0.4966396610576923 0.94267578125 0.4903549375 0.97412109375 0.48896219230769233 1 0.4957870360576923 1 0.6493094134615384 1
0 0.7584722211538462 0.6683496081730769 0.7615817908653846 0.6904833990384615 0.7728549375 0.7116357427884614 0.7868441346153846 0.7209814447115386 0.8012268509615385 0.7234423822115384 0.8222145072115384 0.71802734375 0.8229899687500001 0.671298826923077 0.8058912043269231 0.6526074230769231 0.7872337956730769 0.6545751947115386 0.7650810192307692 0.6604785168269232 0.7584722211538462 0.6683496081730769
0 0.4596952163461539 0.3088183581730769 0.4601890432692307 0.32380859375 0.4730208341346154 0.32818359375 0.4873379639423077 0.32693359375000003 0.5051041658653846 0.32318359375 0.5100424375 0.3131884759615385 0.5105324062500001 0.290078125 0.5080671298076923 0.2832080072115385 0.49227237740384616 0.27383300721153847 0.484375 0.2657128894230769 0.4695679014423077 0.26384277403846157 0.46315200721153843 0.26508788942307693 0.45130401201923076 0.2688378918269231 0.45130401201923076 0.284453125 0.4517978389423077 0.290703125 0.4596952163461539 0.3088183581730769
0 0.7894020072115384 0.5425537115384615 0.7976311730769231 0.55400390625 0.8009220673076923 0.5592089831730769 0.8087345673076923 0.5649365240384616 0.8235416658653846 0.565458983173077 0.834236110576923 0.5628564447115385 0.8482214495192307 0.5664990240384615 0.8593248461538461 0.5664990240384615 0.8589158942307692 0.550361329326923 0.8589158942307692 0.54046875 0.8568595673076923 0.5258935552884615 0.855625 0.518603514423077 0.8519212956730768 0.5066308581730768 0.8469868822115385 0.49049316346153843 0.8420524687500001 0.47487793028846154 0.8338271610576923 0.4545751947115385 0.8309452163461538 0.45041015624999997 0.8255979927884615 0.4493701177884616 0.8173726850961539 0.4545751947115385 0.8124382716346153 0.4545751947115385 0.8029783942307692 0.4530126947115385 0.7928240745192308 0.45849609375 0.7844675937500001 0.46603027403846153 0.778711420673077 0.47487793028846154 0.7741859567307692 0.4852880865384615 0.7700733028846154 0.494140625 0.7750077163461538 0.5133984375 0.7807677475961537 0.5243310552884616 0.7894020072115384 0.5425537115384615