0 0.15112654326923078 0.7249267572115384 0.16733024759615384 0.72130859375 0.20259644951923078 0.723720704326923 0.22451774759615384 0.7249267572115384 0.2585146610576923 0.691494141826923 0.26073688221153846 0.6561669927884615 0.25596836538461537 0.58982421875 0.23958333413461538 0.564453125 0.23309413461538464 0.5476025384615385 0.21975308653846154 0.5307177740384615 0.20354938221153845 0.5174462884615385 0.17972222115384615 0.50900390625 0.1530362644230769 0.50900390625 0.1358796298076923 0.5270996105769231 0.12444058653846153 0.5488134759615385 0.10633101923076924 0.5584619134615385 0.09966049278846154 0.5656982427884615 0.09394290144230769 0.5910302740384615 0.09966049278846154 0.61998046875 0.11206790144230769 0.672275389423077 0.11967592548076923 0.6923583990384615 0.15112654326923078 0.7249267572115384
0 0.15012731490384615 0.25971679567307693 0.16375 0.2709619134615385 0.18506944471153847 0.2657128894230769 0.18329475240384616 0.24547363221153845 0.17381944471153846 0.20874511778846155 0.17026234615384617 0.18700683653846153 0.16730324038461536 0.17051269471153846 0.1446759254807692 0.15478515625 0.12288194471153847 0.13003418028846153 0.10925925961538462 0.11729003846153846 0.06898148076923077 0.12928222596153846 0.059506173076923075 0.13678222596153847 0.05417438221153847 0.15252441346153847 0.05239969230769231 0.16451660096153847 0.051805555288461536 0.17351074278846154 0.05358410576923077 0.17500976682692307 0.0796450625 0.18775390625000002 0.10037422836538462 0.20724609375 0.11636574038461538 0.22673339903846154 0.15012731490384615 0.25971679567307693
0 0.15533950721153847 0.42868164182692303 0.1790200625 0.36646972596153843 0.1769753076923077 0.3146533197115385 0.15445601923076924 0.313359375 0.10328317788461537 0.33408691346153846 0.08281250000000001 0.3548095697115385 0.07053240625 0.4195800769230769 0.09714120432692308 0.4480761706730769 0.15343364182692307 0.49859375 0.15957561778846155 0.4804589831730769 0.15533950721153847 0.42868164182692303
0 0.3731558653846154 0.22922363221153846 0.3933101850961539 0.22193359375000002 0.4019483028846154 0.21776855528846153 0.4068827163461538 0.20423339903846155 0.4068827163461538 0.18653808653846154 0.4031828701923077 0.16675293028846155 0.3990702163461538 0.15998535096153846 0.3875501538461539 0.15686523557692308 0.38271605048076923 0.16357421875 0.36616512259615386 0.16154785096153848 0.3571141971153846 0.1657128894230769 0.34888888942307694 0.1719628918269231 0.3423070985576923 0.18497558653846152 0.3398379639423077 0.19018066346153845 0.3398379639423077 0.20007324278846153 0.3349035504807692 0.2167285168269231 0.3287037043269231 0.22265625 0.33037808653846157 0.23546875 0.34806712980769233 0.23599121153846153 0.3632831778846154 0.24015625000000002 0.3673958341346154 0.23911132692307693 0.3731558653846154 0.22922363221153846
0 0.80451003125 1 0.8265702163461538 0.9207421875 0.8255671298076923 0.8357128918269231 0.802503858173077 0.7989111322115385 0.7644020072115385 0.7722607427884616 0.7378279326923077 0.7551269519230769 0.6992206778846154 0.7405322259615384 0.6601157403846154 0.751953125 0.6405632716346153 0.7595654302884616 0.6044637355769231 0.7849511730769231 0.5793942908653846 0.8084277355769232 0.5663618822115384 0.8439599615384614 0.54580246875 0.86744140625 0.5182291658653846 0.894091795673077 0.4941628076923077 0.9289892572115386 0.4881481490384615 0.9569091802884616 0.4896489206730769 0.9822900384615385 0.5011805552884615 1 0.5598418221153846 1 0.6616203701923078 1 0.76740740625 1 0.7869637355769231 1 0.80451003125 1
0 0.26384644951923075 0.6705078124999999 0.2585146610576923 0.691494141826923 0.24903935096153845 0.7184814447115385 0.25377700721153845 0.7229785168269232 0.27746913461538464 0.7447216802884615 0.28576003125 0.7522167980769231 0.29168209855769234 0.7522167980769231 0.31596836538461537 0.7432177740384615 0.3483796298076923 0.7294921875 0.3680902788461538 0.7372216802884615 0.37104938221153844 0.7297265625 0.3603896610576923 0.68025390625 0.35150462980769226 0.6675097644230769 0.33966049278846155 0.6540136706730769 0.32840663461538466 0.6397753918269231 0.3135995360576923 0.6277783197115384 0.29582947596153847 0.6157861322115384 0.2851697524038462 0.6067919927884615 0.27569058653846157 0.604541014423077 0.2662152788461538 0.6150341802884616 0.26147762259615387 0.6420214855769231 0.26384644951923075 0.6705078124999999
0 0.5164351850961538 0.6647509759615384 0.5218094134615385 0.6485986322115385 0.5056905865384616 0.6290478509615384 0.4761381177884615 0.6069482427884615 0.4465895072115385 0.59080078125 0.41569444471153844 0.5712499999999999 0.39017361057692307 0.5602001947115385 0.36599922836538457 0.5423486322115385 0.3411496923076923 0.527900391826923 0.3196566346153846 0.5126025384615385 0.2974961418269231 0.50580078125 0.2786882716346154 0.49729980528846157 0.25988425961538464 0.5075000000000001 0.26324459855769233 0.55 0.2699575625 0.5865478509615385 0.28607638942307695 0.6010009759615385 0.3089120360576923 0.61375 0.32840663461538466 0.6397753918269231 0.34584876442307694 0.65794921875 0.3545794759615385 0.6723974615384616 0.36734182211538463 0.6927978509615385 0.3713695985576923 0.7123486322115385 0.3801003076923077 0.7276464855769231 0.44256172836538465 0.719150389423077 0.4734529326923077 0.705546875 0.5030054014423077 0.6877001947115384 0.5164351850961538 0.6647509759615384
0 0.6373456778846154 0.3984375 0.6541628076923077 0.40314453125 0.6669984567307693 0.40314453125 0.6852584879807692 0.3906494134615385 0.6916743822115384 0.38877441346153846 0.6956249999999999 0.3681640625 0.7059915120192308 0.35129394471153846 0.7226080240384616 0.3291015625 0.7178356490384614 0.31631347596153847 0.7157445985576923 0.30436035096153846 0.7069753076923077 0.290078125 0.6911805552884616 0.290078125 0.686246141826923 0.286328125 0.6729205240384615 0.286328125 0.6581790120192307 0.2890625 0.6442939807692307 0.29694824278846155 0.6368904326923077 0.30444336057692306 0.6299807091346155 0.31756347596153844 0.6289930552884615 0.3475488269230769 0.6289930552884615 0.36940918028846154 0.6323302475961537 0.3857421875 0.6373456778846154 0.3984375
0 0.29533564903846155 0.2326074206730769 0.2553549375 0.24135253846153845 0.24696373557692308 0.24135253846153845 0.2326504639423077 0.24510253846153846 0.22327546394230768 0.24759765625 0.21875 0.26123046875 0.2109336418269231 0.2607177740384615 0.20106481490384615 0.26259277403846154 0.19513888942307694 0.26946289182692307 0.19217978365384614 0.28195800721153846 0.1946450625 0.3025683581730769 0.19612654326923076 0.32568359375 0.1966203701923077 0.3313037115384615 0.2055054014423077 0.3425488293269231 0.21043981490384617 0.3425488293269231 0.22080632692307692 0.34379882932692307 0.2459799375 0.3431738269230769 0.26128086538461537 0.3369287115384615 0.28694444471153846 0.32568359375 0.31409336538461535 0.3031933605769231 0.31310570913461533 0.285078125 0.3135995360576923 0.25197265625000004 0.3135995360576923 0.23822753846153846 0.3022453701923077 0.2326074206730769 0.29533564903846155 0.2326074206730769
0 0.3480092596153846 0.46391113221153846 0.34505015384615384 0.4736572259615385 0.34564043269230765 0.49389648557692306 0.3711111105769231 0.48115234375000004 0.41553240625 0.46916015625 0.4469212956730769 0.44592285096153844 0.46350694471153847 0.43842773317307693 0.47594521634615383 0.42568359375 0.49266975240384614 0.41162109375 0.4918981490384615 0.38916015625 0.48109567788461544 0.3798828125 0.4682445985576923 0.38595214903846153 0.4463310192307692 0.3724609375 0.41553240625 0.38520507692307693 0.3811766971153846 0.39794921875 0.3557098774038462 0.40994140625000003 0.3420871923076923 0.42343261778846153 0.33557098798076923 0.4339306634615384 0.34267746875000005 0.4444238293269231 0.3480092596153846 0.46391113221153846
0 0.28086419711538463 0.8203125 0.30234567788461536 0.8121826177884616 0.30234567788461536 0.8031884759615384 0.29227623557692306 0.7792041009615385 0.28872299278846153 0.7529638677884616 0.27273148076923076 0.738720704326923 0.26680555528846156 0.7289794927884615 0.25792438221153846 0.7259765625000001 0.24726080288461538 0.7237304687499999 0.23837577163461537 0.7319775384615385 0.23482253125 0.736474608173077 0.22771605048076923 0.7469677740384615 0.2146875 0.7597119134615385 0.20994598798076922 0.773203125 0.20698688221153846 0.7874462884615384 0.22119984615384616 0.80244140625 0.2407445985576923 0.8084375 0.2514081778846154 0.8219287115384616 0.25792438221153846 0.8294238293269232 0.28086419711538463 0.8203125
0 0.33195987740384614 0.09600097596153846 0.3432137355769231 0.10349609375 0.35565200721153845 0.11474121153846153 0.3716435192307692 0.12073730528846155 0.3900038581730769 0.12073730528846155 0.39829475240384615 0.11999023317307692 0.43857253124999995 0.11999023317307692 0.4533796298076923 0.11849121153846154 0.47233024759615383 0.11399414182692308 0.4918788581730769 0.10649413942307692 0.5256365745192307 0.09225097596153847 0.5439969134615384 0.07201171875 0.5469598774038462 0.05477050721153846 0.5333371923076923 0.04952636778846154 0.5137924375 0.04802734375 0.49246913461538466 0.045029295673076924 0.47233024759615383 0.04277831971153846 0.4593016971153846 0.03453125 0.4427160504807693 0.031533201923076924 0.4267245360576923 0.03603027403846154 0.4059953701923077 0.024038086538461536 0.3905941346153846 0.01729003846153846 0.37104938221153844 0.000048829326923076924 0.3175154326923077 0 0.30767361057692305 0.04203125 0.3183371923076923 0.06001953125 0.32189043269230766 0.069765625 0.33195987740384614 0.09600097596153846
0 0.8166203701923076 0.40611816346153845 0.8293016971153846 0.4069873052884615 0.8354706778846155 0.4022167980769231 0.8505516971153846 0.4009130865384615 0.8625501538461537 0.4009130865384615 0.8649498461538462 0.3952734375 0.8676890432692308 0.3831298822115385 0.870088735576923 0.37011230528846156 0.8745447524038461 0.3597021490384616 0.8728317908653846 0.3497265625 0.8666628076923076 0.3401806634615384 0.8481520072115385 0.33541015625 0.8166203701923076 0.3406152355769231 0.8083912043269231 0.36013671875000003 0.8001658942307692 0.3883349615384616 0.7994791658653846 0.3952734375 0.8145640432692307 0.39787597596153845 0.8166203701923076 0.40611816346153845
0 0.4364583341346154 0.49633788942307694 0.4321952163461538 0.5071533197115385 0.43336033894230774 0.520927733173077 0.4388040120192308 0.5278125 0.4469637355769231 0.5356835937500001 0.4609567908653846 0.537158201923077 0.4943788581730769 0.542568360576923 0.5122608028846154 0.5337158197115385 0.5083719134615385 0.51994140625 0.4706712956730769 0.47616699278846153 0.45357253124999997 0.4756738293269231 0.43841435096153847 0.4869873052884615 0.4364583341346154 0.49633788942307694
0 0.5960030865384616 0.6881982427884614 0.6002662043269231 0.7268798822115384 0.61732253125 0.73857421875 0.6429089495192308 0.715185548076923 0.6656558653846154 0.6953955072115385 0.6926620360576923 0.67650390625 0.7098765432692308 0.6650390625 0.725308641826923 0.67724609375 0.734598764423077 0.7160839855769231 0.7452584879807692 0.7025927740384615 0.7459683653846153 0.67740234375 0.7459683653846153 0.6693066394230769 0.7452584879807692 0.6576123052884615 0.7367283942307693 0.6315283197115384 0.743838735576923 0.6081396490384615 0.7360185192307692 0.5829541009615384 0.7226080240384616 0.5712890625 0.7068788581730769 0.5451708990384615 0.6990586418269231 0.5442724615384615 0.6791589495192307 0.5514697259615384 0.6621026225961538 0.5739550769230769 0.6485956778846155 0.5919482427884616 0.6336728389423077 0.5973437500000001 0.6102160504807692 0.6018408197115385 0.5853395072115385 0.6144335937500001 0.5732561730769231 0.6279296875 0.5903163581730769 0.6585156249999999 0.5960030865384616 0.6881982427884614
0 0.6761458341346154 0.20576171875 0.6867129639423077 0.19672363221153846 0.6952816346153846 0.19202148557692308 0.7052777788461538 0.1894921875 0.7069945985576923 0.18442871153846155 0.70728009375 0.17322265625 0.7038503076923077 0.16418456971153847 0.7009953701923077 0.15912597596153846 0.6887114206730769 0.15912597596153846 0.6838580240384615 0.15406250000000002 0.6732870360576922 0.1522558581730769 0.6707175937500001 0.14936523317307693 0.6667168221153846 0.1468359375 0.6581481490384615 0.145390625 0.6572916658653847 0.14502929567307693 0.6512924375 0.14430175721153846 0.6461535504807692 0.14502929567307693 0.6444405865384616 0.1468359375 0.6415817908653847 0.14936523317307693 0.6378703701923077 0.16201660096153844 0.6364429014423076 0.17864746153846156 0.6438695985576923 0.18442871153846155 0.6564351850961538 0.19708496153846153 0.6670023149038461 0.20286621153846152 0.6761458341346154 0.20576171875
0 0.1517862644230769 0.41068847596153846 0.15533950721153847 0.42868164182692303 0.16315586538461538 0.4439746081730769 0.1731057091346154 0.46196289182692307 0.18518904326923075 0.48625 0.19371913461538462 0.4970458990384615 0.2093557091346154 0.5123388677884615 0.22499228365384616 0.50064453125 0.22996527884615384 0.48265136778846157 0.22712191346153845 0.47005859375000003 0.21219907451923078 0.44217285096153847 0.1986921298076923 0.40979003846153844 0.17168595673076922 0.3954003894230769 0.16528935096153846 0.3918017572115385 0.1517862644230769 0.41068847596153846
0 0.3258564807692308 0.189140625 0.3295563269230769 0.19174316346153847 0.3353163581730769 0.19434570432692308 0.34025077163461537 0.18809570432692307 0.34888888942307694 0.17508300721153847 0.3583487644230769 0.16675293028846155 0.36040509374999996 0.1641503918269231 0.3562924375 0.15686523557692308 0.3497106490384615 0.15270019471153845 0.3394290120192308 0.14749511778846153 0.32791280769230774 0.1396875 0.30940200721153843 0.13083496153846152 0.2999421298076923 0.13083496153846152 0.28801311778846156 0.13083496153846152 0.2826658942307692 0.13499999999999998 0.28102237740384617 0.14124511778846155 0.2789660504807692 0.14957519471153846 0.28801311778846156 0.1620703125 0.2999421298076923 0.17404296875 0.3110493822115385 0.17872558653846154 0.3258564807692308 0.189140625
0 0.4866435192307692 0.9283544927884615 0.47310570913461536 0.9194726562500001 0.4565586418269231 0.9131250000000001 0.4405169759615385 0.9207421875 0.43048996875 0.9366064447115385 0.4309915120192308 0.9581787115384616 0.45355324038461536 0.9715039062499999 0.4675887355769231 0.9727734375 0.4896489206730769 0.9607177740384615 0.4911535504807692 0.94421875 0.4866435192307692 0.9283544927884615
0 0.6175887355769232 0.5386474615384615 0.6344907403846154 0.5404541009615385 0.6387731490384615 0.5362353509615384 0.6380594134615385 0.5326220697115385 0.6349652788461538 0.5220751947115384 0.6340123461538462 0.5181591802884615 0.6325848774038462 0.5094238269230769 0.6325848774038462 0.4988818365384615 0.6287770072115385 0.4949658197115384 0.626871141826923 0.4910449206730769 0.6244907403846154 0.48622558653846154 0.621875 0.4832128894230769 0.6190162043269231 0.483515625 0.6171141971153846 0.48622558653846154 0.613306326923077 0.491953125 0.6052121923076923 0.4973730456730769 0.6028317908653846 0.4964697259615385 0.5987847211538462 0.49014160096153847 0.5930709879807693 0.48291503846153844 0.5849807091346154 0.48381836057692307 0.5821219134615384 0.48622558653846154 0.5761728389423078 0.49014160096153847 0.5733179014423077 0.49948242307692303 0.5842669759615384 0.516953125 0.5918827163461539 0.5244873052884615 0.6094984567307692 0.537138670673077 0.6175887355769232 0.5386474615384615
0 0.21774305528846155 0.8422900384615384 0.17746913461538463 0.88330078125 0.1658950625 0.908203125 0.1597453701923077 0.9286474615384616 0.16242283894230772 0.94384765625 0.17509644951923078 0.9696630865384616 0.19058642067307693 0.970703125 0.21759259375 0.9482421875 0.2595331778846154 0.9480761730769232 0.2757407403846154 0.9588720697115385 0.2962962956730769 0.9716796875 0.31241512259615384 0.9750634759615384 0.35416666586538464 0.95654296875 0.3807870360576923 0.91455078125 0.4062307091346154 0.9005810552884616 0.4053780865384615 0.8930224615384615 0.3959953701923077 0.8768310552884616 0.3755285504807692 0.85740234375 0.3652932091346154 0.8433691418269231 0.35079475240384617 0.8153027331730769 0.32776620432692305 0.8066699206730769 0.30559027884615386 0.8045068365384616 0.26967592548076924 0.8251953125 0.21774305528846155 0.8422900384615384
0 0.5417939807692307 0.21553222596153845 0.5389158942307692 0.22646484374999998 0.5348032403846154 0.2347949230769231 0.52205246875 0.24260253846153848 0.5175270072115384 0.24937011778846155 0.5175270072115384 0.25197265625000004 0.5179359567307692 0.2639453125 0.5236959879807692 0.26498535096153847 0.5302777788461538 0.2639453125 0.5520756177884615 0.27695800721153846 0.5561882716346154 0.2832080072115385 0.5598919759615385 0.2873681634615385 0.5693518509615385 0.292578125 0.5816898149038462 0.29830078125 0.5915625 0.29986328125 0.604726079326923 0.3050683581730769 0.6265239206730769 0.3050683581730769 0.6355748461538462 0.30246581971153846 0.6446759254807692 0.2919921875 0.6429783942307693 0.27383300721153847 0.6323302475961537 0.2626953125 0.6187075624999999 0.24260253846153848 0.6076041658653846 0.23427246153846154 0.5903279326923078 0.21865722596153844 0.5788117283653846 0.19470703125 0.5694444447115384 0.1845703125 0.5578703701923077 0.185546875 0.5520756177884615 0.19522949278846152 0.547141204326923 0.20355956971153846 0.5417939807692307 0.21553222596153845
0 1 0.6369238269230769 0.9810956778846154 0.62890625 0.9355709879807693 0.63330078125 0.9116512355769231 0.64794921875 0.8831018509615384 0.70068359375 0.8781674375 0.7349755865384615 0.8909606490384616 0.7538623052884615 0.8952276225961538 0.7646582019230769 0.9158371923076923 0.7673583990384615 0.9378703701923077 0.763759766826923 0.9634567908653846 0.7628613269230768 0.9684336418269232 0.7628613269230768 0.9982831778846154 0.7610595697115384 1 0.7610595697115384 1 0.6369238269230769
0 0.5355864206730769 0.3387255865384615 0.55478009375 0.36211425721153845 0.5753896610576923 0.34142578125 0.5796527788461538 0.32883300721153846 0.5832098774038461 0.3189355480769231 0.5775231490384616 0.3072412115384615 0.5732561730769231 0.3009472668269231 0.5633063269230769 0.291953125 0.5540663581730769 0.28295410096153845 0.5490933653846154 0.2703613293269231 0.5441165120192308 0.2676660144230769 0.5384297836538462 0.2676660144230769 0.5256365745192307 0.26586425721153845 0.5078703701923077 0.27845703125 0.4964969134615385 0.29824706971153847 0.5064467596153845 0.3189355480769231 0.5355864206730769 0.3387255865384615
0 0.10391589423076922 0.5609082043269231 0.13134259375000001 0.5240771490384616 0.13973765384615386 0.4999902331730769 0.13917438221153847 0.4829931634615384 0.12686342548076923 0.468828125 0.10055941346153846 0.4617431634615385 0.07649305528846154 0.4709521490384615 0.07145833413461539 0.4872412115384615 0.04570987740384615 0.5205322259615385 0.02332561778846154 0.5439062499999999 0.008213735576923077 0.5687011730769231 0.014930555288461538 0.5899511730769231 0.04515046394230769 0.58853515625 0.06921682211538462 0.6140332043269231 0.09944058653846154 0.6239501947115385 0.09720293269230769 0.6055322259615384 0.10391589423076922 0.5609082043269231
0 0.45272376442307694 0.37815918028846157 0.46757330288461535 0.38394531249999997 0.47643132692307694 0.3799707043269231 0.4804282403846154 0.37490722596153847 0.4867129639423077 0.36044921875 0.4795717596153847 0.3474316418269231 0.46043595673076926 0.3271875 0.45272376442307694 0.3170654302884615 0.4427237644230769 0.3040527355769231 0.43529706730769235 0.29826660096153845 0.41216049278846156 0.31272949278846157 0.3835995360576923 0.3409277355769231 0.37731481490384616 0.366953125 0.38502700721153843 0.39442871153846154 0.44329475240384614 0.37310058653846156 0.4458680552884615 0.3738232427884615 0.45272376442307694 0.37815918028846157
0 0.5150462956730769 0.23763183653846154 0.52361496875 0.24185058653846153 0.5288541658653846 0.24034179807692307 0.5343287043269231 0.23311523557692307 0.5381944447115384 0.2216796875 0.5452777788461538 0.2108203125 0.5497993822115385 0.20208496153846156 0.5519405865384616 0.19575683653846154 0.5501543221153846 0.18798828125 0.54205246875 0.18017578125 0.5308641971153846 0.1708984375 0.52044753125 0.16943359375 0.5100308653846154 0.173828125 0.5061728389423077 0.18115234375 0.5057638894230769 0.18822753846153845 0.5102854927884615 0.20268554807692307 0.5095717596153846 0.21985839903846155 0.5100501538461539 0.22859374999999998 0.5150462956730769 0.23763183653846154
0 0.7169483028846154 0.16376464903846152 0.7293865745192308 0.15776855528846154 0.748931326923077 0.15327148317307693 0.782098764423077 0.15102539182692307 0.7986844134615385 0.14952636778846154 0.8288888894230768 0.14277831971153845 0.8721257716346155 0.12778320192307693 0.8786419759615385 0.10004882932692308 0.8970023149038462 0.07980956971153846 0.9153626538461539 0.06406738221153846 0.9349112644230769 0.05357421875 0.9420177475961539 0.043828125 0.9449768509615384 0.0318359375 0.9420177475961539 0.02059081971153846 0.9331327163461538 0.010844725961538461 0.9135879639423077 0.005595704326923077 0.912993826923077 0.004848632211538461 0.9064814807692307 0.0025976562499999997 0.7619598774038461 0.003349610576923077 0.7530748461538461 0.00784668028846154 0.7329398149038462 0.01609375 0.7276080240384615 0.018339843749999998 0.7128009254807692 0.03633300721153846 0.7033256177884616 0.06256835817307692 0.6950308653846153 0.08056152403846153 0.6849652788461539 0.08580566346153845 0.6766705240384615 0.09255371153846154 0.6600887355769232 0.10080078125 0.6547569447115384 0.11204101682692308 0.6529783942307692 0.13078125000000002 0.666601079326923 0.15102539182692307 0.6814081778846154 0.1592675793269231 0.7009567908653846 0.16451660096153847 0.7169483028846154 0.16376464903846152
0 0 0.6765917980769232 0.009722221153846154 0.700341795673077 0.042129629807692304 0.7089794927884616 0.05492283894230769 0.7111376947115384 0.0907445985576923 0.7197705072115385 0.11377314903846154 0.7165332019230769 0.11377314903846154 0.7014208990384615 0.11206790144230769 0.672275389423077 0.11111111057692308 0.65087890625 0.10268518509615385 0.6388134759615384 0.09159722115384615 0.6290966802884616 0.08136188221153845 0.6215429687499999 0.06601080288461539 0.603193358173077 0.047249228365384616 0.5923974615384615 0.036161264423076926 0.5923974615384615 0.019953704326923078 0.603193358173077 0 0.6183056634615384 0 0.6765917980769232
0 0.5641705240384616 0.5989306634615384 0.5769212956730769 0.608818358173077 0.5970756177884615 0.6072607427884615 0.6209297836538461 0.5999707043269231 0.6390277788461538 0.5926806634615385 0.6414969134615384 0.5739404302884615 0.6414969134615384 0.5645703125 0.6402623461538461 0.5583251947115385 0.631211420673077 0.5505175769230769 0.6180516971153847 0.5484326177884615 0.5941936730769231 0.5484326177884615 0.5625231490384615 0.5656152355769231 0.5584104927884616 0.5749853509615385 0.5522415120192308 0.5869580072115385 0.55388503125 0.5973681634615384 0.5641705240384616 0.5989306634615384
0 0.17992283894230768 0.09955078125 0.1943171298076923 0.10371581971153845 0.2128279326923077 0.10943847596153847 0.23379629567307691 0.109375 0.2486111105769231 0.11829101682692308 0.27740355048076926 0.12141113221153846 0.29056327163461537 0.13078125000000002 0.3036265432692308 0.12744140625 0.30285493750000003 0.1162109375 0.29320987740384613 0.10205078125 0.27452160576923074 0.08965820192307693 0.24984567788461537 0.08341308653846154 0.21899691346153846 0.07820800721153846 0.20213348798076922 0.07300293028846154 0.1803317908653846 0.07612304807692308 0.16552469230769232 0.07924804807692308 0.15195216105769233 0.08289062500000001 0.16429012259615383 0.089140625 0.17992283894230768 0.09955078125
0 0.9276350312499999 0.454765625 0.9311882716346154 0.43587890625000003 0.9390084879807692 0.40799316346153847 0.9482484567307693 0.39089843750000003 0.9581983028846154 0.37380859375000003 0.9667283942307693 0.3603173822115385 0.9709915120192308 0.3504199206730769 0.9695717596153847 0.3441259759615385 0.9624614206730769 0.32343261778846155 0.9439814807692308 0.3180371105769231 0.8913888894230768 0.34772460817307693 0.8665123461538461 0.3675146490384616 0.8650887355769231 0.39359863221153846 0.8828587956730769 0.4394775384615385 0.9212384254807693 0.46466308653846156 0.9255054014423076 0.45746581971153844 0.9276350312499999 0.454765625
0 0.8210763894230768 0.8236572259615385 0.8251890432692307 0.8486474615384616 0.8288888894230768 0.8642626947115384 0.8350578701923077 0.8908105480769231 0.8478086418269231 0.902265625 0.8597376538461539 0.9147558581730769 0.8720756177884615 0.9215234375 0.8823611105769231 0.9199609375000001 0.8889429014423077 0.9116357427884616 0.8930555552884616 0.9033056634615384 0.8909992283653847 0.8861279302884615 0.8885300937499999 0.8751953125 0.8885300937499999 0.8611376947115384 0.8889429014423077 0.8455224615384616 0.8868865745192308 0.8351123052884616 0.8852391971153846 0.8215771490384616 0.8897646610576923 0.8033544927884615 0.8872955240384616 0.7893017572115385 0.87865740625 0.776806641826923 0.877013889423077 0.763271485576923 0.8720756177884615 0.763271485576923 0.8609722211538462 0.75962890625 0.8490432091346154 0.7497363269230769 0.8391743822115385 0.7403662115384615 0.83259259375 0.7393261706730769 0.8243634254807692 0.73412109375 0.8173726850961539 0.7330810552884616 0.8157291658653846 0.7403662115384615 0.8075 0.7419287115384615 0.7959837956730769 0.7388037115384616 0.786523920673077 0.7351611322115384 0.7754205240384615 0.73412109375 0.7680169759615385 0.7304785144230769 0.7585570985576923 0.7419287115384615 0.7515624999999999 0.7549414062500001 0.7495061730769231 0.7617089855769231 0.7589660504807691 0.7658740240384615 0.7815895072115384 0.7830517572115384 0.7947492283653846 0.7965869134615384 0.8066782403846153 0.8116845697115385 0.8210763894230768 0.8236572259615385
0 0.2585146610576923 0.48984863221153846 0.26798996875000003 0.48010253846153844 0.27687500000000004 0.47186035096153844 0.28812885817307693 0.48010253846153844 0.30175154326923076 0.4853515625 0.3141898149038462 0.49809570432692307 0.32070601923076925 0.49884765625 0.34498842548076925 0.49509765624999996 0.34795138942307696 0.48760253846153845 0.34795138942307696 0.4703613269230769 0.3432137355769231 0.44562011778846156 0.31063657451923077 0.42988281250000004 0.28990740625 0.42913086057692307 0.26680555528846156 0.42763183653846154 0.24430169711538463 0.42763183653846154 0.23541666586538462 0.44037597596153844 0.22831018509615383 0.46511230528846154 0.23304783894230768 0.48834960817307693 0.24430169711538463 0.48984863221153846 0.2585146610576923 0.48984863221153846
0 0.3202584879807692 0.42734863221153846 0.3427777788461538 0.42734863221153846 0.3560802475961538 0.42734863221153846 0.3591512355769231 0.40014648557692306 0.3571064807692308 0.37424316346153846 0.34891589423076924 0.3561083990384616 0.33970679086538463 0.3509228509615384 0.3202584879807692 0.3457421875 0.29057870432692307 0.34833496153846155 0.27727237740384614 0.353515625 0.24759259375 0.36646972596153843 0.22917052403846153 0.37683105528846156 0.21381944471153844 0.37942382692307697 0.20972607932692308 0.42346191346153844 0.23326388942307694 0.4286474615384615 0.27829861057692307 0.42476074278846154 0.3202584879807692 0.42734863221153846
0 0.7735609567307692 0.39408691346153846 0.8026813269230769 0.3909619134615384 0.8026813269230769 0.3666015625 0.8125540120192307 0.35160644471153846 0.810578704326923 0.3378662115384615 0.7908333341346154 0.32537109375 0.7715856490384615 0.32224609374999996 0.7424652788461539 0.32474609375 0.7251890432692308 0.33474121153846154 0.7143325625 0.34223632692307693 0.7089004639423078 0.35035644471153843 0.7010030865384616 0.3653515625 0.6945871923076923 0.38471679567307693 0.7301273149038461 0.3790917980769231 0.7508564807692307 0.3865917980769231 0.7592476850961538 0.3953369134615385 0.7735609567307692 0.39408691346153846
0 0.39405092548076925 0.7373486322115385 0.38862268509615383 0.7535888677884616 0.3807253076923077 0.7623339855769231 0.36690586538461534 0.7785791009615385 0.35653935096153844 0.7979443365384615 0.3501234567307692 0.8041894543269231 0.35111111057692307 0.8091845697115385 0.35505787019230767 0.8235546874999999 0.3624614206730769 0.8385449206730768 0.37184027884615384 0.8529150384615385 0.3807253076923077 0.8641601562500001 0.39997299278846155 0.8779003918269231 0.40393518509615384 0.8837890625 0.41165123557692307 0.880859375 0.4259259254807692 0.87841796875 0.43479938221153847 0.87548828125 0.44174382692307695 0.8603515625 0.44675925961538465 0.83251953125 0.45524691346153845 0.814453125 0.4715432091346154 0.78419921875 0.4745023149038462 0.7698291009615384 0.46364583413461535 0.7548388677884615 0.4562422836538461 0.74609375 0.4374845673076923 0.7267285144230768 0.42761188221153845 0.7217333990384615 0.41724922836538464 0.7292285144230769 0.39405092548076925 0.7373486322115385
0 0.6605825625 0.5393261730769231 0.6748958341346154 0.5436962884615385 0.686246141826923 0.5468212884615384 0.6986882716346153 0.54296875 0.7098765432692308 0.54638671875 0.7256944447115384 0.576171875 0.7543595673076923 0.5843017572115385 0.7795331778846154 0.5818017572115385 0.7898958341346154 0.578056639423077 0.7858796298076923 0.5703125 0.7793209879807693 0.5517578125 0.7726234567307693 0.5230810552884615 0.7676851850961538 0.4987207043269231 0.7602816346153846 0.47623046874999997 0.7538657403846154 0.4549902331730769 0.7509066346153846 0.4425 0.7474498461538462 0.4218847668269231 0.7400462956730769 0.39627441346153847 0.7385648149038461 0.3906494134615385 0.7291859567307692 0.39189941346153845 0.7188233028846154 0.40251953125 0.7029320985576923 0.41357421875 0.6936496923076922 0.4225097644230769 0.6822993822115385 0.42438476442307693 0.6709452163461538 0.4250097644230769 0.6635416658653847 0.4262597644230769 0.6526851850961539 0.4318798822115385 0.6398495360576923 0.43625488221153846 0.6378780865384616 0.46936035096153844 0.638888889423077 0.49267578125 0.6516203701923077 0.5322265625 0.6605825625 0.5393261730769231
0 0.15988425961538463 1 0.1615625 0.9951123052884616 0.13637731490384614 0.9660693365384615 0.09440200721153845 0.91578125 0.07705246874999999 0.89453125 0.0658603389423077 0.8817822259615385 0.033742283653846156 0.85916015625 0.003179012019230769 0.8605322259615384 0.004857252403846154 1 0.061381173076923076 1 0.15988425961538463 1
0 0.37702160576923077 0.7655224615384615 0.38425925961538465 0.75341796875 0.3745563269230769 0.7386621081730769 0.3468364206730769 0.73291015625 0.3276658942307692 0.7405322259615384 0.3074266971153846 0.7461572259615384 0.29805169711538465 0.771142576923077 0.3005169759615385 0.7873828125 0.30890817788461533 0.8079980456730769 0.34938271634615387 0.8098730456730769 0.36418981490384617 0.7911328125 0.37702160576923077 0.7655224615384615
0 0.7503047836538462 0.32475586057692307 0.7596797836538461 0.3178466802884615 0.7591280865384615 0.30590820192307694 0.7613348774038461 0.2982324206730769 0.7789853389423077 0.2905517572115385 0.7916705240384616 0.28915527403846153 0.8098726850961538 0.2947412115384615 0.8148379639423078 0.2954394519230769 0.8198032403846154 0.2954394519230769 0.8164930552884615 0.2814794927884615 0.8115277788461538 0.2612353509615385 0.8060108028846155 0.24168456971153846 0.8010493822115384 0.22632812500000002 0.79884259375 0.22353515624999998 0.7867091057692307 0.22493163942307692 0.7623456778846154 0.23974609375 0.7515432091346154 0.2412109375 0.7409297836538461 0.24727050721153845 0.7221759254807693 0.2535546875 0.7072839495192308 0.26262695432692307 0.705628858173077 0.2661181634615385 0.7017669759615385 0.27729003846153844 0.7017669759615385 0.28775878846153846 0.7157445985576923 0.30436035096153846 0.7243827163461538 0.3191748052884616 0.7293441346153846 0.3338330072115384 0.7503047836538462 0.32475586057692307
0 0.17557870432692307 0.7669921875000001 0.16215277884615384 0.7525927740384616 0.13720293269230768 0.7420703125 0.11329089423076924 0.7433837884615385 0.10497299278846153 0.7539111322115384 0.10705246875 0.7644384759615386 0.13526234615384616 0.798193360576923 0.11952932211538461 0.8131201177884615 0.12992669711538463 0.8407519543269231 0.1453317908653846 0.8390625 0.17670910576923077 0.8118066418269231 0.17557870432692307 0.7669921875000001
0 0.47389660576923076 0.80126953125 0.46252314903846153 0.8147656249999999 0.4554166658653846 0.83275390625 0.4447530865384615 0.8471484375 0.44262345673076925 0.8606396490384616 0.4504398149038461 0.8786328125 0.4603896610576923 0.8876269543269231 0.4838464495192308 0.89662109375 0.5058796298076923 0.9047167980769231 0.5250694447115385 0.9074169927884616 0.5328858028846154 0.8993212884615385 0.5293325625 0.8579394519230769 0.5080092596153846 0.8345556634615385 0.4973495360576923 0.8039697259615385 0.48668981490384616 0.7931738269230769 0.47389660576923076 0.80126953125
0 0.8236612644230769 0.33599609375 0.8440702163461539 0.33599609375 0.8622723774038461 0.3387890625 0.8705439807692308 0.3408837884615385 0.8738541658653846 0.3450732427884615 0.8826813269230769 0.35135253846153847 0.8870910504807692 0.3345996081730769 0.8915046298076923 0.32133789182692307 0.8876427475961539 0.31365722596153844 0.8727507716346155 0.3108642572115385 0.856203704326923 0.3066796875 0.8435185192307693 0.30388671875 0.8258680552884615 0.30039550721153846 0.8027044759615385 0.2962060552884615 0.7822955240384615 0.29271484375 0.7651967596153846 0.29341308653846154 0.7591280865384615 0.3017919927884615 0.7596797836538461 0.3178466802884615 0.7657484567307692 0.32203613221153843 0.7949807091346154 0.33041015625000003 0.810578704326923 0.3378662115384615 0.8236612644230769 0.33599609375
0 0.8088001538461539 0.608046875 0.8369444447115384 0.6166845697115384 0.8565625 0.6166845697115384 0.8778819447115385 0.592939451923077 0.9085648149038461 0.56494140625 0.9785262355769231 0.5691894543269231 0.9911265432692308 0.5927734375 1 0.55859375 0.9904668221153846 0.5206152355769231 0.9844945985576923 0.508740235576923 0.9708487644230769 0.4871533197115384 0.9495254639423076 0.478515625 0.9341743822115384 0.4720410168269231 0.9094405865384616 0.4580078125 0.8906790120192307 0.44721191346153844 0.8574151225961538 0.42562500000000003 0.8173263894230769 0.49470703125 0.7874768509615385 0.5378857427884616 0.7883294759615385 0.5843017572115385 0.8088001538461539 0.608046875
0 0 0.8697802740384616 0.008074846153846153 0.85978515625 0.02288194471153846 0.85853515625 0.033742283653846156 0.85916015625 0.04262731490384616 0.8691552740384616 0.048549382211538455 0.8766503918269231 0.053977622596153844 0.8710302740384616 0.05891203605769231 0.8516650384615385 0.059899692307692314 0.8073144543269231 0.05940586538461538 0.7742041009615386 0.052496141826923075 0.761083985576923 0.040652007211538464 0.74609375 0.02584490625 0.74671875 0 0.75046875 0 0.8697802740384616
0 0.35777392067307695 1 0.35283564903846154 0.9947802740384616 0.3113773149038461 0.9760400384615384 0.29508873557692306 0.9629199206730769 0.26744984615384615 0.9485546874999999 0.24622685096153846 0.9473046875000001 0.2215470673076923 0.9473046875000001 0.20575231490384616 0.9597949230769232 0.17613811778846153 0.9747900384615384 0.1608371923076923 1 0.35777392067307695 1