0 0.8413310192307691 0.1878125 0.8470254639423077 0.20150878846153847 0.8715162043269231 0.19357910096153846 0.8914506177884616 0.181328125 0.9062615745192308 0.16618652403846154 0.8994251538461538 0.14023925721153846 0.8829089495192307 0.12726074278846153 0.8709490745192308 0.12437988221153845 0.8675308653846153 0.1258203125 0.8572762355769231 0.14528320432692307 0.8441782403846154 0.17556152403846154 0.8413310192307691 0.1878125
0 1 0.6038427740384615 0.9960648149038461 0.566474610576923 0.9689004639423077 0.5694628894230769 0.9464583341346154 0.61580078125 0.9216589495192308 0.6755908197115384 0.9500038581730769 0.7174462884615385 0.9700810192307692 0.726416016826923 1 0.6471923822115385 1 0.6038427740384615
0 0.26721064903846153 0.39755859375 0.3021797836538461 0.3878417956730769 0.3183834879807692 0.37704589903846153 0.34104938221153847 0.34326171875 0.3431172836538462 0.3155175793269231 0.3379629639423077 0.30615234375 0.3321759254807692 0.29248046875 0.32349922836538464 0.27666015625 0.2953549375 0.24859375 0.2748842596153846 0.23887695432692307 0.2586805552884615 0.23132324278846153 0.2501504639423077 0.2226855456730769 0.23394675961538464 0.20865234375 0.22883101923076923 0.20865234375 0.2083603389423077 0.21621093749999998 0.18874228365384615 0.22484374999999998 0.1768016971153846 0.23671874999999998 0.16230324038461538 0.2691015625 0.1597453701923077 0.27018066346153846 0.16145061778846154 0.2798974615384615 0.21518132692307693 0.3263134759615385 0.24247685096153845 0.38136718750000004 0.25100308653846154 0.3932373052884615 0.26721064903846153 0.39755859375
0 0.5717283942307693 0.5339599615384615 0.5574459879807692 0.522138670673077 0.54865740625 0.5071923822115385 0.52915509375 0.503017579326923 0.5203626538461539 0.5068408197115384 0.5110262355769231 0.5099707043269232 0.5049807091346155 0.51623046875 0.5014120360576924 0.5325683605769231 0.49344521634615385 0.5596826177884615 0.48657793269230765 0.59896484375 0.47504243749999997 0.634423826923077 0.47778935096153846 0.6434619134615385 0.49509259375 0.6486767572115385 0.5066319447115385 0.6413769543269231 0.5316242283653846 0.6236474615384615 0.5439853389423077 0.6059179687499999 0.5709027788461538 0.5895800769230769 0.5810686730769231 0.5694189447115384 0.5742013894230769 0.5419531249999999 0.5733757716346154 0.5391748052884615 0.5717283942307693 0.5339599615384615
0 0.7740277788461539 0.6531689447115384 0.7456828701923077 0.6785791009615385 0.7090702163461539 0.7159521490384615 0.6641898149038461 0.7488330072115384 0.6559220673076923 0.7966699230769231 0.6972569447115385 0.7981640624999999 0.7598533942307693 0.7832128894230769 0.7881983028846153 0.7518261706730769 0.8248109567307692 0.7024951177884616 0.7941049375 0.668115233173077 0.7846566346153847 0.6621386706730769 0.7740277788461539 0.6531689447115384
0 0.9455594134615384 0.23611328125 0.9199305552884615 0.21520507692307692 0.9102469134615384 0.21809081971153846 0.8880362644230769 0.22818359375 0.8715162043269231 0.24476074278846155 0.8413310192307691 0.26566894471153846 0.8413310192307691 0.28801269471153845 0.8510146610576924 0.30819824278846153 0.8686689807692307 0.3305419927884615 0.9062615745192308 0.35865722596153843 0.9353086418269231 0.352890625 0.9597993822115385 0.3406347644230769 0.9711921298076922 0.298828125 0.9575231490384616 0.26494628846153845 0.9455594134615384 0.23611328125
0 0.7515624999999999 0.42802734374999996 0.7593788581730769 0.43010742307692307 0.7708950625 0.43010742307692307 0.7797067908653846 0.427734375 0.7835648149038461 0.42236328125 0.7894020072115384 0.42282226682692303 0.8013310192307692 0.4207373052884616 0.8177854927884615 0.4196972668269231 0.8283179014423077 0.4091796875 0.8379398149038462 0.4061621081730769 0.8416396610576923 0.39106933653846154 0.8424614206730769 0.38325683653846154 0.8436959879807693 0.36139648317307693 0.84040509375 0.36139648317307693 0.8284799374999999 0.36451660096153843 0.8251890432692307 0.36451660096153843 0.8177854927884615 0.36503906249999996 0.8099691346153846 0.36503906249999996 0.8005092596153845 0.36503906249999996 0.786523920673077 0.36711914182692307 0.7799421298076923 0.36868163942307697 0.7737731490384616 0.36972168028846153 0.7663695985576923 0.37440918028846154 0.7581018509615384 0.380859375 0.7532098774038462 0.3879443365384615 0.7474498461538462 0.4077246105769231 0.7486844134615385 0.4186572259615385 0.7515624999999999 0.42802734374999996
0 0.12110339423076924 0.24197753846153847 0.13393518509615385 0.24697265624999998 0.13739197596153846 0.25509277403846153 0.14627700721153847 0.26384277403846157 0.15762731490384616 0.25259765624999997 0.1674382716346154 0.240234375 0.17592592548076924 0.22705078125 0.18634259375 0.2177734375 0.19984567788461538 0.21337890625 0.21759259375 0.2080078125 0.23456790144230769 0.20068359375 0.24252314903846153 0.18575683653846153 0.24252314903846153 0.17826171875 0.24252314903846153 0.16951171874999998 0.23709490625 0.15514648317307692 0.23067901201923077 0.15202148317307693 0.2173495360576923 0.14577636778846154 0.2079745360576923 0.14327636778846153 0.20155478365384616 0.14140136778846155 0.1852700625 0.13890624999999998 0.17243441346153845 0.14327636778846153 0.16256558653846154 0.15202148317307693 0.14274691346153848 0.1689453125 0.12422839423076923 0.18603515625 0.10876543269230769 0.19887206971153845 0.09839892067307693 0.20761718750000002 0.07865740624999999 0.22261230528846154 0.08655478365384615 0.2307324230769231 0.09592978365384616 0.23510742307692306 0.10679012259615385 0.23760253846153848 0.12110339423076924 0.24197753846153847
0 0.6072530865384616 0.71044921875 0.6323302475961537 0.7294921875 0.6647762355769231 0.7419287115384615 0.6845177475961539 0.7398486322115385 0.7029320985576923 0.7294921875 0.7118055552884616 0.7099609375 0.715663579326923 0.69775390625 0.7145061730769231 0.673828125 0.7091049375 0.6640625 0.7009722211538462 0.6471875 0.6878086418269231 0.639375 0.6730015432692308 0.6300048822115384 0.6561381177884615 0.6201171875 0.63580246875 0.60302734375 0.6180555552884616 0.59130859375 0.5964506177884615 0.59033203125 0.5810185192307692 0.59228515625 0.56134259375 0.595703125 0.5432098774038462 0.6015625 0.5360339495192308 0.6138720697115384 0.5286304014423077 0.6232421875 0.5232831778846154 0.6310498052884616 0.5199961418269231 0.6404199230769231 0.513888889423077 0.646484375 0.5250771610576923 0.65185546875 0.5455246923076923 0.6669921875 0.5821759254807692 0.6953125 0.6072530865384616 0.71044921875
0 0.07584490625 0.24079589903846152 0.05123842548076923 0.23128418028846154 0.04166666586538462 0.27973632692307693 0.05397376442307692 0.3281640625 0.06422453605769231 0.36103515625000004 0.07926311778846154 0.40255859374999997 0.12505401201923078 0.41466796875 0.15171296394230768 0.4129394543269231 0.16606481490384617 0.40515136778846156 0.20638888942307693 0.35930664182692307 0.2009220673076923 0.3437353509615385 0.19545524759615385 0.3316259759615384 0.18725308653846154 0.3056738293269231 0.12710648076923078 0.26501953125 0.0840470673076923 0.2503125 0.07584490625 0.24079589903846152
0 0.4416628076923077 0.044663086538461544 0.4307870360576923 0.04132324278846154 0.4232060192307693 0.04174316346153846 0.40408950721153847 0.040908204326923076 0.3998032403846154 0.030063475961538463 0.3780478389423077 0.03798828125 0.37211805528846154 0.04966796875 0.36222993750000004 0.07219238221153847 0.3671720673076923 0.08721191346153846 0.3727777788461539 0.10014648317307692 0.38134644951923075 0.1009765625 0.3905748461538462 0.09597168028846154 0.4146373461538462 0.09388671875 0.4152970673076923 0.09388671875 0.42485339423076923 0.08763183653846154 0.44067515384615386 0.08053710817307692 0.45418981490384613 0.06301757692307693 0.4469367283653846 0.04883300721153846 0.44430169711538464 0.04674804567307692 0.4416628076923077 0.044663086538461544
0 0.4684992283653846 0.284609375 0.4750771610576923 0.2778417980769231 0.4878279326923077 0.27576171875 0.4960570985576923 0.27368163942307694 0.4985223774038462 0.26951660096153846 0.4997569447115385 0.2637890625 0.4981134254807692 0.2507763677884615 0.5005787043269231 0.2450488293269231 0.5055169759615384 0.23724121153846156 0.4997569447115385 0.23307617307692308 0.4940007716346154 0.22734863221153848 0.4820717596153846 0.22734863221153848 0.47548996875000005 0.22734863221153848 0.4647955240384615 0.2315136706730769 0.4619174375 0.2346386730769231 0.4586265432692308 0.23932128846153844 0.4520447524038461 0.24348632692307692 0.4491666658653846 0.2466113269230769 0.45081018509615384 0.26118652403846154 0.45081018509615384 0.2794042980769231 0.4528665120192308 0.2856542980769231 0.46315200721153843 0.287734375 0.4684992283653846 0.284609375
0 0.9838078701923076 0.41193359375 0.9960030865384616 0.40275390625 0.9936959879807692 0.3873193365384615 0.9894097211538462 0.3743847668269231 0.9854552475961539 0.36395996153846155 0.9808410504807692 0.3539453125 0.9762268509615384 0.35019043028846153 0.9650192908653845 0.3476904302884615 0.9580979927884615 0.3460205072115385 0.940628858173077 0.37480468749999996 0.9422762355769231 0.39190918028846156 0.9452430552884615 0.4010839831730769 0.968973764423077 0.40650878846153843 0.9838078701923076 0.41193359375
0 0.4241589495192307 0.24426757932692308 0.4204552475961538 0.2411425793269231 0.41757716105769227 0.2411425793269231 0.40523919711538464 0.2375 0.3982445985576923 0.23645996153846155 0.38878472115384616 0.23697753846153846 0.3817939807692308 0.23958007692307692 0.3772685192307692 0.24062499999999998 0.3747993822115384 0.24322753846153844 0.3719212956730769 0.2505126947115385 0.37151234615384615 0.25884277403846156 0.37068672836538463 0.2687353509615385 0.3673958341346154 0.27810546875 0.3686304014423077 0.28695312500000003 0.3710995360576923 0.2937207019230769 0.37397762259615386 0.2978857427884615 0.3826157403846154 0.3046533197115385 0.39001929086538467 0.30309081971153845 0.39865740624999996 0.3010107427884615 0.40893904326923075 0.3025683581730769 0.42128086538461534 0.30725586057692306 0.4266280865384615 0.3135009759615385 0.42950617307692307 0.31193847596153845 0.4352623461538461 0.3108984375 0.43732253125000004 0.3077783197115384 0.4406095673076923 0.30048828125 0.4455478389423077 0.2926806634615385 0.44966049278846154 0.27862304807692306 0.4492476850961538 0.2635302740384616 0.44966049278846154 0.24999511778846153 0.4459567908653846 0.24322753846153844 0.44266589423076924 0.24166503846153847 0.4307407403846154 0.24426757932692308 0.4241589495192307 0.24426757932692308
0 0.7964043221153846 0.28112793028846156 0.8108217596153846 0.28142089903846157 0.8236419759615384 0.28576660096153844 0.8376041658653846 0.2788134759615385 0.8492785504807692 0.26693359375000003 0.8575192908653846 0.2591113269230769 0.8675887355769232 0.24897460817307693 0.8691936730769231 0.2385449230769231 0.8561458341346154 0.23361816346153846 0.8481327163461538 0.22869628846153847 0.8376041658653846 0.22231933653846153 0.826388889423077 0.208125 0.8073919759615384 0.20899414182692308 0.8016666658653846 0.2194238269230769 0.7856442908653847 0.22145019471153848 0.7748881177884616 0.22927246153846154 0.7652739206730769 0.24115234375 0.7666473774038463 0.2605615240384615 0.7790084879807692 0.27938964903846153 0.7833564807692308 0.28142089903846157 0.7964043221153846 0.28112793028846156
0 0.4002700625 0.5364501947115385 0.37657793269230766 0.5451953125 0.3716435192307692 0.5458203125 0.37460262259615384 0.566435545673077 0.38940972115384614 0.5939208990384615 0.3933603389423077 0.603916014423077 0.4017515432692308 0.62390625 0.41049382692307695 0.61767578125 0.4216820985576923 0.6064453125 0.44172839423076926 0.6076660144230769 0.45447530769230765 0.61767578125 0.46875 0.619140625 0.4749228389423077 0.5791015625 0.4803240745192308 0.55712890625 0.4837962956730769 0.541015625 0.48121527884615384 0.5358251947115384 0.47776234615384616 0.5283300793269231 0.46246142067307694 0.5220849615384615 0.4530825625 0.5195849615384616 0.44025077163461535 0.5195849615384616 0.41260802403846153 0.5283300793269231 0.4002700625 0.5364501947115385
0 0.6867901225961539 0.3434863269230769 0.694193673076923 0.3372412115384616 0.7037037043269231 0.32666015625 0.7145061730769231 0.31298828125 0.7247955240384615 0.31100586057692303 0.7292361105769231 0.3053808581730769 0.7272608028846155 0.2991357427884615 0.7228202163461539 0.28039550721153844 0.7198572524038462 0.2760205072115384 0.7090007716346154 0.26665039182692307 0.6948302475961537 0.2587890625 0.6847993822115386 0.26171875 0.6608796298076923 0.2734375 0.6512538581730769 0.289140625 0.6492785504807692 0.30475585817307693 0.6502662043269231 0.32287109375 0.6561882716346153 0.3447363293269231 0.6769174375 0.3434863269230769 0.6867901225961539 0.3434863269230769
0 1 0.7612109375 0.9828858028846154 0.75146484375 0.968078704326923 0.7447216802884615 0.9378858028846154 0.7490234375 0.9143518509615384 0.73193359375 0.8792322524038462 0.7094873052884616 0.8662037043269231 0.7027392572115385 0.8531751538461538 0.704990233173077 0.83540509375 0.7064892572115385 0.8241512355769232 0.7124853509615385 0.8128973774038462 0.7207324206730769 0.8016435192307692 0.7304785144230769 0.7743055552884616 0.7431640625 0.7631442908653846 0.75146484375 0.7584066346153846 0.7619628894230769 0.7595910504807691 0.7792041009615385 0.7661072524038463 0.7956933605769231 0.7761766971153846 0.817431639423077 0.7766203701923077 0.84765625 0.784336420673077 0.87060546875 0.8013117283653847 0.87646484375 0.8140817908653847 0.8871484374999999 0.837773920673077 0.9163818365384616 0.8490277788461539 0.9298730480769231 0.8650192908653846 0.926875 0.9230632716346154 0.9058886730769231 0.972222221153846 0.8863964831730768 0.9852546298076923 0.8856494134615385 1 0.8631591802884616 1 0.7612109375
0 0.6457253076923077 0.15309081971153846 0.6443518509615385 0.16699706971153847 0.6498456778846153 0.1739453125 0.6586342596153846 0.17707519471153846 0.6734683653846154 0.17707519471153846 0.6896720673076923 0.17464355528846154 0.6748418221153846 0.15726074278846153 0.6652276225961539 0.1499609375 0.6591859567307693 0.14683105528846155 0.6509452163461538 0.14822265625 0.6457253076923077 0.15309081971153846
0 0.676431326923077 0.6138769543269231 0.6887114206730769 0.628125 0.7009915120192307 0.6462597668269231 0.7132754639423078 0.6747607427884615 0.7286265432692307 0.6928955072115385 0.7429552475961538 0.6954833990384616 0.7593325624999999 0.6760546875 0.7654706778846154 0.66439453125 0.7695679014423077 0.6527392572115385 0.7705902788461538 0.643671875 0.7705902788461538 0.6307177740384616 0.7818479927884615 0.6125830072115385 0.7900347211538462 0.60740234375 0.7951543221153846 0.5970410168269231 0.7951543221153846 0.5905615240384615 0.7941280865384616 0.581494141826923 0.78798996875 0.5711328125 0.7859413581730769 0.5659521490384616 0.7777546298076923 0.55947265625 0.7572839495192307 0.5478173822115384 0.7511419759615384 0.54263671875 0.7337461418269231 0.5309765625 0.7163464495192307 0.523203125 0.6971450625 0.525390625 0.6793981490384616 0.54736328125 0.676431326923077 0.5750195312499999 0.6685956778846154 0.5947265625 0.676431326923077 0.6138769543269231
0 0.6285416658653846 0.1688574206730769 0.6114544759615385 0.17246093750000002 0.596076389423077 0.17750488221153848 0.5875308653846154 0.18687499999999999 0.5778472211538461 0.20129394471153847 0.5767091057692307 0.22003418028846153 0.5812654326923077 0.23517578125 0.586963735576923 0.24382324278846154 0.6029089495192308 0.25103515625 0.6114544759615385 0.24742675721153845 0.6205671298076924 0.23733886778846153 0.6330979927884616 0.2380566418269231 0.6604359567307692 0.24310546875 0.6684104927884615 0.2380566418269231 0.6758140432692308 0.22796386778846156 0.6706790120192309 0.19482421875 0.6587268509615385 0.17822753846153847 0.6393634254807693 0.1688574206730769 0.6285416658653846 0.1688574206730769
0 1 0.19790527403846153 0.9740393509615385 0.1892578125 0.965493826923077 0.2087207019230769 0.9592283942307692 0.2245800793269231 0.9620794759615384 0.25197265625000004 0.9859992283653847 0.2620605480769231 0.9979591057692307 0.24548339903846153 1 0.21665038942307693 1 0.19790527403846153
0 0.9467669759615384 0.02457519471153846 0.9325270072115385 0.019770507211538463 0.9173379639423077 0.01796875 0.8997762355769231 0.011962889423076923 0.8822145072115385 0.008359375 0.8594328701923076 0.008359375 0.830003858173077 0.017368163461538463 0.8186149687500001 0.036591798076923074 0.8048495360576923 0.08044433653846153 0.8152932091346153 0.09786132932692307 0.8276311730769231 0.10927734375 0.8594328701923076 0.11468261778846153 0.9135416658653847 0.12188964903846154 0.9567322524038461 0.13450683653846154 0.9771412043269231 0.13931152403846153 0.9985030865384614 0.11107910096153846 1 0.08284668028846154 0.96290509375 0.02937988221153846 0.9562577163461538 0.027578125000000002 0.9467669759615384 0.02457519471153846
0 0.6157716057692307 0.8773876947115385 0.6170679014423077 0.884765625 0.6481597211538461 0.8790283197115384 0.6604668221153845 0.869189451923077 0.6815200625 0.85484375 0.6912345673076923 0.8433642572115385 0.6938271610576923 0.8331152355769231 0.6912345673076923 0.8302490240384616 0.6730979927884615 0.8212304687499999 0.662411264423077 0.8158984375 0.6468634254807692 0.8085205072115385 0.6309953701923077 0.8064697259615384 0.6212770072115384 0.8019628894230769 0.6177160504807693 0.7990917980769231 0.6167438269230769 0.8052392572115384 0.6157716057692307 0.81794921875 0.61544753125 0.8384472644230769 0.61544753125 0.8585302740384615 0.6157716057692307 0.8773876947115385
0 0.688576389423077 0.4295800769230769 0.6808757716346154 0.42508300721153847 0.6518557091346153 0.41683593750000003 0.6323070985576924 0.4273339855769231 0.6186844134615386 0.4378271490384616 0.6092091057692308 0.4430761706730769 0.6021026225961539 0.4633154302884615 0.6009182091346154 0.47905761778846156 0.6026929014423077 0.4962988269230769 0.6074344134615385 0.50154296875 0.6222415120192307 0.4977978509615385 0.6311226850961538 0.48355468749999997 0.6388233028846154 0.47680663942307694 0.6595524687500001 0.47155761778846156 0.6867978389423077 0.46181152403846154 0.7033834879807692 0.46406250000000004 0.7093055552884615 0.4550683581730769 0.6962770072115384 0.44757324278846156 0.688576389423077 0.4295800769230769
0 0.7125810192307692 0.20801757932692308 0.7194753076923077 0.23304687500000001 0.720628858173077 0.2434765625 0.7307098774038461 0.25358886778846157 0.7407638894230769 0.26693847596153847 0.7476311730769231 0.26287109375 0.7515316346153846 0.25185058653846154 0.756558641826923 0.2434765625 0.7519984567307693 0.23419433653846153 0.7384027788461538 0.20697265625 0.7304359567307692 0.19724121153846155 0.7175270072115385 0.1888964855769231 0.7153279326923077 0.18924316346153847 0.7125810192307692 0.20801757932692308
0 0 0.14994628846153846 0.011635802884615383 0.19319824278846154 0.024922838942307693 0.2268359375 0.032993826923076924 0.2232324230769231 0.05197916586538461 0.19980468750000002 0.07760802403846154 0.1715722644230769 0.10987654326923077 0.1451171875 0.09517746875 0.11450195192307693 0.056249999999999994 0.07905273557692308 0.01922839423076923 0.06704589903846153 0.014483024038461538 0.05203125 0 0.055634766826923074 0 0.10609375 0 0.14994628846153846
0 0.46463348798076926 0.5062158197115385 0.46463348798076926 0.5218310552884615 0.48585648076923077 0.5255810552884616 0.49326003124999995 0.5262060552884615 0.5077160504807693 0.517578125 0.5192901225961538 0.5078125 0.5416280865384615 0.5105908197115384 0.5529822524038461 0.5162109375 0.5574228389423077 0.5218310552884615 0.5663078701923077 0.531826173076923 0.5761805552884616 0.535576170673077 0.5875308653846154 0.5343261706730769 0.59888503125 0.5274560552884615 0.5998726850961538 0.5199609375 0.5944405865384615 0.5080908197115385 0.5890123461538461 0.5030908197115385 0.5794753076923077 0.4970703125 0.5748456778846154 0.48681640625 0.5690586418269231 0.4814453125 0.5625 0.466796875 0.5470679014423078 0.455078125 0.5184297836538462 0.4331298822115385 0.5046103389423077 0.42438476442307693 0.4868441346153846 0.41750976442307697 0.47697144951923076 0.44 0.4695679014423077 0.4649853509615385 0.4670987644230769 0.4843505865384615 0.46463348798076926 0.5062158197115385
0 0.9182098774038461 0.62109375 0.9502314807692307 0.5966796875 0.9799382716346153 0.5712890625 0.9868827163461538 0.5556640625 0.9841820985576923 0.5439453125 0.9551234567307693 0.52748046875 0.9347993822115386 0.51708984375 0.9111111105769231 0.513232420673077 0.8814313269230769 0.5028662115384616 0.8763155865384615 0.5002783197115385 0.8587962956730769 0.5078125 0.8374228389423077 0.5222998052884615 0.8026234567307693 0.5391357427884615 0.8026234567307693 0.5404345697115385 0.7916666658653846 0.57470703125 0.8051697524038463 0.61083984375 0.8449074062499999 0.626953125 0.8753858028846154 0.6318359375 0.9182098774038461 0.62109375
0 0.4515509254807692 0.07970214903846154 0.44067515384615386 0.08095703125 0.42287808653846154 0.08220703124999999 0.4205709879807692 0.088046875 0.4238657403846154 0.09597168028846154 0.42946759375000004 0.10640136778846153 0.4377083341346154 0.11933593749999999 0.4472685192307692 0.13435058653846152 0.4571566346153846 0.13643554807692307 0.47001157451923076 0.13435058653846152 0.4716589495192308 0.11850097596153845 0.46671296394230766 0.09430175721153847 0.4581442908653846 0.08053710817307692 0.4561689807692308 0.08053710817307692 0.4515509254807692 0.07970214903846154
0 0.4054513894230769 0.3592285168269231 0.4118672836538462 0.36235351682692307 0.41729938221153845 0.36235351682692307 0.4256905865384616 0.3636035144230769 0.4370408942307692 0.3748486322115384 0.44345679086538464 0.36984863221153846 0.44345679086538464 0.36422851682692303 0.44148148076923077 0.35048339903846154 0.4400038581730769 0.34361328125 0.4335841057692308 0.33736328125 0.42667438221153847 0.3254980456730769 0.42420910576923077 0.31612793028846153 0.4209104927884615 0.30908203125 0.41137345673076925 0.30550781250000003 0.4019984567307692 0.2998828125 0.39544753125 0.3046875 0.3822530865384615 0.31987304807692307 0.3807716057692308 0.32799316346153845 0.3807716057692308 0.33986328125000004 0.3871913581730769 0.3517333990384615 0.3931134254807693 0.35048339903846154 0.39804783894230766 0.3554833990384615 0.4054513894230769 0.3592285168269231
0 0.98236496875 0.1657421875 0.9828395072115386 0.15673339903846153 0.9795177475961538 0.14832519471153846 0.96290509375 0.14171386778846154 0.9505632716346154 0.14231445192307693 0.9453433653846154 0.16394043028846153 0.9491396610576923 0.16875 0.9633796298076922 0.17115234375000002 0.9780941346153846 0.17115234375000002 0.98236496875 0.1657421875
0 0.5606057091346154 0.43317871153846155 0.5802237644230769 0.42778320432692307 0.5904591057692308 0.40727050721153846 0.6203086418269231 0.3986376947115385 0.6322492283653846 0.38676269471153846 0.6390740745192307 0.3640917956730769 0.6399266971153845 0.3392675769230769 0.6458950625 0.31228027403846154 0.6288387355769232 0.29177246153846154 0.6143402788461538 0.27666015625 0.5921643509615385 0.26046875 0.5614583341346153 0.2583105480769231 0.5184182091346154 0.2665625 0.49066743749999997 0.27233886778846156 0.45740740625000004 0.2874511730769231 0.4328703701923077 0.31201171875 0.44598765384615385 0.3623046875 0.4868441346153846 0.41750976442307697 0.5333140432692308 0.43209961057692303 0.5606057091346154 0.43317871153846155
0 0.6322492283653846 0.5865527331730769 0.6470563269230769 0.5865527331730769 0.6571257716346154 0.5678076177884616 0.6612731490384616 0.55056640625 0.6861496923076923 0.5333251947115385 0.7056944447115385 0.52283203125 0.7033256177884616 0.5055908197115385 0.6979938269230769 0.4920996081730769 0.6908873461538462 0.469609375 0.6861496923076923 0.4621142572115385 0.6808179014423076 0.4606152355769231 0.6577199062500001 0.4666113269230769 0.6417245360576923 0.4786035168269231 0.625142747596154 0.49884765625 0.6079668221153847 0.507841795673077 0.6002662043269231 0.5175878918269231 0.5925655865384616 0.54232421875 0.5907908942307692 0.5685595697115384 0.5860493822115385 0.5880517572115385 0.6103356490384615 0.58205078125 0.6322492283653846 0.5865527331730769
0 0.4891049375 0.22375488221153847 0.4936304014423077 0.22427734375 0.5014429014423076 0.2221972644230769 0.5018557091346154 0.21126464903846154 0.5039120360576923 0.20293456971153848 0.5043248461538462 0.189921875 0.5055555552884615 0.18627441346153845 0.5063811730769231 0.18002929567307693 0.5063811730769231 0.17326171875000002 0.5051466057692308 0.16336913942307693 0.5047337956730769 0.1581640625 0.5022685192307692 0.1576464855769231 0.49033950721153846 0.1576464855769231 0.48170138942307694 0.15660156249999999 0.4734760793269231 0.1597265625 0.46936342548076926 0.16545410096153848 0.4673070985576923 0.17169921875 0.46319058653846157 0.17846679807692306 0.4611342596153846 0.18263183653846154 0.4722415120192308 0.186796875 0.48170138942307694 0.19720703125 0.48334490625000004 0.21542968750000002 0.4891049375 0.22375488221153847
0 0.4397878076923077 0.36767089903846156 0.41734953605769226 0.35271972596153844 0.3512114206730769 0.34973144471153844 0.33821759375 0.3587011706730769 0.2602700625 0.39606933653846155 0.2248379639423077 0.40802734375 0.1598804014423077 0.411015625 0.12090663461538462 0.46184081971153845 0.13625771634615386 0.48725097596153844 0.18113811778846156 0.5380712884615385 0.24964120432692308 0.541064451923077 0.33939814903846155 0.5350830072115385 0.4350655865384615 0.518642579326923 0.47403935096153843 0.5021972644230769 0.4716782403846154 0.39756347596153846 0.45868441346153843 0.38261718749999996 0.4397878076923077 0.36767089903846156
0 0.6962577163461539 0.13500976442307694 0.6836304014423077 0.125625 0.6740162043269231 0.12632324278846155 0.6679745360576923 0.1384863269230769 0.6712692908653846 0.15204589903846155 0.6800617283653847 0.16004394471153846 0.6907716057692308 0.17082031250000002 0.701211420673077 0.16908203125000001 0.7053317908653847 0.15830566346153846 0.7045061730769231 0.13953125 0.7036805552884615 0.13779296875 0.6962577163461539 0.13500976442307694
0 0.8486651225961539 0.3431005865384616 0.8479938269230769 0.3564453125 0.8489969134615385 0.3743847668269231 0.85888503125 0.3985839831730769 0.868441358173077 0.40734375 0.8918441346153846 0.40650878846153843 0.9215084879807692 0.3985839831730769 0.9248070985576924 0.3802294927884615 0.9231597211538461 0.3660449206730769 0.8760223774038463 0.34226562499999996 0.8628395072115385 0.3355908197115385 0.8486651225961539 0.3431005865384616
0 0.48124228365384614 1 0.55446759375 0.9737988269230768 0.5898996923076922 0.9080273437499999 0.6087962956730769 0.8437548822115384 0.6111612644230769 0.7899414062500001 0.6064351850961539 0.742109375 0.5887191346153846 0.7107177740384615 0.5591936730769231 0.6912841802884616 0.5166743822115385 0.6673681634615385 0.4883294759615385 0.6539160168269231 0.47061342548076923 0.650927733173077 0.38321759375000003 0.6584033197115384 0.31471450721153843 0.6688671875 0.27928240625 0.6942773437499999 0.16944444471153847 0.7570556634615385 0.1529128076923077 0.7989111322115385 0.21432484615384617 0.88859375 0.2745601850961539 0.9693115240384615 0.4021141971153846 1 0.48124228365384614 1
0 0.6981867283653845 0.17324218749999998 0.6984645072115385 0.18541992067307692 0.7034066346153847 0.19584961057692307 0.7110995360576923 0.19376464903846152 0.7297762355769231 0.19654296875000002 0.7468055552884615 0.18507324278846154 0.7437847211538462 0.17603515625000002 0.7325231490384615 0.16629882692307693 0.7295023149038461 0.15656738221153846 0.7130208341346154 0.15239257932692307 0.7072530865384615 0.162109375 0.6981867283653845 0.17324218749999998
0 0.6768672836538462 0.3800292956730769 0.6714390432692308 0.40314453125 0.6724266971153846 0.40938964903846153 0.6852584879807692 0.4143896490384616 0.6966126538461539 0.41938476442307693 0.7114197524038463 0.4143896490384616 0.7247453701923077 0.40439453125 0.7360995360576923 0.40314453125 0.7527006177884614 0.39111328125 0.7604166658653846 0.37939453125 0.76521990625 0.3506689447115384 0.7519290120192307 0.33154296875 0.7445987644230769 0.314453125 0.7331365745192309 0.31194336057692307 0.7145061730769231 0.31298828125 0.7005594134615385 0.34005371153846153 0.6911805552884616 0.35879394471153847 0.6768672836538462 0.3800292956730769
0 0 0.5422607427884615 0.0019598774038461536 0.5379345697115384 0.02383101923076923 0.556962891826923 0.02861496875 0.5759960937499999 0.043653550480769236 0.586376954326923 0.06005787019230769 0.5829150384615385 0.06689043269230768 0.5794580072115385 0.0778279326923077 0.5751318365384616 0.08603009375000001 0.56994140625 0.08944830288461537 0.5509082019230769 0.08329475240384615 0.5379345697115384 0.07372685096153846 0.531015625 0.03476851923076923 0.50419921875 0.010162036057692309 0.4938183605769231 0 0.495546875 0 0.5422607427884615
0 0.8898533942307693 0.6972021490384616 0.8890354927884616 0.6816308605769231 0.86853009375 0.6587939447115385 0.8578665120192308 0.646337891826923 0.8513078701923077 0.63595703125 0.8439236105769231 0.6245410144230769 0.8127584879807692 0.6193505865384614 0.8045563269230769 0.6162353509615385 0.7897916658653846 0.6152001947115384 0.7815933653846153 0.6224658197115385 0.7733912043269231 0.6255810552884615 0.7717515432692307 0.638037110576923 0.7848726850961539 0.6525683581730769 0.7971759254807692 0.666064451923077 0.8045563269230769 0.6712548822115385 0.8406442908653846 0.6857861322115385 0.850486110576923 0.6982421875 0.8882137355769231 0.7023925769230769 0.8906751538461539 0.7003173822115384 0.8898533942307693 0.6972021490384616
0 0.9106944447115384 0.13510742067307693 0.9192361105769231 0.15373046875000002 0.930628858173077 0.17535644471153844 0.9424961418269231 0.17655761778846155 0.9429706778846154 0.17235351442307692 0.9443942908653846 0.15733398557692307 0.957681326923077 0.14171386778846154 0.9524614206730769 0.13150390625 0.9325270072115385 0.12008788942307692 0.9225578701923076 0.124296875 0.9106944447115384 0.13510742067307693
0 1 0.4213037115384616 0.9762268509615384 0.41627441346153843 0.9504128076923077 0.43889160096153845 0.9444560192307693 0.4522949206730769 0.9239390432692307 0.48748046875 0.9292322524038461 0.50255859375 0.9484259254807692 0.5285253918269232 0.9669598774038461 0.531875 0.97423996875 0.5369042956730768 0.9980671298076923 0.5444433605769231 1 0.54025390625 1 0.43470214903846155 1 0.4213037115384616
0 0.6980362644230769 0.8425439447115385 0.6973881177884615 0.85115234375 0.7106674374999999 0.863857423076923 0.7145563269230769 0.8745166009615384 0.7255671298076922 0.88025390625 0.74240740625 0.8818945312500001 0.7524498461538461 0.8773876947115385 0.7605478389423077 0.8708300769230769 0.7660532403846154 0.863857423076923 0.7712345673076922 0.85279296875 0.7751195985576923 0.8421337884615384 0.7764158942307693 0.8335253894230769 0.7764158942307693 0.8261474615384615 0.7760918221153846 0.8163085937500001 0.7722067908653846 0.8118017572115386 0.7647569447115384 0.8064697259615384 0.757955247596154 0.7990917980769231 0.7573070985576924 0.7990917980769231 0.741111110576923 0.7999121105769231 0.7294521610576923 0.8064697259615384 0.7161728389423078 0.81712890625 0.7038657403846155 0.831884766826923 0.6980362644230769 0.8425439447115385
0 0.5003858028846154 0.2705078125 0.5184182091346154 0.2665625 0.5365856490384615 0.26179199278846155 0.5489236105769231 0.2557177740384616 0.5544058653846153 0.250078125 0.5612615745192308 0.2375 0.5667476850961538 0.22578613221153845 0.5701736105769231 0.21624511778846156 0.5708603389423077 0.21190429567307692 0.5681172836538462 0.20409668028846153 0.5592052475961539 0.19498535096153846 0.553036264423077 0.18934570192307693 0.535898920673077 0.18457519471153847 0.5263001538461538 0.17503418028846152 0.5163618822115384 0.17199706971153847 0.5067631177884615 0.16765625 0.5019637355769231 0.20756836057692307 0.5023070985576923 0.2383691418269231 0.49652777884615384 0.25634765625 0.5003858028846154 0.2705078125
0 0.31577932211538456 0.541064451923077 0.2283796298076923 0.54853515625 0.11145833413461538 0.5604931634615384 0.03941357932692308 0.5948730456730769 0.022878086538461538 0.6456982427884616 0.028784721153846154 0.7249169927884616 0.07838734615384615 0.780224610576923 0.14688657451923076 0.7697607427884615 0.22247685096153846 0.7533203125000001 0.26971836538461536 0.7144580072115385 0.39136574038461536 0.6292529302884616 0.37955632692307695 0.566474610576923 0.31577932211538456 0.541064451923077
0 0.14832947596153845 0.16436035096153848 0.15307484615384614 0.150546875 0.14216049278846155 0.13372558653846153 0.1288695985576923 0.12711913942307693 0.11510416586538462 0.123515625 0.10846064903846155 0.12411621153846154 0.10751157451923077 0.12471679807692307 0.10371527884615385 0.15294921875 0.10134259375 0.17037109375 0.12507330288461538 0.18058105528846152 0.1283950625 0.17697753846153846 0.14832947596153845 0.16436035096153848
0 0.83392746875 0.11356445192307693 0.8048765432692307 0.11500976442307692 0.7729822524038461 0.14167968749999998 0.77696759375 0.1604199230769231 0.8014621923076923 0.1733984375 0.8145601850961538 0.18709472596153848 0.83392746875 0.20799804567307692 0.8401929014423076 0.18637206971153847 0.8521527788461539 0.15537597596153846 0.8418981490384615 0.12005371153846153 0.8373418221153847 0.11572753846153847 0.83392746875 0.11356445192307693
0 0.4599035504807692 0.17794921875 0.45496527884615384 0.17742675721153847 0.44838348798076927 0.17742675721153847 0.4413927475961538 0.17742675721153847 0.4368672836538462 0.17742675721153847 0.42699845673076925 0.18783691346153847 0.4241165120192308 0.19460449278846154 0.41836033894230773 0.20657714903846153 0.41219135817307695 0.2138671875 0.4039621923076923 0.22167480528846153 0.40231867307692304 0.22479980528846152 0.4002623461538462 0.23000488221153845 0.4014969134615385 0.23364746153846155 0.40560956730769226 0.2409375 0.42123842548076923 0.24354003846153846 0.43768904326923075 0.24301757692307693 0.4463271610576923 0.24301757692307693 0.4506172836538462 0.24462890625 0.47145061778846153 0.2275390625 0.4858140432692308 0.22687988221153846 0.4858140432692308 0.20813964903846155 0.4800540120192308 0.1966894519230769 0.47415123557692307 0.19091796875 0.4664814807692308 0.18575683653846153 0.4599035504807692 0.17794921875
0 0.7673341057692308 0.23912109374999999 0.7693942908653846 0.22058105528846153 0.7639004639423077 0.20696777403846156 0.75978009375 0.20030273557692307 0.7540586418269231 0.19451171875 0.7526851850961538 0.20088378846153845 0.7497067908653846 0.21073242067307693 0.7483333341346154 0.21913574278846154 0.75794753125 0.24723632932692308 0.7636728389423078 0.24549804567307693 0.7673341057692308 0.23912109374999999
0 0.8099382716346154 0.36428710817307697 0.83165509375 0.3617919927884615 0.841523920673077 0.36054199278846155 0.841523920673077 0.347421875 0.8351080240384616 0.34180175721153844 0.8257291658653846 0.3305566394230769 0.8183256177884615 0.32368652403846154 0.8040123461538461 0.3205615240384615 0.7966087956730769 0.3168115240384616 0.78673996875 0.3168115240384616 0.7818016971153846 0.3168115240384616 0.7694637355769232 0.32118652403846154 0.7655131177884615 0.3299316418269231 0.7600848774038462 0.3399267572115384 0.7669945985576923 0.3674121081730769 0.7773611105769231 0.3686621105769231 0.7852584879807692 0.3674121081730769 0.7990779326923078 0.3636621081730769 0.8099382716346154 0.36428710817307697
0 0.7623070985576923 0.4852880865384615 0.775138889423077 0.4990332043269231 0.7771141971153847 0.5090283197115385 0.7850115745192308 0.5240185552884615 0.7899459879807692 0.5602490240384616 0.7938966057692307 0.55650390625 0.8013001538461538 0.55400390625 0.82646990625 0.5302685552884616 0.8787885793269231 0.49340820192307694 0.8822453701923076 0.48279296875 0.8822453701923076 0.45405761778846154 0.8748418221153845 0.44780761778846156 0.869413579326923 0.4434375 0.8605285504807691 0.4378125 0.8511496923076923 0.4221972644230769 0.8412770072115384 0.4159521490384615 0.8200540120192308 0.4178222668269231 0.8008063269230768 0.4203222644230769 0.7805671298076924 0.42906738221153845 0.7632947524038461 0.43469238221153844 0.7450308653846154 0.45343261778846156 0.7410841057692308 0.4677978509615385 0.7470061730769231 0.47654296874999996 0.7623070985576923 0.4852880865384615
0 0.8238695985576924 0.33037597596153845 0.8309683653846154 0.3355908197115385 0.840578704326923 0.33037597596153845 0.84607253125 0.32458496153846156 0.858433641826923 0.3060449206730769 0.858433641826923 0.2930078125 0.8458449062500001 0.28663574278846154 0.8330246923076923 0.2817089855769231 0.8257021610576923 0.2785205072115385 0.8197492283653846 0.28373535096153846 0.815628858173077 0.28953124999999996 0.8016666658653846 0.296484375 0.7966319447115384 0.30169921875 0.8012114206730769 0.3193701177884615 0.8105941346153845 0.3251611322115385 0.8238695985576924 0.33037597596153845