0 0.37746527884615383 0.14971191346153845 0.3699459879807692 0.13846679567307693 0.35695987740384616 0.12895019471153846 0.33645447596153844 0.10991699278846154 0.32962191346153846 0.10213378846153846 0.31936728365384615 0.1047265625 0.30911651201923074 0.11424316346153847 0.3063811730769231 0.15749511778846154 0.3180015432692308 0.17998535096153848 0.3357716057692308 0.20247558653846154 0.36584490625000005 0.17998535096153848 0.3801967596153846 0.17652343750000002 0.37746527884615383 0.14971191346153845
0 0.18335648076923078 0.03206543028846154 0.1772067908653846 0.028603514423076924 0.1669521610576923 0.026875 0.15260030769230767 0.03206543028846154 0.1409799375 0.043310548076923076 0.14508101923076924 0.05974609375 0.16285107932692308 0.07964355528846154 0.1813078701923077 0.08569824278846154 0.20728009375 0.08916015625000001 0.21137731490384615 0.07791015625 0.20864583413461538 0.05022949278846153 0.20864583413461538 0.04158203125 0.18335648076923078 0.03206543028846154
0 0.13216435096153847 0.7573632812500001 0.11450617307692308 0.7710595697115384 0.10710262259615384 0.7948486322115385 0.10596450721153847 0.80421875 0.13387345673076922 0.8308886730769232 0.14127700721153846 0.8467480456730769 0.15096064903846154 0.85900390625 0.16975694471153846 0.8575634759615384 0.17089506250000003 0.8438671875 0.16690586538461538 0.8229589831730769 0.19823302403846155 0.7897998052884615 0.18627314903846154 0.769619141826923 0.16576774759615384 0.7515966802884615 0.14412422836538463 0.7515966802884615 0.13216435096153847 0.7573632812500001
0 0.15203317788461537 0.10465331971153846 0.16674768509615384 0.1298828125 0.18430941346153845 0.13889160096153846 0.21800540144230768 0.14669921875 0.23034722115384615 0.15451171875 0.23746527884615384 0.1509082043269231 0.24363811778846156 0.1394921875 0.24316357932692306 0.12687988221153848 0.2308217596153846 0.11666503846153847 0.1876311730769231 0.08603027403846154 0.17054398076923077 0.080625 0.15725308653846154 0.08182617067307693 0.15060956730769232 0.0854296875 0.15203317788461537 0.10465331971153846
0 0.05415509375 0.5102490240384616 0.05415509375 0.48952636778846154 0.0367554014423077 0.4804589831730769 0.019359567307692307 0.46879882932692307 0 0.4480761706730769 0.0009336418269230769 0.6268310552884616 0.03880401201923077 0.6048095697115385 0.05006172836538462 0.577607423076923 0.05108410576923077 0.5452246081730769 0.05415509375 0.5102490240384616
0 0.6075 0.25406738221153846 0.6145833341346154 0.2720019519230769 0.6299382716346155 0.36467773557692307 0.6193094134615384 0.4065332043269231 0.6382060192307691 0.4663232427884615 0.6807253076923078 0.47828125 0.7161535504807692 0.4513769519230769 0.7315084879807692 0.411015625 0.7279668221153847 0.33478515625 0.7256018509615385 0.28545898557692306 0.6984375 0.25854980528846155 0.6830864206730769 0.25406738221153846 0.6169483028846153 0.17783203125000002 0.6063155865384615 0.20623535096153847 0.6075 0.25406738221153846
0 0.09278549278846154 0.31533203125 0.08204089423076924 0.30549316346153843 0.07128472115384615 0.3066503918269231 0.056408177884615385 0.3107080072115384 0.040841050480769234 0.3156298822115385 0.04106867307692308 0.32461425721153847 0.036493055288461536 0.33330566346153845 0.040381944711538456 0.3414160168269231 0.050914350961538464 0.3463378894230769 0.07037037019230769 0.35416015624999997 0.08112654326923076 0.35734863221153845 0.09417438221153847 0.34720703125 0.10218364182692308 0.32837890625 0.09278549278846154 0.31533203125
0 0.0872646610576923 1 0.08824845673076923 0.99970703125 0.0774228389423077 0.9785302740384616 0.055771605769230764 0.946142579326923 0.026242283653846156 0.9249707019230768 0 0.9224755865384615 0 0.9698095697115385 0 1 0.0872646610576923 1
0 0.24076774759615385 0.22929199278846155 0.2469212956730769 0.21631836057692308 0.2530709879807692 0.19642089903846155 0.25238811778846154 0.17565918028846153 0.24213734615384613 0.16441406249999999 0.2243634254807692 0.1540332019230769 0.1970254639423077 0.14884277403846152 0.1710532403846154 0.14452148557692307 0.1731057091346154 0.17825683653846153 0.1765200625 0.1998828125 0.1983912043269231 0.22064453125 0.24076774759615385 0.22929199278846155
0 0.11131944471153846 0.5872412115384615 0.10994984615384616 0.56388671875 0.10790123557692308 0.5275537115384615 0.09969907451923077 0.5171728509615384 0.08192901201923078 0.5007373052884615 0.06210648076923077 0.4894921875 0.05322144951923077 0.495546875 0.05185570913461538 0.5067919927884615 0.05595679086538462 0.56388671875 0.08603009375000001 0.5958935552884616 0.09081404326923076 0.6054052740384616 0.10448302403846153 0.6019482427884616 0.11131944471153846 0.5872412115384615
0 0.27608796394230767 0.7611914062499999 0.29459490625 0.7518212884615385 0.3069328701923077 0.7419287115384615 0.31228009375000004 0.7377636730769231 0.30775848798076927 0.7226660144230769 0.3052893509615385 0.6919531250000001 0.3052893509615385 0.6820654302884616 0.29870756249999997 0.6565576177884616 0.29706404326923075 0.6471875 0.2912808653846154 0.6455078125 0.2719714495192308 0.6388574230769231 0.2583989206730769 0.6367724615384615 0.2382445985576923 0.6263623052884615 0.22960648076923076 0.6258447259615385 0.22014660576923079 0.6258447259615385 0.20451774759615388 0.6357324230769231 0.1892978389423077 0.6487499999999999 0.18066357932692306 0.6690478509615385 0.16628086538461537 0.70068359375 0.18325617307692307 0.74462890625 0.2172067908653846 0.78564453125 0.2600462956730769 0.7653564447115385 0.27608796394230767 0.7611914062499999
0 1 0.34347656249999997 0.9980632716346154 0.3330957043269231 0.9809760793269231 0.3478027331730769 0.9645717596153845 0.39018554807692307 0.9495370360576924 0.40229980528846154 0.9003240745192307 0.4282470697115385 0.926296295673077 0.51388671875 0.9823418221153847 0.56146484375 1 0.5787646490384616 1 0.49485839903846157 1 0.39364746153846153 1 0.34347656249999997
0 0.6027739206730769 0.5530224615384616 0.6193094134615384 0.5156494134615385 0.6193094134615384 0.43643066346153847 0.6228510793269231 0.3811230480769231 0.628757716346154 0.2944238269230769 0.6063155865384615 0.25107910096153846 0.5838773149038462 0.16288574278846155 0.5578935192307692 0.08515624999999999 0.5449035504807692 0.029853516826923075 0.5130131177884615 0.03284179807692308 0.48348765384615383 0.07170410096153847 0.43033950721153846 0.11953613221153846 0.3630208341346154 0.18381347596153846 0.3063310192307692 0.24509765625 0.24964120432692308 0.32432128846153846 0.21893132692307693 0.4005517572115384 0.20121527884615384 0.46034668028846154 0.2177507716346154 0.5440527355769231 0.24491512259615386 0.6053369134615385 0.2815277788461538 0.6322412115384615 0.3016049375 0.6471923822115385 0.31459876442307694 0.6920361322115384 0.36420138942307695 0.7099707019230769 0.3701080240384615 0.7099707019230769 0.4764004639423077 0.7219287115384615 0.5118325625 0.6965185552884615 0.5366358028846154 0.6591503918269231 0.5874189807692308 0.5769384759615385 0.6027739206730769 0.5530224615384616
0 0.63584490625 0 0.5803356490384616 0.09861328125 0.6027739206730769 0.15242187499999998 0.6228510793269231 0.19128418028846153 0.6523919759615384 0.22568359375000002 0.7279668221153847 0.25257324278846155 0.7303279326923077 0.2480859375 0.7269290120192308 0.21303711057692307 0.763398920673077 0.15242187499999998 0.7929243822115384 0.08964355528846155 0.8378047836538461 0.0119140625 0.8448881177884615 0 0.7563117283653846 0 0.63584490625 0
0 0.3490895072115385 0.8099072259615384 0.3577160504807692 0.783837889423077 0.37577160576923074 0.7731933605769231 0.38927469230769235 0.78388671875 0.3942129639423077 0.7951171875 0.3993055552884615 0.796875 0.40879243750000005 0.7958740240384615 0.4104976850961538 0.7764453125 0.4189814807692308 0.7568359375 0.4259259254807692 0.74072265625 0.40879243750000005 0.7257080072115384 0.3942901225961538 0.7181542956730769 0.37382330288461535 0.7095166009615385 0.36651234615384615 0.712890625 0.35108024759615386 0.73095703125 0.33800154326923076 0.7526953125 0.33629629567307695 0.7613330072115385 0.33373456730769235 0.7634912115384616 0.3175308653846154 0.773203125 0.32349922836538464 0.7915576177884615 0.3303240745192308 0.8034277331730769 0.34396990624999996 0.8142236322115385 0.3490895072115385 0.8099072259615384
0 0.1531867283653846 0.688623045673077 0.1615779326923077 0.6867480456730769 0.1675 0.6811279302884615 0.17144675961538464 0.6742578124999999 0.17983796394230772 0.6623876947115386 0.1892168221153846 0.6473925793269231 0.19859567788461538 0.578056639423077 0.20649305528846154 0.5680615240384616 0.20649305528846154 0.5618115240384616 0.1882291658653846 0.5411962884615384 0.17095679086538462 0.5249560552884616 0.16059027884615384 0.5230810552884615 0.1500771610576923 0.515625 0.13541666586538462 0.5168359375 0.12060956730769232 0.5243310552884616 0.11369984615384615 0.5661865240384615 0.12456018509615384 0.6373974615384616 0.14479552403846155 0.6792529302884615 0.1531867283653846 0.688623045673077
0 0.046574074519230776 0.8029394519230769 0.061381173076923076 0.8129345697115385 0.08063271634615385 0.8229296875000001 0.08803626442307692 0.8204296875 0.10185570913461538 0.806064451923077 0.10333333413461537 0.78357421875 0.11419367307692307 0.7604589831730769 0.11616898076923077 0.74734375 0.11814429086538461 0.7354736322115384 0.1176504639423077 0.7236035168269231 0.11123070913461539 0.7142333990384616 0.09889274759615385 0.6973681634615385 0.09494598798076924 0.6873730456730769 0.08852623557692309 0.6773779302884615 0.08309799278846154 0.6730078125 0.06582175961538461 0.6730078125 0.04805555528846154 0.6748779302884615 0.021894290865384615 0.6811279302884615 0.0021527788461538464 0.6936181634615385 0 0.7298535144230769 0.0021527788461538464 0.74546875 0.018441358173076922 0.7623339855769231 0.03275462980769231 0.7916943365384616 0.046574074519230776 0.8029394519230769
0 0.4519637355769231 0.07099121153846154 0.43624228365384615 0.06580078125000001 0.41505401201923076 0.07272461057692307 0.4136882716346154 0.09953613221153847 0.4294097211538462 0.11251464903846155 0.43487654326923075 0.11424316346153847 0.46153163461538466 0.08569824278846154 0.46153163461538466 0.08223632932692307 0.4519637355769231 0.07099121153846154
0 0.7062847211538461 0.7267285144230768 0.7216859567307693 0.7289794927884615 0.73353009375 0.7529638677884616 0.7394521610576923 0.7657080072115385 0.7441936730769231 0.7657080072115385 0.7496141971153846 0.76171875 0.7536689807692307 0.75521484375 0.7738078701923077 0.7027392572115385 0.7755825624999999 0.685498048076923 0.7690702163461538 0.6592626947115385 0.7637384254807693 0.6435205072115384 0.7542631177884616 0.6247802740384615 0.7347145072115384 0.6187841802884615 0.7246450624999999 0.6247802740384615 0.7145794759615385 0.62927734375 0.6944405865384616 0.6360253918269231 0.6879243822115384 0.6457714855769231 0.6814081778846154 0.6600146490384616 0.6725270072115385 0.6839990240384615 0.6778549375 0.6982421875 0.6790393509615384 0.7094873052884616 0.6831867283653845 0.7259765625000001 0.7062847211538461 0.7267285144230768
0 0.18981481490384616 0.96240234375 0.2137345673076923 0.9599609375 0.22978394951923078 0.9831787115384615 0.2403549375 0.97705078125 0.24923225240384614 0.9715185552884615 0.2707253076923077 0.9533837884615385 0.28047839423076926 0.951171875 0.28198302403846154 0.937841798076923 0.27584105048076923 0.926181639423077 0.2737924375 0.8937988269230769 0.26466049278846154 0.86181640625 0.2533256177884616 0.8497607427884616 0.22466820913461538 0.844580079326923 0.20829089423076924 0.8393945312500001 0.1919174375 0.8458740240384616 0.18634259375 0.85302734375 0.1732253076923077 0.8701171875 0.15200231490384614 0.8886181634615385 0.15506944471153844 0.9210009759615385 0.16530478365384615 0.9391357427884616 0.18981481490384616 0.96240234375
0 0.08261188221153846 0.4704638677884615 0.1019753076923077 0.47767089903846155 0.10653163461538462 0.4661376947115385 0.10881172836538461 0.4582080072115385 0.09856095673076924 0.44018554807692306 0.0900154326923077 0.4192822259615384 0.08488811778846153 0.41279296875000004 0.0769174375 0.4070263677884615 0.05527392067307692 0.39765625000000004 0.05356481490384615 0.39693359375 0.04160107932692308 0.4005371081730769 0.01255401201923077 0.4070263677884615 0.017681326923076925 0.4257714831730769 0.027932098557692304 0.4510009759615385 0.055841050480769226 0.46253418028846155 0.08261188221153846 0.4704638677884615
0 0.4263734567307692 0.11546386778846154 0.4073881177884615 0.10645507932692308 0.40026620432692306 0.10345214903846153 0.3874537043269231 0.10345214903846153 0.3855555552884615 0.11966796874999999 0.3808063269230769 0.14009277403846154 0.3945717596153846 0.15270996153846153 0.40311728365384614 0.15331054807692307 0.4296952163461538 0.1406933581730769 0.4306442908653846 0.13108398317307693 0.4263734567307692 0.11546386778846154
0 1 0.15242187499999998 0.954726079326923 0.08665039182692308 0.9145717596153846 0.04928222596153846 0.8602430552884616 0.004438475961538462 0.8165432091346154 0.019389649038461538 0.8094598774038461 0.061240235576923076 0.7988271610576922 0.07469238221153846 0.7610339495192308 0.10907226682692307 0.7338695985576924 0.17783203125000002 0.7196990745192308 0.2944238269230769 0.76576003125 0.3616894543269231 0.7917438269230769 0.3691650384615385 0.8378047836538461 0.36318359375 0.8732330240384615 0.3766357427884615 0.9216589495192308 0.37962890625 0.9783487644230769 0.39756347596153846 1 0.36767089903846156 1 0.3198388677884615 1 0.2495800769230769 1 0.15242187499999998
0 0 0.30462402403846156 0.03900848798076923 0.3043359375 0.04290123557692308 0.30027831971153846 0.0481674375 0.2976708990384615 0.045420524038461536 0.27652343749999997 0.04381558653846154 0.2684130865384616 0.030084877403846154 0.24494628846153846 0.01932484615384615 0.22814453125 0.010397377403846154 0.22003418028846153 0.004216822115384615 0.21713378846153847 0 0.22003418028846153 0 0.23306640625 0 0.26203613221153843 0 0.2982519543269231 0 0.30462402403846156
0 0.29584876442307695 0.12928222596153846 0.27496527884615385 0.117265625 0.26594521634615387 0.117265625 0.25597607932692307 0.12387206971153845 0.2540779326923077 0.12507812499999998 0.2502816346153846 0.12868164182692307 0.2502816346153846 0.13889160096153846 0.2550270072115385 0.15150878846153845 0.25930169711538464 0.1581152331730769 0.2725887355769231 0.16832519471153845 0.27828703605769234 0.17193359375 0.2887268509615385 0.17012695432692307 0.3058140432692308 0.16231933653846153 0.30201774759615385 0.13889160096153846 0.30201774759615385 0.13708984375 0.29584876442307695 0.12928222596153846
0 0.6395833341346153 0.6579199206730769 0.6477739206730769 0.6669873052884616 0.6733603389423077 0.682529295673077 0.6794984567307693 0.67216796875 0.6948533942307692 0.6488525384615385 0.7112268509615384 0.6346044927884615 0.7388618822115384 0.6203564447115385 0.7941280865384616 0.6307177740384616 0.8105054014423078 0.6268310552884616 0.8238117283653845 0.6164697259615385 0.8453047836538462 0.59185546875 0.8678202163461539 0.6061083990384616 0.8903356490384616 0.5944482427884615 0.9046643509615385 0.5763134759615385 0.9312770072115384 0.5400439447115384 0.9251350312500001 0.508955076923077 0.9036419759615384 0.47268554567307697 0.8811265432692307 0.4195800769230769 0.8473495360576924 0.38849121153846156 0.8094830240384615 0.36517578125 0.773661264423077 0.39496581971153844 0.7429552475961538 0.4364160144230769 0.7091820985576922 0.473984375 0.6784760793269231 0.5011816418269232 0.6191165120192307 0.5555859375 0.6180902788461539 0.5931542956730769 0.6242322524038462 0.61517578125 0.6395833341346153 0.6579199206730769
0 0.15203317788461537 0.20557128846153847 0.15013503125 0.20557128846153847 0.1368441346153846 0.2121777355769231 0.12450231490384615 0.22419433653846152 0.1221296298076923 0.2398144519230769 0.11643518509615383 0.25603027403846157 0.13352237740384615 0.26264160096153844 0.14633487740384615 0.26564453125000004 0.15915123557692307 0.2644433605769231 0.16959490624999998 0.24401855528846153 0.18905478365384615 0.2223925769230769 0.18810570913461538 0.21938964903846153 0.16532021634615385 0.20737304567307693 0.16342206730769232 0.20437011778846154 0.15203317788461537 0.20557128846153847
0 0.0854745360576923 0.6917285168269232 0.09980324038461538 0.7085693365384615 0.12129629567307693 0.7111572259615385 0.13050925961538462 0.6826611322115385 0.12456018509615384 0.6373974615384616 0.10082561778846154 0.6243701177884616 0.05374614182692308 0.5868066394230769 0.03880401201923077 0.6048095697115385 0.007689043269230769 0.6282568365384615 0 0.69431640625 0.08309799278846154 0.6730078125 0.0854745360576923 0.6917285168269232
0 0.12782407451923078 0.11546386778846154 0.13162422836538462 0.12868164182692307 0.13162422836538462 0.13588867307692307 0.13731867307692308 0.14249511778846152 0.15393132692307693 0.15571288942307693 0.16389660576923076 0.15931640625000001 0.17813657451923076 0.15270996153846153 0.17339120432692307 0.1406933581730769 0.16104938221153847 0.11666503846153847 0.14443672836538463 0.09443847596153845 0.14206404326923078 0.09443847596153845 0.12782407451923078 0.11546386778846154
0 0.044945987980769236 0 0.03940972115384615 0.0123828125 0.034266975961538465 0.04541992067307692 0.03268518509615385 0.060937500000000006 0.055231480769230776 0.06544433653846154 0.07065586538461538 0.06895019471153846 0.08687114182692308 0.07395507932692308 0.0935956778846154 0.07044921875 0.10427469230769232 0.05343261778846154 0.10427469230769232 0.04291992307692308 0.10309027884615385 0.03140625 0.07144675961538462 0.015883788461538463 0.06037037019230769 0.008876954326923077 0.044945987980769236 0
0 0.1714621923076923 0.5101074230769231 0.17545138942307695 0.4942480480769231 0.16747685096153847 0.4791113293269231 0.14925154326923076 0.4755078125 0.13501157451923076 0.4733447259615385 0.12134259374999999 0.46830078125 0.10938271634615385 0.47406738221153844 0.11165894951923076 0.4819970697115385 0.13216435096153847 0.5173193365384615 0.13045524759615384 0.5209228509615385 0.13444058653846153 0.518037110576923 0.15380787019230768 0.5187597668269232 0.16861496875 0.5187597668269232 0.1714621923076923 0.5101074230769231
0 0.752766204326923 1 0.8 0.999951173076923 0.8295370360576922 1 0.84607253125 0.9655761730769231 0.8259915120192307 0.8983105456730769 0.80709490625 0.85197265625 0.76576003125 0.8160986322115384 0.7374151225961539 0.8205859375 0.7031635793269231 0.848984375 0.6441126538461539 0.9237255865384615 0.6110416658653846 0.9730517572115385 0.6429282403846154 0.99248046875 0.6901736105769231 1 0.752766204326923 1
0 0.2622916658653846 0.8891259759615384 0.26940972115384615 0.9091455072115384 0.2812770072115385 0.9226660144230769 0.3148958341346154 0.9341796874999999 0.3350694447115385 0.9341796874999999 0.3489120360576923 0.92466796875 0.3667129639423077 0.9166552740384616 0.37660107932692305 0.9121533197115385 0.4007253076923077 0.9096484375 0.4070563269230769 0.8956298822115384 0.40389274759615384 0.8796142572115385 0.3864891971153846 0.8665966802884615 0.37620370432692307 0.86208984375 0.3346720673076923 0.8490771490384615 0.31292052403846154 0.8585888677884616 0.2622916658653846 0.8891259759615384
0 0.4804282403846154 0.7154589855769231 0.4726543221153846 0.7189355480769231 0.4651003076923077 0.727626954326923 0.46276620432692306 0.7630859375000001 0.46386188221153846 0.7922509759615385 0.47375 0.8082421875 0.4916049375 0.8138037115384615 0.5179745360576923 0.8016748052884615 0.5182484567307692 0.779736329326923 0.5091859567307693 0.7457031249999999 0.4962191346153846 0.716015625 0.49256558653846155 0.7122607427884616 0.4804282403846154 0.7154589855769231
0 0.25733024759615386 0.85791015625 0.2662152788461538 0.8672802740384615 0.27213734615384616 0.8735302740384616 0.28299768509615386 0.86228515625 0.3007638894230769 0.839794923076923 0.3022453701923077 0.8372949206730769 0.31409336538461535 0.8166845697115386 0.31409336538461535 0.8154345697115384 0.31014274759615384 0.7767041009615384 0.30372685096153845 0.7692089831730768 0.3002700625 0.7604589831730769 0.28891975240384615 0.7535888677884616 0.2770717596153846 0.7573388677884616 0.26275848798076923 0.761083985576923 0.24005401201923077 0.7735791009615384 0.21636188221153846 0.78732421875 0.20649305528846154 0.7923193365384615 0.1971141971153846 0.806064451923077 0.17786651201923076 0.8141845697115385 0.1694753076923077 0.8241796874999999 0.17638503125 0.8329248052884615 0.1882291658653846 0.8347998052884615 0.19415123557692307 0.839794923076923 0.1966203701923077 0.839794923076923 0.22466820913461538 0.844580079326923 0.2459799375 0.8516650384615385 0.25733024759615386 0.85791015625
0 0.3188271610576923 0.8053466802884616 0.3150115745192308 0.8069580072115384 0.3129436730769231 0.8119873052884615 0.31008487740384616 0.8214404302884616 0.3040432091346154 0.8262695312499999 0.3027700625 0.8375341802884615 0.3054745360576923 0.84498046875 0.3105594134615384 0.8492041009615385 0.3183487644230769 0.8504101562499999 0.33662808653846155 0.8485986322115384 0.34473765384615385 0.847998048076923 0.34616512259615384 0.8459863293269231 0.3499807091346154 0.84095703125 0.3515702163461538 0.8304931634615385 0.3512538581730769 0.8242578125000001 0.3493441346153846 0.8129931634615384 0.3356751538461538 0.8093701177884616 0.32820601923076925 0.8063525384615384 0.3188271610576923 0.8053466802884616
0 0.14966049278846152 0.06740722596153846 0.14776234615384615 0.06260253846153846 0.13874228365384617 0.055996093749999996 0.11833333413461539 0.0680078125 0.10077160576923078 0.07701660096153845 0.08463348798076924 0.08122558653846154 0.07798996875 0.10645507932692308 0.07561728365384615 0.12387206971153845 0.08368441346153846 0.1262792956730769 0.1002970673076923 0.12687988221153848 0.12497685096153846 0.12808105528846153 0.13399691346153847 0.10104492067307692 0.14443672836538463 0.08963378846153845 0.14966049278846152 0.06740722596153846
0 0.8827391971153846 0.904345701923077 0.92146990625 0.9360644519230769 0.9448186730769231 0.9504785168269231 0.9619058653846154 0.9454345697115384 0.9664621923076923 0.92453125 0.9579205240384615 0.9187646490384616 0.9385532403846154 0.9021826177884615 0.9334297836538461 0.8899267572115386 0.9277314807692308 0.8791162115384614 0.9152044759615384 0.8113574230769232 0.8941280865384615 0.8149609375 0.8656520072115386 0.86109375 0.874193673076923 0.8819970697115385 0.8827391971153846 0.904345701923077
0 0.42093364182692306 0.8107080072115385 0.3947337956730769 0.7941259759615384 0.3822029326923077 0.7797119134615385 0.3747993822115384 0.7753857427884616 0.3622685192307692 0.7811523437500001 0.35201774759615384 0.7905224615384616 0.35486496875 0.815029298076923 0.3611304014423077 0.8330517572115385 0.37537037019230773 0.842421875 0.42150462980769227 0.8373779302884615 0.42093364182692306 0.8107080072115385
0 0.626431326923077 0.630419920673077 0.6082060192307692 0.610234375 0.6064969134615384 0.6095166009615385 0.5837152788461538 0.6167236322115385 0.5580864206730769 0.6275390624999999 0.55353009375 0.6462792980769231 0.5495408942307692 0.669345701923077 0.5529591057692308 0.7017871105769231 0.55353009375 0.7349462884615385 0.5728935192307693 0.7414306634615385 0.610486110576923 0.7313378894230769 0.6617476850961539 0.7068310552884616 0.6691512355769231 0.6880908197115385 0.6514930552884616 0.669345701923077 0.6378240745192307 0.6520458990384616 0.626431326923077 0.630419920673077
0 0.2194290120192308 0 0.20471836538461538 0.0019287115384615384 0.20329475240384615 0.01875 0.1994945985576923 0.030161132211538464 0.20804012259615384 0.03857421875 0.2151581778846154 0.04277831971153846 0.2260763894230769 0.048183593749999996 0.2531288581730769 0.06620605528846155 0.2597762355769231 0.06680663942307692 0.2645216057692308 0.051787108173076926 0.26499614182692305 0.02475586057692308 0.26119984615384617 0.01935058653846154 0.24079089423076921 0.007333983173076922 0.23034722115384615 0.00012695192307692307 0.2194290120192308 0
0 0.6822993822115385 0.7292285144230769 0.6665046298076922 0.74109375 0.6561381177884615 0.7548388677884615 0.6433063269230769 0.7754541009615384 0.6324459879807692 0.78857421875 0.6107291658653846 0.7948193365384615 0.6107291658653846 0.8048144543269231 0.6122106490384616 0.8116845697115385 0.6136921298076923 0.8185546875 0.6176388894230769 0.8354248052884615 0.6196141971153846 0.8441699230769231 0.6477469134615385 0.85728515625 0.6605825625 0.8716552740384615 0.6753896610576924 0.875400389423077 0.6847646610576923 0.8685302740384616 0.7094444447115384 0.8516650384615385 0.7518904326923077 0.8322998052884615 0.7474498461538462 0.7923193365384615 0.7360995360576923 0.7648339855769231 0.7133950625000001 0.7261035144230769 0.7025347211538461 0.7217333990384615 0.6946373461538461 0.7217333990384615 0.6822993822115385 0.7292285144230769
0 0.1837191346153846 1 0.2053703701923077 0.9860058581730768 0.19552855048076923 0.9536181634615384 0.14041280769230768 0.8963183605769232 0.08628086538461538 0.9000537115384616 0.06265817788461539 0.9150048822115384 0.06856481490384615 0.9374267572115385 0.1079320985576923 0.9934765624999999 0.12663194471153846 1 0.1837191346153846 1
0 0.04450231490384615 0.21221191346153848 0.03923996875000001 0.21742675721153845 0.03237268509615385 0.22264160096153846 0.02550540144230769 0.233359375 0.022299382211538463 0.23828125 0.028939043269230767 0.25044921875 0.04061342548076923 0.25885253846153844 0.04976851923076923 0.26609374999999996 0.05755015384615385 0.26290527403846153 0.06739197596153847 0.2553759759615385 0.06899691346153845 0.24001953125 0.05892361057692308 0.2159765625 0.05411651201923077 0.21423828125 0.04450231490384615 0.21221191346153848
0 0.09857638942307692 0.34107910096153843 0.08322144951923077 0.3618066394230769 0.08322144951923077 0.3980761706730769 0.08322144951923077 0.41232421874999997 0.10164737740384615 0.45248046875000003 0.13746913461538462 0.4408203125 0.1651003076923077 0.42009765625 0.1825 0.37994140625 0.1825 0.3527392572115385 0.18454861057692307 0.29185546875 0.18147762259615385 0.2607714831730769 0.15384259375 0.2698388677884615 0.1262075625 0.29185546875 0.11597607932692308 0.3138769519230769 0.09857638942307692 0.34107910096153843