0 0.25200231490384617 0.41458984375 0.2605709879807692 0.4070556634615385 0.2655709879807692 0.40675781250000004 0.27104552403846155 0.4064550769230769 0.2784220673076923 0.4052490240384615 0.28508873557692305 0.4037451177884615 0.2846141971153846 0.3983203125 0.2736612644230769 0.3853662115384615 0.2642746923076923 0.37939453125 0.25848765384615385 0.37646484375 0.24884259375 0.37646484375 0.24228394951923077 0.3779296875 0.2329591057692308 0.3907910168269231 0.2296296298076923 0.3953076177884615 0.22819830288461537 0.41248046875 0.23105709855769233 0.41971191346153847 0.23986496875000002 0.42693847596153844 0.24462191346153844 0.4278417980769231 0.24724151201923078 0.418203125 0.25200231490384617 0.41458984375
0 0.5063734567307692 0.45480956971153846 0.4949035504807692 0.4603125 0.48738811778846153 0.4683251947115385 0.4790817908653846 0.47783691346153845 0.4838271610576923 0.4948535144230769 0.4992554014423077 0.4908496081730769 0.5075617283653846 0.48784668028846156 0.5146797836538461 0.47382812500000004 0.51705246875 0.4518017572115385 0.5150733028846154 0.4518017572115385 0.5063734567307692 0.45480956971153846
0 0.6771026225961538 0.6990869134615385 0.6859876538461538 0.7086035168269231 0.6982908942307693 0.7112011730769231 0.7105902788461538 0.7112011730769231 0.7160609567307692 0.71033203125 0.7044405865384615 0.6765966802884615 0.6887191346153846 0.6705419927884615 0.6798341057692308 0.67322265625 0.6702662043269231 0.6835205072115385 0.6771026225961538 0.6990869134615385
0 0.770266204326923 0.4819189447115385 0.7644405865384616 0.4782275384615385 0.7555632716346155 0.4782275384615385 0.7531790120192308 0.4842626947115385 0.7545061730769231 0.49482421875000004 0.7588773149038462 0.5048828125 0.7612615745192308 0.5090771490384616 0.7798032403846153 0.5095800769230769 0.7841743822115385 0.5070654302884615 0.7845717596153846 0.49851562499999996 0.7786111105769231 0.48828613221153844 0.770266204326923 0.4819189447115385
0 0.40839120432692305 0.7446191418269231 0.42107253125 0.7506933581730769 0.43992669711538457 0.7606689447115385 0.45020833413461536 0.76240234375 0.45432098798076925 0.7606689447115385 0.44506558653846157 0.7489550793269231 0.4395833341346154 0.7394140625 0.43787037019230773 0.7303027355769232 0.43032793269230774 0.7190234375 0.4207291658653846 0.7038427740384615 0.4118209879807692 0.6929980480769231 0.40667824038461536 0.686923826923077 0.3984529326923077 0.6812841802884615 0.39467978365384615 0.6791162115384615 0.38885416586538457 0.6864892572115384 0.3840547836538461 0.6947314447115385 0.3795987644230769 0.7003710937500001 0.38508487740384617 0.7155517572115385 0.39022376442307694 0.7277001947115385 0.3963966057692308 0.731171875 0.40839120432692305 0.7446191418269231
0 0.4486381177884615 0.5093408197115384 0.45574845673076925 0.5048437499999999 0.45989197596153847 0.4928466802884615 0.4486381177884615 0.4786035168269231 0.44331018509615383 0.47186035096153844 0.4302777788461538 0.4621142572115385 0.4231712956730769 0.4493701177884616 0.41606481490384617 0.438125 0.41251157451923076 0.438125 0.40244212980769234 0.43737793028846156 0.4000733028846154 0.43737793028846156 0.36275848798076926 0.43662597596153846 0.3426195985576923 0.43512695192307693 0.3331442908653846 0.44412109375000003 0.3307754639423077 0.4538671875 0.33788194471153843 0.46586425721153846 0.33788194471153843 0.48235351682692307 0.3432137355769231 0.50109375 0.33966049278846155 0.5348291009615385 0.3432137355769231 0.5528173822115384 0.3476543221153846 0.5628564447115385 0.35268904326923073 0.5708105480769231 0.35979552403846154 0.5783056634615384 0.38940972115384614 0.591796875 0.40125771634615387 0.5685595697115384 0.4154706778846154 0.5445703125 0.42850308653846153 0.5348291009615385 0.4486381177884615 0.5093408197115384
0 0.16471450721153846 0.8722558605769231 0.15284722115384614 0.8757568365384615 0.14058642067307692 0.8867724615384615 0.13030092548076924 0.8992871081730769 0.12357638942307693 0.9198095697115385 0.13109182211538462 0.9353271490384615 0.16313271634615384 0.9418359374999999 0.18251157451923075 0.9333251947115385 0.18567515384615385 0.9148046875 0.1840933653846154 0.8877734375 0.17420524759615383 0.8772607427884616 0.16471450721153846 0.8722558605769231
0 0.6278009254807693 0.42376953125 0.6179128076923077 0.42227050721153847 0.6119791658653846 0.4227685552884616 0.6040702163461538 0.42527343749999996 0.5953665120192307 0.42978027403846153 0.5926003076923076 0.4322802740384616 0.5922029326923077 0.4367871105769231 0.5973456778846153 0.444296875 0.6052546298076923 0.45530761778846157 0.6143518509615384 0.45330566346153844 0.6234490745192307 0.44279296875 0.6278009254807693 0.43328125 0.6278009254807693 0.42376953125
0 0.45135802403846154 0.7614013677884616 0.43547067788461535 0.7697802740384615 0.4308371923076923 0.7873730480769231 0.4308371923076923 0.806640625 0.43481095673076925 0.8200439447115385 0.4500308653846154 0.8309326177884616 0.4612847211538461 0.8443359374999999 0.47386188221153847 0.8543847644230769 0.5102623461538461 0.8493603509615385 0.5387229927884616 0.8351220697115385 0.5486535504807692 0.8309326177884616 0.5486535504807692 0.8108251947115386 0.5426967596153847 0.8041259759615385 0.5426967596153847 0.7882080072115384 0.5420331778846154 0.7764794927884615 0.5473302475961538 0.7647558605769231 0.5446797836538462 0.7588916009615385 0.5360763894230769 0.7547021490384616 0.528796295673077 0.747998048076923 0.5082793221153846 0.7463232427884615 0.4844483028846154 0.7547021490384616 0.45135802403846154 0.7614013677884616
0 0.28395061778846153 0.61328125 0.28513503125 0.6180322259615385 0.30199845673076925 0.6206347644230769 0.3172183653846154 0.6274023437499999 0.3336689807692308 0.63052734375 0.3484760793269231 0.6315673822115385 0.35876157451923074 0.6326123052884616 0.3632831778846154 0.6315673822115385 0.3641087956730769 0.6159521490384615 0.3612268509615385 0.6050195312500001 0.3484760793269231 0.5857568365384616 0.3476543221153846 0.5753466802884616 0.3476543221153846 0.5628564447115385 0.34518518509615387 0.5592089831730769 0.33695987740384614 0.5592089831730769 0.3275 0.5612939447115385 0.3176273149038461 0.5618115240384616 0.29747299278846157 0.5675390625 0.29171682211538463 0.5670166009615385 0.28554783894230773 0.565458983173077 0.2695061730769231 0.5628515625 0.2843132716346154 0.589404295673077 0.28924768509615384 0.6013769519230769 0.28924768509615384 0.6091845697115384 0.28395061778846153 0.61328125
0 0.3292554014423077 0.7756396490384615 0.3252970673076923 0.7731347668269231 0.3019637355769231 0.7731347668269231 0.2944483028846154 0.7776416009615384 0.28337191346153845 0.7821484375 0.2774382716346154 0.7931591802884616 0.28139660576923076 0.8046728509615384 0.30117283894230773 0.8106787115384615 0.31619984615384616 0.8096777355769231 0.33360339423076923 0.8161865240384615 0.33716435096153846 0.8091796874999999 0.33795524759615386 0.7981640624999999 0.3340007716346154 0.78064453125 0.3292554014423077 0.7756396490384615
0 0 0.6770214855769231 0.010455247596153848 0.6705126947115385 0.021531634615384616 0.6589990240384616 0.03221064903846154 0.6529931634615385 0.04526234615384615 0.6504882812499999 0.0682021610576923 0.6494873052884615 0.07057484615384615 0.63697265625 0.06503857932692308 0.613447264423077 0.057523149038461535 0.60193359375 0.031813271634615385 0.5879150384615385 0.014016204326923076 0.5769042980769231 0.00966435096153846 0.5754003918269232 0 0.5759033197115385 0 0.6339697259615384 0 0.6770214855769231
0 0.5032021610576923 0.625 0.5147878076923077 0.6012646490384616 0.5142361105769231 0.59009765625 0.5125810192307692 0.5740380865384616 0.5065123461538461 0.5642675769230769 0.49713734615384614 0.5558886706730769 0.48003857932692306 0.5523974615384616 0.4651466057692308 0.5503076177884615 0.45687114182692307 0.5482128918269231 0.4474961418269231 0.5475146490384616 0.4408757716346154 0.549609375 0.4353626538461538 0.588701173076923 0.43315586538461537 0.6096435552884615 0.43315586538461537 0.625 0.4458410504807692 0.6312841802884616 0.4579745360576923 0.6215087884615385 0.47396990625 0.6215087884615385 0.4943788581730769 0.6243017572115386 0.5032021610576923 0.625
0 0.5324691346153846 0.5628564447115385 0.5526929014423076 0.5611181634615384 0.5650347211538461 0.5520068365384615 0.5828549375000001 0.54419921875 0.5927970673076923 0.5311865240384616 0.6058217596153846 0.5207763677884615 0.6130208341346154 0.5142675793269231 0.6178163581730769 0.5120996081730769 0.6195331778846154 0.5081933581730769 0.6284452163461538 0.4917089855769231 0.6284452163461538 0.4878076177884615 0.6212461418269231 0.4799951177884615 0.6130208341346154 0.46741699278846155 0.6037654326923076 0.45657226442307697 0.5972530865384615 0.45657226442307697 0.5922067908653846 0.451171875 0.579861110576923 0.455078125 0.5690586418269231 0.455078125 0.5582561730769231 0.47021484375 0.545138889423077 0.48193359375 0.53125 0.5 0.5177469134615384 0.5224609375 0.5235339495192307 0.55712890625 0.5108757716346154 0.56068359375 0.509506173076923 0.5693603509615385 0.5177314807692308 0.5732666009615385 0.5239004639423077 0.5758691418269231 0.5324691346153846 0.5628564447115385
0 1 0.3831640625 0.9885648149038461 0.3947021490384615 0.96919753125 0.4199316418269231 0.9515393509615385 0.4502050793269231 0.943568673076923 0.4682275384615385 0.9498341057692308 0.4833642572115385 0.9640702163461538 0.48552734375 0.99767746875 0.4747167980769231 1 0.3939794927884615 1 0.3831640625
0 0.7836689807692309 0.4034619134615385 0.7661998461538461 0.404296875 0.7493865745192309 0.4155615240384615 0.7464197524038462 0.42473632932692307 0.7632330240384615 0.4368359375 0.7652083341346153 0.45227050721153844 0.7807021610576924 0.4489355456730769 0.7919058653846154 0.4443457043269231 0.7948726850961538 0.42974609375 0.7952044759615385 0.4143115240384615 0.8027854927884616 0.404296875 0.7945447524038461 0.4034619134615385 0.7836689807692309 0.4034619134615385
0 0.6579629639423078 0.6230615240384616 0.6551543221153846 0.62376953125 0.6525308653846154 0.6247216802884614 0.6459683653846154 0.6275683605769231 0.6425964495192308 0.6308886706730769 0.6416589495192307 0.6361083990384616 0.6420331778846153 0.6406152355769231 0.6450308653846153 0.6493896490384615 0.6476543221153845 0.6522363269230769 0.6517785504807693 0.65626953125 0.6540277788461538 0.6565087884615385 0.6583410504807692 0.650341798076923 0.6604012355769231 0.6418017572115384 0.6637770072115384 0.6358691418269231 0.6628395072115385 0.6304150384615385 0.660590278846154 0.6216357427884615 0.6594637355769231 0.6216357427884615 0.6579629639423078 0.6230615240384616
0 0.6622762355769231 0.6304150384615385 0.660590278846154 0.6344482427884616 0.6596527788461538 0.6408496081730769 0.6628395072115385 0.6531884759615385 0.6648996923076923 0.6515283197115385 0.6774575625 0.6508154302884616 0.6828935192307692 0.654375 0.6922646610576924 0.64962890625 0.6896412043269231 0.6387158197115385 0.6828935192307692 0.621875 0.6678973774038461 0.62376953125 0.6641512355769231 0.6259082043269231 0.6622762355769231 0.6304150384615385
0 0.6499498461538462 0.3621972644230769 0.6452044759615384 0.36270019471153847 0.6408526225961538 0.3672021490384615 0.6428317908653847 0.3772167980769231 0.6440200625 0.38372070432692307 0.6515316346153845 0.39022949278846153 0.6598379639423076 0.39523925721153846 0.6665625000000001 0.3997412115384616 0.6657716057692308 0.37871581971153845 0.6614236105769231 0.3712060552884615 0.6499498461538462 0.3621972644230769
0 0.8055555552884616 0.38720703125 0.8186728389423077 0.3935546875 0.8206018509615384 0.396484375 0.8203587956730769 0.4026708990384616 0.8312654326923077 0.4159765625 0.8352353389423077 0.4167285144230769 0.8471373461538462 0.4144677740384616 0.8530864206730769 0.410703125 0.8513001538461539 0.40065918028846154 0.8509027788461538 0.39589355528846154 0.8495177475961538 0.38986816346153846 0.8505092596153846 0.38158203125 0.8449537043269231 0.3725439447115385 0.8399961418269231 0.3685253918269231 0.8344405865384614 0.36676757692307693 0.8237307091346153 0.3685253918269231 0.8179783942307692 0.36953125 0.8108371923076922 0.3725439447115385 0.8023070985576923 0.3735498052884615 0.7951658942307692 0.37630859375000003 0.7913966057692308 0.38083007932692303 0.7913966057692308 0.3878564447115384 0.7935802475961539 0.38911132692307693 0.8055555552884616 0.38720703125
0 0.8374498461538462 0.6279248052884616 0.8305825625000001 0.6348779302884615 0.8297569447115385 0.6564306634615384 0.8336033942307692 0.6623388677884615 0.8492592596153846 0.6654687499999999 0.85228009375 0.6665136706730769 0.8679359567307692 0.6713769543269231 0.8607947524038462 0.6546923822115385 0.8555787043269232 0.6449609374999999 0.84321759375 0.6352246105769231 0.8374498461538462 0.6279248052884616
0 0.21064814903846155 0.275390625 0.2144058653846154 0.25495117067307693 0.2127507716346154 0.24727050721153845 0.20833719230769232 0.2361035168269231 0.2061304014423077 0.22702636778846155 0.19951003125 0.2172558605769231 0.19123842548076922 0.21376464903846154 0.1829629639423077 0.21236816346153847 0.17027777884615383 0.21306640625 0.1631095673076923 0.21655761778846155 0.16145447596153847 0.22981933653846154 0.17027777884615383 0.25006347596153844 0.18076003125 0.2633251947115384 0.19510030769230768 0.2710058605769231 0.21064814903846155 0.275390625
0 0.8473996923076924 0.605009764423077 0.8480864206730769 0.5971875 0.8476311730769232 0.5853125 0.8439660504807692 0.5734326177884616 0.8306905865384615 0.5722753918269231 0.8265702163461538 0.57458984375 0.8171875 0.57806640625 0.815586420673077 0.5934228509615385 0.8206211418269231 0.5971875 0.8279436730769232 0.6081982427884616 0.8405324062499999 0.6099365240384615 0.8473996923076924 0.605009764423077
0 0.57107253125 0.64916015625 0.5722106490384615 0.607353514423077 0.5693634254807692 0.5770751947115385 0.5682253076923077 0.5734716802884615 0.5596797836538461 0.5705908197115385 0.5568325625 0.5741943365384615 0.5522762355769231 0.5749121105769232 0.5346180552884615 0.5857275384615385 0.5243672836538461 0.607353514423077 0.514683641826923 0.6232128894230768 0.5163927475961538 0.6333056634615384 0.5670833341346154 0.6520458990384616 0.5705015432692307 0.6527685552884616 0.57107253125 0.64916015625
0 0.7084066346153846 0.43791503846153845 0.7306211418269231 0.43841796875 0.7449035504807693 0.43866699278846155 0.7425231490384616 0.43289550721153847 0.7276466057692308 0.4185839831730769 0.72665509375 0.40678711057692307 0.7268518509615384 0.40502929807692306 0.7165393509615385 0.39423339903846155 0.7068171298076924 0.38595214903846153 0.70384259375 0.3824365240384615 0.6972955240384615 0.37515624999999997 0.6913464495192307 0.371640625 0.6859915120192308 0.3701318365384615 0.6790470673076924 0.3726464855769231 0.6766666658653846 0.3741503894230769 0.6738927475961538 0.378671875 0.6683371923076924 0.39373046875 0.6673456778846153 0.39950683653846153 0.6687345673076923 0.41206054567307693 0.6794444447115384 0.4218505865384615 0.6903549375 0.42988281250000004 0.7010648149038462 0.43666015625 0.7084066346153846 0.43791503846153845
0 0.23422453605769228 0.9683349615384615 0.2489313269230769 0.9741552740384616 0.26685956730769234 0.9770605456730769 0.2994907403846154 0.9758984374999999 0.31466049278846153 0.9485546874999999 0.3169598774038462 0.9415771490384616 0.32677469230769235 0.93408203125 0.3261496923076923 0.9159814447115384 0.3270717596153846 0.9089990240384616 0.3247723774038462 0.8892187500000001 0.3164969134615384 0.8804931634615384 0.3100655865384615 0.8723486322115386 0.3013310192307692 0.8659521490384615 0.2898379639423077 0.8537353509615385 0.27697144951923075 0.8496630865384615 0.2631790120192308 0.8508251947115385 0.25858410576923074 0.85140625 0.2539891971153846 0.8537353509615385 0.24617283894230768 0.8595507812500001 0.2415779326923077 0.86537109375 0.23330246875 0.8781689447115385 0.22548996875 0.8927099615384615 0.20848379567307693 0.9462304687499999 0.20756558653846155 0.9619384759615385 0.21445987740384617 0.958447266826923 0.23422453605769228 0.9683349615384615
0 0 0.9066943365384615 0.01262345673076923 0.9378369134615384 0.04337962980769231 0.9568652355769232 0.06114969230769231 0.9326464831730769 0.08028935096153847 0.9153466802884616 0.07823688221153846 0.8816113293269231 0.07208719230769231 0.8547949206730769 0.0632021610576923 0.8253808605769231 0.04816357932692307 0.802890625 0.016041665865384615 0.7804003918269231 0 0.7656982427884615 0 0.803759764423077 0 0.9066943365384615
0 0.6725848774038461 0.6752490240384615 0.6795177475961538 0.6719287115384615 0.6862654326923077 0.6633886706730769 0.6870177475961537 0.654375 0.6806442908653847 0.64962890625 0.6752083341346153 0.6477294927884615 0.6729591057692308 0.6474951177884616 0.6665856490384615 0.6527099615384616 0.6594637355769231 0.6607763677884615 0.6574035504807691 0.6707421875 0.662461420673077 0.6773828125 0.6660223774038462 0.6771435552884615 0.6725848774038461 0.6752490240384615
0 0.18079861057692306 0.6001611322115384 0.18662422836538461 0.6036328125 0.19176697596153847 0.6036328125 0.20513503125000002 0.60580078125 0.2431828701923077 0.61404296875 0.24695216105769233 0.6144775384615385 0.2644328701923077 0.6188134759615385 0.2860262355769231 0.62228515625 0.28499614182692307 0.61404296875 0.2894521610576923 0.604931641826923 0.2894521610576923 0.5997265625 0.2894521610576923 0.5927880865384615 0.2846566346153846 0.5845458990384615 0.2712885793269231 0.56892578125 0.2668325625 0.5637207019230769 0.2558641971153846 0.5515771490384616 0.2500347211538462 0.5424658197115385 0.24112654326923078 0.5251123052884615 0.23872685096153848 0.521640625 0.23255401201923076 0.51296875 0.22432870432692306 0.5142675793269231 0.21850308653846154 0.516435548076923 0.20582175961538463 0.5147021490384616 0.20067901201923075 0.51296875 0.19485339423076922 0.5125341802884615 0.18971064903846152 0.5125341802884615 0.1831983028846154 0.5125341802884615 0.17839892067307692 0.5125341802884615 0.17257330288461536 0.5138330072115385 0.1688040120192308 0.522509764423077 0.1739429014423077 0.5303173822115385 0.1739429014423077 0.5498388677884616 0.1756558653846154 0.5632861322115384 0.17908564903846153 0.5945214831730768 0.18079861057692306 0.6001611322115384
0 0.3826504639423077 0.7881542956730769 0.37553240625 0.7831494134615385 0.3707831778846154 0.7846484375 0.36366512259615386 0.7821484375 0.34982253125 0.7786425793269232 0.3407253076923077 0.7841503918269231 0.3347916658653846 0.8041748052884615 0.33439429086538464 0.81869140625 0.3411188269230769 0.8352099615384615 0.3822569447115385 0.84572265625 0.3822569447115385 0.8322070312500001 0.3806751538461538 0.8076757812500001 0.3850231490384616 0.7981640624999999 0.3826504639423077 0.7881542956730769
0 0.08204861057692307 0.57189453125 0.09549382692307692 0.5739013677884615 0.10736111057692307 0.5769042980769231 0.1117129639423077 0.57740234375 0.11447916586538462 0.5663916009615385 0.11329475240384615 0.5588818365384616 0.10142746875 0.5413623052884615 0.09272762259615384 0.5333496081730769 0.07888117307692308 0.5338525384615385 0.06701774759615385 0.5413623052884615 0.05515046394230769 0.55037109375 0.027858795673076923 0.5598828124999999 0.01876157451923077 0.5668896490384616 0.023506944711538462 0.5794042956730769 0.032604165865384616 0.5854150384615384 0.0523804014423077 0.5934228509615385 0.06978394951923077 0.5809082043269231 0.07413580288461538 0.5743994134615384 0.08204861057692307 0.57189453125
0 0.11001157451923077 0.5957763677884615 0.10961419711538462 0.5917724615384615 0.1044753076923077 0.5822607427884615 0.09933256250000001 0.5732470697115384 0.08825617307692307 0.57224609375 0.07638888942307692 0.574248045673077 0.06610725240384616 0.5802587884615384 0.06215277884615385 0.5972753918269231 0.06610725240384616 0.610791016826923 0.07006172836538462 0.6288134759615385 0.07559799278846155 0.6383251947115384 0.09537422836538462 0.6483349615384615 0.09854166586538461 0.6343212884615385 0.10407793269230768 0.6198046875000001 0.10763888942307692 0.6117919927884615 0.11001157451923077 0.5957763677884615
0 0.5533371923076923 0.7644921875 0.5638233028846154 0.7644921875 0.5857445985576922 0.7608740240384615 0.6114776225961539 0.7548437499999999 0.5924151225961538 0.7041796875 0.5752584879807693 0.6643701177884616 0.5504783942307692 0.641455079326923 0.5371373461538462 0.6402490240384615 0.5199807091346154 0.6402490240384615 0.49228394951923077 0.63720703125 0.48572530769230765 0.638671875 0.4807098774038462 0.65673828125 0.4787808653846154 0.6904296875 0.4845679014423077 0.71728515625 0.49901234615384615 0.7283056634615386 0.5123533942307692 0.7319238293269231 0.5446797836538462 0.7588916009615385 0.5504783942307692 0.7620800769230769 0.5533371923076923 0.7644921875
0 0.5918094134615385 0.45630859375 0.5969483028846153 0.45530761778846157 0.5993248461538461 0.45230468749999997 0.5862692908653846 0.43078125 0.5783603389423078 0.4277734375 0.5787538581730769 0.4412939447115385 0.576381173076923 0.45130371153846155 0.5918094134615385 0.45630859375
0 0.9639930552884616 0.8829248052884615 0.9639930552884616 0.8670019519230769 0.9594174375000001 0.8076513677884616 0.9548418221153846 0.7801513677884616 0.9365432091346153 0.7526464831730769 0.92053240625 0.74685546875 0.9113811730769231 0.7483056634615385 0.8976581778846153 0.7555419927884616 0.8896527788461538 0.7569873052884616 0.872496141826923 0.7642285144230769 0.8530092596153847 0.78076171875 0.8564814807692307 0.798828125 0.8919367283653846 0.8496337884615385 0.9159567908653846 0.880029295673077 0.9354012355769231 0.904638673076923 0.9594174375000001 0.8930566418269231 0.9639930552884616 0.8829248052884615
0 0.9600501538461538 0.4377880865384615 0.9588618822115385 0.4317822259615385 0.95490740625 0.4277734375 0.9339429014423076 0.41425781250000004 0.9165393509615385 0.4067529302884615 0.9034876538461538 0.4057470697115385 0.8987422836538462 0.4117578125 0.89834490625 0.4287744134615385 0.9090239206730769 0.4367871105769231 0.9181211418269231 0.4422949206730769 0.9375038581730769 0.45480956971153846 0.9469945985576923 0.45730956971153847 0.9600501538461538 0.4377880865384615
0 0.14731095673076922 0.5723974615384615 0.15798996875 0.560380860576923 0.16352623557692308 0.5543750000000001 0.15917438221153846 0.5328515625 0.1374228389423077 0.523837889423077 0.12634644951923077 0.5183349615384615 0.11804012259615385 0.5168310552884615 0.11447916586538462 0.5173339855769231 0.10815200721153848 0.5183349615384615 0.10736111057692307 0.5393603509615384 0.10934027884615385 0.55587890625 0.11922839423076924 0.56939453125 0.13386188221153847 0.5784033197115385 0.14731095673076922 0.5723974615384615
0 0.6655285504807692 0.9097705072115385 0.66107253125 0.9275537115384616 0.6573032403846154 0.94880859375 0.6507908942307693 0.9570947259615384 0.6435918221153846 0.97705078125 0.6562770072115385 0.9961376947115385 0.7457368822115384 1 0.7639004639423077 0.9996093749999999 0.767361110576923 0.9970703125 0.7596450625 0.98779296875 0.7507716057692307 0.97216796875 0.7405941346153846 0.9575292956730769 0.7299691346153847 0.9414794927884615 0.7200308653846155 0.9328027355769231 0.7131751538461538 0.9176220697115384 0.7040895072115384 0.89794921875 0.6871257716346153 0.8850390625 0.67615740625 0.8907226562499999 0.6734143509615385 0.8954541009615385 0.6655285504807692 0.9097705072115385
0 0.43204089423076925 0.23706543028846155 0.4402700625 0.24400878846153845 0.4512384254807692 0.253984375 0.4608333341346154 0.2552880865384615 0.46391975240384614 0.25745605528846155 0.48140046394230773 0.253984375 0.48825617307692304 0.24834472596153848 0.48825617307692304 0.22752441346153846 0.4868827163461538 0.21320800721153846 0.48345679086538457 0.20192871153846154 0.4766010793269231 0.1828417956730769 0.46665894951923076 0.17720214903846154 0.4642631177884615 0.17720214903846154 0.4584336418269231 0.17720214903846154 0.44403935096153846 0.17806640625 0.43307098798076926 0.17676757932692308 0.4241589495192307 0.18240722596153847 0.42004629567307694 0.19455078125 0.4224459879807692 0.2088671875 0.4221026225961539 0.21797851682692307 0.42518518509615383 0.2305566418269231 0.43204089423076925 0.23706543028846155
0 0.11395833413461538 0.70080078125 0.1301620360576923 0.7261328125000001 0.14540894951923075 0.7466406250000001 0.16161265384615384 0.7683544927884616 0.17686342548076925 0.779208983173077 0.19592592548076923 0.784033204326923 0.23500000000000001 0.7767968749999999 0.29320987740384613 0.76123046875 0.34375 0.740234375 0.36265432211538456 0.712890625 0.36081018509615387 0.69115234375 0.36271605048076927 0.68029296875 0.36462191346153844 0.6646142572115384 0.35985725240384614 0.65013671875 0.3322183653846154 0.6296337884615385 0.3064853389423077 0.6272167980769231 0.28170524759615384 0.6211865240384615 0.24548611057692307 0.6163623052884616 0.2311882716346154 0.612744141826923 0.20259644951923078 0.6091259759615385 0.15875385817307694 0.6055078125000001 0.13969135817307693 0.6067138677884615 0.12444058653846153 0.6477246105769231 0.11395833413461538 0.70080078125
0 0.7261188269230769 0.5537255865384615 0.7267785504807692 0.5466357427884615 0.7241396610576923 0.5374560552884615 0.7215046298076923 0.5299462884615385 0.7099652788461538 0.5207714855769231 0.6918364206730769 0.5111767572115384 0.6750270072115385 0.5153466802884615 0.6565702163461539 0.5216015625 0.6509683653846154 0.5362060552884615 0.6611844134615384 0.5483007812499999 0.6746990745192308 0.549970701923077 0.6931558653846154 0.562900389423077 0.7046913581730769 0.557060545673077 0.7096450625 0.5537109375 0.7152391971153846 0.559150391826923 0.7175462956730769 0.55873046875 0.7261188269230769 0.5537255865384615
0 0.4807098774038462 0.3642578125 0.4918981490384615 0.36376953125 0.5179629639423077 0.35653808653846153 0.5435493822115385 0.3543798822115385 0.5716936730769231 0.3500634759615385 0.5827816346153847 0.3457421875 0.6023996923076923 0.3349511706730769 0.5998379639423077 0.3198388677884615 0.5725462956730769 0.30364746153846156 0.5546373461538462 0.29393066346153846 0.5469598774038462 0.28853515625 0.5333140432692308 0.27666015625 0.5179629639423077 0.27342285096153846 0.5060223774038461 0.2669433605769231 0.4957870360576923 0.26586425721153845 0.49237268509615384 0.26586425721153845 0.4821412043269231 0.2637060552884615 0.4650810192307692 0.26262695432692307 0.45740740625000004 0.27233886778846156 0.44972993749999995 0.2798974615384615 0.4480246923076923 0.29177246153846154 0.44034722115384617 0.301484375 0.43865740625 0.314453125 0.44461419711538464 0.348984375 0.4488773149038462 0.36517578125 0.4606481490384615 0.373046875 0.4807098774038462 0.3642578125
0 0.9195756177884615 0.7349951177884615 0.9209490745192308 0.7266552740384615 0.9140817908653845 0.7221337884615384 0.9102391971153847 0.718310545673077 0.9039197524038461 0.7078808581730769 0.8965046298076923 0.7106640625 0.8833179014423076 0.7193505865384615 0.8802970673076923 0.7290869134615385 0.8739814807692308 0.7395166009615385 0.8808487644230769 0.7516845697115385 0.8923842596153846 0.75724609375 0.90446759375 0.75376953125 0.9195756177884615 0.7349951177884615
0 1 0.6032421875 0.9972222211538462 0.6046875 0.98696759375 0.6140576177884616 0.9624768509615385 0.6277539062499999 0.9545023149038462 0.6457763677884615 0.9516550937499999 0.6681201177884616 0.9687422836538461 0.6919091802884616 0.9915239206730769 0.7012792980769231 1 0.71353515625 1 0.6032421875
0 0 0.6990478509615384 0.007685185096153846 0.7070556634615385 0.038144290865384615 0.700048829326923 0.06029320913461538 0.6900390624999999 0.06780864182692307 0.6845312499999999 0.07176311778846153 0.66951171875 0.07018132692307692 0.6589990240384616 0.06503857932692308 0.6534960937500001 0.019949846153846155 0.6509912115384615 0.020740740384615382 0.6635058605769231 0 0.6865332019230769 0 0.6990478509615384
0 0.13223379567307691 1 0.13770061778846154 0.9888720697115385 0.14043209855769231 0.9516796875 0.10489197596153846 0.9456201177884616 0.0919058653846154 0.9283203124999999 0.059783949519230765 0.9291845697115384 0.04611496875 0.9646533197115384 0.04269675961538462 0.9880078125 0.08985725240384615 1 0.13223379567307691 1
0 0.42423996875 0.6609765625 0.4578703701923077 0.6723925769230769 0.45951003125 0.6505957019230769 0.44884644951923075 0.6287988269230769 0.4168595673076923 0.6080371081730769 0.3906134254807692 0.590390625 0.36682870432692305 0.5789697259615385 0.3635493822115385 0.5789697259615385 0.3619097211538461 0.6391796875 0.3627276225961538 0.6391796875 0.37831018509615383 0.6443652355769232 0.4184992283653846 0.6557861322115385 0.42423996875 0.6609765625
0 0.7915779326923077 0.7123974615384616 0.77646990625 0.7283886706730769 0.7819637355769231 0.7367333990384615 0.7943248461538462 0.7450781249999999 0.8146489206730769 0.7568994134615384 0.8198688269230769 0.7638476562500001 0.8363503076923077 0.7697607427884615 0.8399189807692308 0.7624609375 0.8410185192307692 0.7443798822115385 0.8322299375 0.7377783197115384 0.8187692908653846 0.7266552740384615 0.8097067908653847 0.7200488293269232 0.8022916658653846 0.70857421875 0.7915779326923077 0.7123974615384616
0 0.7029513894230769 0.471328125 0.70928240625 0.47783691346153845 0.7247067908653846 0.4843408197115385 0.7286612644230769 0.48384277403846154 0.7322222211538462 0.4728271490384615 0.7322222211538462 0.4653222644230769 0.7318248461538462 0.45630859375 0.7262885793269231 0.4543066394230769 0.7140277788461538 0.45681152403846154 0.703348764423077 0.46381835817307693 0.7029513894230769 0.471328125
0 0 0.55837890625 0.015200617788461539 0.5648876947115384 0.02271605048076923 0.544365233173077 0.031813271634615385 0.5318505865384615 0.04645061778846154 0.5183349615384615 0.057523149038461535 0.4948046875 0.06899305528846154 0.4912988293269231 0.07215663461538462 0.46477050721153845 0.06385416586538462 0.4537548822115385 0.05000771634615385 0.44474609375 0.02667052403846154 0.4297265625 0.014807098557692308 0.42572265625 0.004918980769230769 0.4222167980769231 0 0.43923828125000003 0 0.5128271490384615 0 0.55837890625
0 0.19991512259615385 0.4537548822115385 0.20426697596153845 0.4362353509615385 0.2050578701923077 0.41671386778846153 0.20070601923076922 0.3941845697115385 0.19675154326923078 0.3826708990384615 0.19239969230769233 0.3791699230769231 0.18132716105769228 0.3671533197115385 0.16945987740384616 0.35964355528846154 0.16273533894230768 0.35914550721153843 0.15917438221153846 0.35914550721153843 0.15244984615384616 0.36765624999999996 0.14295910576923077 0.37015625 0.13584105048076925 0.383671875 0.1354436730769231 0.4097021490384615 0.14691357932692306 0.4287255865384615 0.16827160576923078 0.45425781249999997 0.17736882692307693 0.4677734375 0.19200617307692308 0.47077636778846155 0.19596064903846155 0.46376953125 0.19991512259615385 0.4537548822115385
0 0.6716280865384616 0.897861326923077 0.7058796298076923 0.8918847668269231 0.75076003125 0.9083251947115384 0.7602083341346154 0.9352343750000001 0.8523302475961538 0.9726025384615385 0.9243750000000001 0.9726025384615385 0.9881520072115385 0.9726025384615385 0.9834259254807692 0.9427050793269232 0.9775231490384615 0.9322412115384615 0.9420910504807692 0.9023486322115384 0.9243750000000001 0.8844091802884615 0.8924845673076922 0.8589990240384615 0.8511496923076923 0.8261132812499999 0.8062692908653847 0.7737988269230769 0.7885532403846154 0.7588476562500001 0.7472183653846154 0.7334375000000001 0.6976118822115385 0.7334375000000001 0.6550964495192309 0.7349316394230769 0.5984027788461538 0.7528710937499999 0.5617901225961538 0.7603466802884615 0.5476195985576923 0.7693115240384615 0.5476195985576923 0.8560107427884615 0.5783256177884616 0.9023486322115384 0.6350154326923078 0.9277587884615385 0.6550964495192309 0.9367285144230769 0.6716280865384616 0.897861326923077
0 0.3904629639423077 0.9993066418269231 0.44209105048076924 1 0.4427507716346154 0.9926074230769231 0.4405864206730769 0.98046875 0.4405864206730769 0.96923828125 0.4486882716346154 0.96044921875 0.46724151201923075 0.9557470697115384 0.46103394951923077 0.93994140625 0.44830246875 0.93310546875 0.43711419711538463 0.92529296875 0.423611110576923 0.9189453125 0.4112654326923077 0.92041015625 0.3973765432692308 0.95166015625 0.3805362644230769 0.97333984375 0.3811959879807692 0.9934423822115386 0.3904629639423077 0.9993066418269231
0 0.1353086418269231 0.23966308653846152 0.14303240625 0.24036132932692308 0.14634259375 0.24036132932692308 0.1474421298076923 0.24733886778846154 0.15240740625 0.2375683605769231 0.15571759375 0.22709472596153846 0.15737268509615385 0.22011718749999998 0.15902777884615385 0.21243652403846153 0.15902777884615385 0.20545898317307693 0.15792438221153848 0.19777831971153845 0.15682098798076924 0.19358886778846152 0.15075231490384616 0.18591308653846153 0.14579089423076924 0.1838183581730769 0.12538194471153846 0.17823242307692308 0.11324845673076923 0.17753418028846155 0.10717978365384616 0.17893066346153846 0.09504629567307693 0.18102538942307692 0.10055941346153846 0.19777831971153845 0.10773148076923077 0.2187207043269231 0.11876157451923076 0.23198242307692307 0.1353086418269231 0.23966308653846152
0 0.25334490625 0.5454199230769231 0.2599614206730769 0.5489111322115384 0.27700617307692305 0.546875 0.28974922836538464 0.5454199230769231 0.29526234615384617 0.5440234375 0.2958140432692308 0.5349462884615385 0.2941589495192308 0.5237792980769231 0.2901234567307692 0.5166015625 0.28588734615384614 0.4986474615384615 0.2765084879807692 0.4784033197115385 0.2577584879807692 0.4581591802884616 0.25334490625 0.4574609375 0.2434182091346154 0.45676269471153846 0.22687114182692308 0.4483886706730769 0.22245756249999998 0.44629394471153844 0.2119753076923077 0.44280273557692307 0.20535879567307694 0.44280273557692307 0.19929012259615383 0.4574609375 0.19542824038461537 0.46653808653846157 0.19322530769230767 0.48049804567307697 0.21032407451923077 0.4895751947115385 0.21804398076923076 0.5014404302884615 0.23842592548076924 0.517578125 0.25334490625 0.5454199230769231
0 0.4887345673076923 0.4384375 0.4920254639423077 0.4285498052884616 0.49366898076923077 0.4176171875 0.4916126538461538 0.40564453125 0.48750000000000004 0.39627441346153847 0.4813310192307692 0.39262695432692307 0.4763966057692308 0.39210937500000004 0.46981481490384613 0.3915869134615385 0.46775848798076924 0.3900244134615385 0.46158950721153846 0.4019970697115385 0.4595331778846154 0.40876464903846155 0.46611111057692306 0.4191796875 0.4648804014423077 0.43115234375 0.4558294759615385 0.43115234375 0.4517168221153846 0.4358349615384615 0.4504822524038462 0.45770019471153844 0.4566512355769231 0.46967285096153844 0.4718711418269231 0.4837255865384616 0.4838001538461538 0.48008300721153846 0.4912037043269231 0.4727978509615385 0.49613811778846156 0.45821777403846153 0.49613811778846156 0.4467675769230769 0.4887345673076923 0.4384375
0 0.9025578701923076 0.44443847596153846 0.8968634254807692 0.4610205072115384 0.894016204326923 0.4689501947115385 0.9019907403846154 0.49850586057692303 0.9071141971153847 0.5078759759615384 0.9259104927884615 0.5143603509615384 0.9361612644230769 0.5158056634615384 0.9373032403846153 0.5165234375 0.9412885793269231 0.5129199206730769 0.938441358173077 0.4732714831730769 0.9304668221153847 0.45957519471153846 0.9207831778846154 0.4429980456730769 0.9128125 0.4401123052884615 0.9025578701923076 0.44443847596153846
0 0.79017746875 0.568798829326923 0.7837692908653846 0.5751708990384615 0.7727816346153846 0.584150389423077 0.7670601850961538 0.5957373052884616 0.7711805552884615 0.6122509759615384 0.7814776225961538 0.6209423822115384 0.7945254639423076 0.6148583990384615 0.8087191346153847 0.6047216802884615 0.8151273149038462 0.58849609375 0.8043672836538461 0.56763671875 0.7995601850961538 0.565029298076923 0.79017746875 0.568798829326923
0 0.7141203701923077 0.35048339903846154 0.7233487644230769 0.3604931634615385 0.7480709879807693 0.3688378918269231 0.7612538581730769 0.37384277403846156 0.7638927475961539 0.36258300721153847 0.7605941346153846 0.34172363221153845 0.7470794759615385 0.32503906250000003 0.7451041658653845 0.32545410096153843 0.7385108028846153 0.31836425721153844 0.7279629639423076 0.3208642572115385 0.7177469134615385 0.32670410096153846 0.7141203701923077 0.35048339903846154
0 0.8113271610576922 0.3366650384615385 0.8065817908653846 0.32265136778846154 0.8057908942307692 0.3221484375 0.7962962956730769 0.32565429807692303 0.7899691346153846 0.33566406249999997 0.7832445985576922 0.3466796875 0.7784992283653847 0.3526855456730769 0.7745447524038462 0.3581933605769231 0.7871990745192308 0.3737109375 0.7939236105769231 0.3652001947115385 0.8125154326923076 0.36019531250000003 0.8152854927884616 0.3521875 0.8113271610576922 0.3366650384615385
0 0.26555555528846153 0.4713378894230769 0.2673611105769231 0.4736328125 0.2692592596153846 0.47654296874999996 0.29516975240384613 0.5056982427884615 0.3050424375 0.48591308653846155 0.30915509375 0.4791455072115385 0.3124459879807692 0.4755029302884616 0.31409336538461535 0.4676953125 0.31121142067307694 0.45676269471153846 0.3033989206730769 0.44843261778846155 0.28612268509615385 0.4380224615384615 0.2815972211538461 0.42761230528846156 0.2766628076923077 0.4198046875 0.27419367307692305 0.4166796875 0.26185570913461537 0.40887206971153844 0.25815200721153847 0.4083496081730769 0.2482831778846154 0.41355468749999996 0.24499228365384618 0.42656738221153845 0.23676311778846154 0.4359375 0.2318287043269231 0.44218749999999996 0.25733024759615386 0.46040527403846154 0.2622646610576923 0.46561035096153847 0.2638888894230769 0.46923828125 0.26555555528846153 0.4713378894230769
0 0.8918325625 0.53580078125 0.8871643509615385 0.542060548076923 0.8855169759615384 0.5608300769230768 0.8868904326923077 0.5650048822115384 0.8937577163461538 0.5653515625 0.912986110576923 0.5608300769230768 0.9110609567307691 0.5517919927884616 0.9083140432692307 0.5389306634615385 0.9017245360576923 0.534755860576923 0.8918325625 0.53580078125
0 0.5637847211538461 0.9997509759615385 0.5679205240384616 0.997421875 0.5715972211538461 0.9747363293269231 0.5683796298076923 0.9654248052884615 0.5660802475961538 0.954375 0.5582677475961538 0.9357568365384614 0.5520833341346154 0.91748046875 0.5311496923076923 0.9130712884615384 0.5164429014423078 0.9171435552884616 0.5081674374999999 0.9276171875 0.4810493822115385 0.9421582043269231 0.4759915120192308 0.959609375 0.4815084879807693 0.9822949206730769 0.4838078701923077 0.9962597644230768 0.49759644951923077 1 0.5072492283653847 0.9991650384615384 0.5637847211538461 0.9997509759615385
0 0.9758834879807693 0.7429931634615384 0.9714891971153846 0.730126951923077 0.9654475312499999 0.7169189447115384 0.9566589495192308 0.7037109374999999 0.9484182091346154 0.6967578125 0.9451195985576923 0.6967578125 0.9366049375000001 0.7026660144230769 0.9308371923076924 0.7130957019230769 0.9264429014423077 0.7203955072115384 0.9256211418269231 0.7283886706730769 0.9250694447115385 0.7402099615384615 0.9338580240384615 0.7454248052884616 0.9456712956730768 0.7513330072115385 0.9712152788461539 0.7495947259615385 0.9758834879807693 0.7429931634615384
0 0.33043981490384616 0.89978515625 0.3355825625 0.9057958990384616 0.3415162043269231 0.8917773437500001 0.3510069447115385 0.8697509759615384 0.3521952163461538 0.85123046875 0.34744984615384616 0.8312060552884616 0.3423070985576923 0.828203125 0.32767361057692307 0.8211914062500001 0.3130362644230769 0.811181639423077 0.3015663581730769 0.8081787115384615 0.29721450721153847 0.8076757812500001 0.2904938269230769 0.811181639423077 0.2798109567307692 0.8236962884615384 0.2742746923076923 0.8387158197115384 0.27862654326923075 0.8522314447115384 0.29761188221153845 0.8587353509615384 0.31145447596153847 0.8812646490384615 0.33043981490384616 0.89978515625
0 0.08921682211538462 0.9238867187500001 0.09849922836538462 0.9266015625 0.10326003125 0.9266015625 0.11349537019230768 0.9118408197115385 0.11587577163461539 0.9100292956730769 0.12801311778846153 0.9015966802884615 0.13396605048076923 0.8928613293269231 0.13777392067307692 0.8826171875 0.14182098798076923 0.8796044927884614 0.13206018509615383 0.875087891826923 0.12396605048076922 0.875087891826923 0.11658950721153846 0.8781005865384616 0.11373070913461537 0.8832177740384615 0.10659336538461539 0.88623046875 0.10040123557692307 0.8943652355769232 0.09231095673076924 0.9046093749999999 0.08850308653846153 0.9190673822115384 0.08921682211538462 0.9238867187500001
0 0.31145447596153847 0.48879882692307697 0.30393904326923077 0.48529296875 0.2980054014423077 0.48279296875 0.29365740625 0.4832910144230769 0.29207561778846153 0.4993115240384615 0.2924691346153846 0.5248388677884616 0.2952391971153846 0.540361329326923 0.30987268509615384 0.5548779302884616 0.32134259374999996 0.5383544927884615 0.31936728365384615 0.540361329326923 0.32094907451923077 0.510322266826923 0.3177854927884616 0.4983105480769231 0.31145447596153847 0.48879882692307697
0 0.4364429014423077 0.9203125000000001 0.4392129639423077 0.91330078125 0.44237654326923076 0.9012890625 0.4352584879807692 0.8807617187500001 0.42418209855769234 0.8697509759615384 0.41192129567307695 0.8652441394230769 0.3976813269230769 0.8607421875000001 0.3822569447115385 0.85373046875 0.3723688269230769 0.8517285144230768 0.36366512259615386 0.85123046875 0.35417438221153846 0.8897753918269231 0.37513503125000003 0.91330078125 0.40084490625 0.9393310552884616 0.4040084879807692 0.9348291009615385 0.4364429014423077 0.9203125000000001
0 0.6139583341346154 0.3456787115384615 0.6103973774038461 0.3501855480769231 0.6123765432692307 0.3621972644230769 0.6230555552884615 0.3702050793269231 0.6278009254807693 0.3782177740384615 0.6305709879807692 0.37871581971153845 0.6365046298076924 0.3767138677884615 0.6372955240384616 0.3606982427884615 0.6317554014423077 0.35519043028846153 0.621473764423077 0.34267578125 0.6183101850961539 0.34267578125 0.6139583341346154 0.3456787115384615
0 0.1064429014423077 0.7379736322115384 0.1133371923076923 0.7181933605769231 0.11395833413461538 0.70080078125 0.11058256250000001 0.6972509759615384 0.09908950721153846 0.6966699206730769 0.08621913461538461 0.6960888677884616 0.06783564903846154 0.6960888677884616 0.05910107932692307 0.6960888677884616 0.043472221153846156 0.6984130865384616 0.0375 0.7077197259615384 0.02324845673076923 0.742626954326923 0.019571759615384616 0.7583300769230769 0.019112653846153845 0.7676416009615384 0.030605709134615387 0.7728759759615385 0.04623070913461538 0.7868359375 0.08300154326923076 0.77869140625 0.09403549278846154 0.76822265625 0.10092978365384615 0.7577490240384616 0.1064429014423077 0.7379736322115384