0 0.1277970673076923 0.6667138677884614 0.1333834879807692 0.6673876947115385 0.1405632716346154 0.6633496105769231 0.14854552403846155 0.661328125 0.15705632692307692 0.661328125 0.16583333413461537 0.661328125 0.17301697596153845 0.6599804687499999 0.18365355048076923 0.6552685552884616 0.18365355048076923 0.6508935552884616 0.18126157451923078 0.63978515625 0.17780478365384617 0.6364160168269231 0.17487654326923077 0.6306933605769232 0.17088734615384615 0.624296875 0.16583333413461537 0.6168896490384616 0.16024691346153846 0.6128515625 0.15492669711538462 0.6081396490384615 0.1501388894230769 0.60712890625 0.14641589423076923 0.60712890625 0.13923225240384615 0.6091503918269231 0.13763888942307692 0.6091503918269231 0.1256674375 0.61015625 0.12274305528846154 0.6108300769230769 0.11555941346153846 0.61587890625 0.11449845673076922 0.6205957043269231 0.11502700721153847 0.6317041009615385 0.11954861057692308 0.639111329326923 0.12221064903846154 0.651904295673077 0.1277970673076923 0.6667138677884614
0 0.5295717596153846 0.6161767572115384 0.52759259375 0.6086669927884615 0.5210030865384615 0.6011572259615384 0.5157291658653846 0.5994873052884615 0.5127623461538462 0.5999072259615384 0.5028742283653846 0.6069970697115384 0.49826003125 0.6203466802884615 0.49990740624999996 0.6291064447115384 0.5048495360576923 0.6361962884615384 0.5173765432692308 0.6470458990384615 0.5295717596153846 0.64037109375 0.530891204326923 0.6307763677884615 0.5295717596153846 0.6161767572115384
0 0.6007021610576924 0.7467480456730768 0.6043248461538462 0.747998048076923 0.6089429014423077 0.7513330072115385 0.6145447524038462 0.7567578125 0.6152044759615385 0.7567578125 0.6158641971153845 0.7530029302884615 0.6165239206730769 0.7500830072115385 0.6158641971153845 0.7429931634615384 0.6128973774038461 0.7375683605769231 0.6102584879807693 0.7350634759615384 0.6056442908653846 0.73005859375 0.6026774687500001 0.7279736322115385 0.6013618822115384 0.727138673076923 0.5937808653846154 0.7283886706730769 0.591473764423077 0.72880859375 0.5881751538461539 0.73005859375 0.5835609567307692 0.7367333990384615 0.5835609567307692 0.74048828125 0.5918016971153846 0.7442431634615385 0.5957561730769231 0.7454931634615385 0.6007021610576924 0.7467480456730768
0 0.5622916658653846 0.7372460937499999 0.5736033942307692 0.7389794927884614 0.5804591057692308 0.7394140625 0.584911264423077 0.7394140625 0.5876543221153846 0.72509765625 0.5886844134615384 0.7051416009615384 0.5897106490384615 0.6968994134615384 0.5873109567307693 0.6956005865384616 0.5825154326923078 0.691259766826923 0.5749729927884615 0.6851855480769231 0.5636612644230768 0.6747753918269231 0.5598919759615385 0.6760791009615384 0.5492669759615384 0.6747753918269231 0.5427546298076923 0.6747753918269231 0.5417245360576923 0.6747753918269231 0.5218441346153846 0.6773779302884615 0.5091628076923077 0.6977685552884616 0.5029938269230769 0.7029736322115384 0.5115625 0.713818360576923 0.5173881177884615 0.7237939447115385 0.5180748461538461 0.7446191418269231 0.530756173076923 0.7398486322115385 0.5372685192307692 0.7372460937499999 0.5506365745192308 0.7372460937499999 0.5622916658653846 0.7372460937499999
0 0.45287808653846157 0.5025683581730769 0.46001929086538457 0.5022216802884615 0.4635879639423077 0.4970068365384615 0.46331404326923076 0.4907470697115385 0.46084105048076923 0.48379394471153847 0.4545254639423077 0.46328613221153847 0.4501311730769231 0.46571777403846154 0.44161651201923074 0.46537109375 0.4355709879807692 0.46641113221153846 0.42980324038461537 0.4695410144230769 0.42486111057692305 0.4712792980769231 0.42348765384615383 0.4771875 0.4215625 0.4851855456730769 0.4243094134615385 0.49353027403846156 0.4265084879807692 0.49874511778846153 0.43419753125 0.5025683581730769 0.44518518509615385 0.5018701177884616 0.45287808653846157 0.5025683581730769
0 0.83853009375 0.7488574230769232 0.8435841057692308 0.7606396490384615 0.8552893509615385 0.760302733173077 0.8741743822115384 0.7518847668269231 0.8781635793269231 0.7488574230769232 0.8816242283653846 0.7421240240384616 0.8818904326923077 0.7350537115384616 0.8869444447115384 0.7283203125 0.8880054014423078 0.7212500000000001 0.8885378076923077 0.709130858173077 0.8858796298076924 0.7020654302884615 0.88321759375 0.6949951177884616 0.8792283942307692 0.6862402331730769 0.8763040120192307 0.67984375 0.8728433653846154 0.680517579326923 0.8645987644230769 0.6865771490384615 0.8552893509615385 0.6879248052884616 0.8513001538461539 0.6892724615384616 0.8470447524038461 0.69701171875 0.83959490625 0.7165380865384615 0.8353395072115385 0.7263037115384615 0.8313503076923077 0.739765625 0.83853009375 0.7488574230769232
0 0.2954320985576923 0.34142578125 0.30615740625 0.3181591802884615 0.31994598798076923 0.30749023317307694 0.3459915120192308 0.29052734375 0.34790894951923074 0.28276855528846156 0.3448418221153846 0.27258789182692306 0.3410108028846154 0.26434570192307694 0.33909722115384616 0.25755859375 0.3256905865384615 0.24932128846153848 0.32415894951923074 0.2483496105769231 0.3233950625 0.24350097596153847 0.3222453701923077 0.23574706971153844 0.3218595673076923 0.23525878846153844 0.3015586418269231 0.2318652355769231 0.2912191346153846 0.2318652355769231 0.28049382692307695 0.24737793028846153 0.27436342548076925 0.26386230528846155 0.2747492283653846 0.3060400384615385 0.27130015384615386 0.34821288942307693 0.28585648076923076 0.34966796875 0.2954320985576923 0.34142578125
0 0.9147916658653846 1 0.9293479927884616 0.99853515625 0.9289660504807693 0.9893261706730769 0.9147376538461539 0.98095703125 0.9010030865384615 0.96072265625 0.8964081778846154 0.96072265625 0.8826195985576923 0.9602392572115386 0.8676813269230769 0.9602392572115386 0.8588695985576924 0.9621777355769231 0.8512114206730769 0.9723583990384616 0.8443171298076924 0.9810839855769231 0.8397183653846153 0.9912646490384615 0.8358873461538461 1 0.8611689807692307 1 0.8738078701923077 1 0.9147916658653846 1
0 0.35257330288461536 0.8122314447115385 0.3597993822115385 0.8139697259615384 0.3653009254807692 0.805263673076923 0.3653009254807692 0.7817578125 0.3653009254807692 0.7721777331730769 0.3597993822115385 0.7599853509615385 0.3546373461538461 0.7530224615384615 0.34569444471153843 0.7512792956730769 0.33640817788461536 0.7552001947115384 0.33021605048076924 0.7586816394230769 0.32539737740384617 0.7678222644230769 0.3240239206730769 0.7778369134615384 0.3216165120192308 0.7943798822115385 0.3240239206730769 0.8017822259615385 0.3395023149038462 0.8056982427884616 0.35257330288461536 0.8122314447115385
0 0.99392746875 0.6268945312499999 0.9842592596153845 0.6167968749999999 0.9846952163461539 0.5901855480769231 0.9804128076923077 0.5780859374999999 0.9754668221153846 0.5768359375000001 0.9639313269230769 0.5818408197115384 0.9606365745192308 0.5910205072115384 0.9579976850961539 0.6014501947115385 0.9566782403846154 0.6147998052884616 0.9589853389423078 0.6277294927884616 0.9659104927884615 0.6352392572115384 0.9790933653846154 0.646083985576923 0.9945833341346154 0.6439990240384615 0.9955748461538462 0.6352392572115384 0.99392746875 0.6268945312499999
0 0.7486959879807693 0.5594384759615385 0.7467168221153847 0.55443359375 0.7388078701923076 0.5510986322115385 0.7302391971153847 0.5452587884615384 0.7226581778846154 0.54150390625 0.7186998461538461 0.54150390625 0.7173842596153845 0.5419189447115385 0.7173842596153845 0.5565185552884615 0.7137577163461538 0.5623583990384615 0.7163927475961539 0.56611328125 0.7249652788461538 0.57654296875 0.7374884254807692 0.5719531250000001 0.7467168221153847 0.56611328125 0.7486959879807693 0.5594384759615385
0 0.9822839495192308 0.49992675721153845 0.9836419759615385 0.48774413942307693 0.9861304014423078 0.46933105528846153 0.9850308653846154 0.46724609375 0.9688271610576924 0.46238281249999996 0.9614081778846154 0.46029296875000003 0.9539930552884616 0.45681640625000003 0.9465779326923076 0.4543847668269231 0.9441049375 0.45333984374999997 0.9424575625 0.45716796875 0.9399845673076922 0.4599462884615385 0.936963735576923 0.46829101442307697 0.9364158942307692 0.47663574278846155 0.9435570985576922 0.48462890625 0.9528935192307693 0.4905371081730769 0.9578395072115384 0.4940136730769231 0.9608603389423076 0.4940136730769231 0.9721219134615384 0.4988818365384615 0.9822839495192308 0.49992675721153845
0 0.8220408942307693 0.48310058653846155 0.8157214495192308 0.4890087884615385 0.8113271610576922 0.4945703125 0.8168209879807692 0.5039599615384616 0.8239621923076924 0.511259764423077 0.8357716057692308 0.5175146490384616 0.8478587956730769 0.5216894543269232 0.8536265432692307 0.5244677740384616 0.86021990625 0.5209912115384616 0.8670871923076924 0.5192529302884615 0.8695601850961538 0.5157763677884616 0.8637885793269231 0.49909179567307693 0.8580208341346154 0.48935546875 0.84978009375 0.47892578125 0.8418171298076923 0.4771875 0.8220408942307693 0.48310058653846155
0 0.8419251538461539 0.6862597644230769 0.8375308653846154 0.6859082019230769 0.8279166658653847 0.6883447259615385 0.8207754639423077 0.6907763677884616 0.8141975312499999 0.695654298076923 0.8086921298076923 0.7053759759615384 0.8111612644230769 0.717197264423077 0.8194020072115384 0.7279736322115385 0.82709490625 0.7422265625000001 0.8465972211538462 0.6925146490384615 0.8443981490384616 0.6883447259615385 0.8419251538461539 0.6862597644230769
0 0.25383487740384614 0.48608398557692306 0.2603472211538462 0.48559570192307694 0.26570987740384616 0.48414550721153843 0.26915509375 0.48269043028846154 0.27604938221153846 0.4807519543269231 0.2817978389423077 0.47347656250000003 0.28332947596153846 0.46911621153846156 0.2886921298076923 0.45796386778846154 0.29060570913461536 0.44778320192307697 0.29290509375 0.4346972644230769 0.28907407451923073 0.4293652355769231 0.2817978389423077 0.4245166009615385 0.2726041658653846 0.42015136778846157 0.26379243750000003 0.41870117307692306 0.2572839495192308 0.42306152403846153 0.2431095673076923 0.4327587884615385 0.24081018509615384 0.44681640625 0.24617283894230768 0.47687011778846156 0.24694058653846154 0.48269043028846154 0.24809027884615384 0.48705078125 0.25383487740384614 0.48608398557692306
0 0.5440586418269231 0.5079589831730769 0.5365509254807692 0.49595703125 0.5223148149038461 0.4954541009615384 0.5084683653846154 0.4999609375 0.501743826923077 0.50947265625 0.49897762259615386 0.5269921875 0.5053047836538462 0.5350048822115384 0.518753858173077 0.5319970697115385 0.5456481490384616 0.5254931634615384 0.5543518509615384 0.51748046875 0.5440586418269231 0.5079589831730769
0 0.37676697596153846 0.35894043028846156 0.3721913581730769 0.36125976682692307 0.3708179014423077 0.36415527403846154 0.36623842548076924 0.3748730480769231 0.36623842548076924 0.3763232427884615 0.36646990625 0.3800878894230769 0.37059027884615386 0.38298828125 0.3721913581730769 0.3832763677884615 0.38065972115384616 0.3873339831730769 0.38569444471153846 0.38820312500000004 0.3925617283653846 0.3832763677884615 0.39439429086538463 0.3763232427884615 0.3898148149038461 0.36212890625 0.3877546298076923 0.35894043028846156 0.37676697596153846 0.35894043028846156
0 0.8701080240384615 0.4507714855769231 0.8624151225961539 0.45146484374999996 0.8593942908653845 0.4667626947115385 0.8615933653846154 0.4876171875 0.8657137355769231 0.4970068365384615 0.8753279326923077 0.5063916009615385 0.8794483028846154 0.507783204326923 0.8959259254807692 0.4883154302884615 0.8871373461538461 0.48066406250000004 0.8830169759615385 0.4698876947115384 0.8739544759615385 0.45146484374999996 0.8701080240384615 0.4507714855769231
0 0.9319097211538462 0.5013623052884616 0.925266204326923 0.5001611322115385 0.9143479927884616 0.4905517572115385 0.9058063269230769 0.4863427740384615 0.891566358173077 0.49295410096153847 0.8882445985576923 0.504365235576923 0.896786264423077 0.512177735576923 0.9077044759615384 0.5169824206730769 0.9181442908653845 0.5205859375 0.93665509375 0.5217871081730769 0.9385532403846154 0.50556640625 0.9352314807692307 0.5037646490384615 0.9319097211538462 0.5013623052884616
0 0.6448726850961539 0.5095214855769231 0.6393788581730769 0.5251611322115385 0.6388310192307693 0.5408056634615385 0.6434992283653845 0.5442822259615384 0.6509182091346154 0.5432421875 0.6575077163461539 0.5289892572115384 0.66053240625 0.5157763677884616 0.6550385793269231 0.5011767572115384 0.6522916658653847 0.5018701177884616 0.6448726850961539 0.5095214855769231
0 0.6719058653846154 0.5310546875 0.6692901225961538 0.540390625 0.6678626538461538 0.5482275384615385 0.676431326923077 0.5418994134615385 0.68928240625 0.5443066418269231 0.6952353389423076 0.5473193365384615 0.7016628076923077 0.5458154302884616 0.7073726850961539 0.5388867187499999 0.7135609567307692 0.5358740240384615 0.7183217596153846 0.5259326177884616 0.7228472211538463 0.5226171875 0.7283217596153846 0.5171972668269231 0.7297492283653846 0.5057470697115385 0.7297492283653846 0.4955078125 0.7297492283653846 0.4900830072115384 0.7287962956730769 0.4810449230769231 0.7240354927884615 0.47411621153846156 0.7176080240384616 0.47140624999999997 0.7133256177884615 0.47140624999999997 0.6969020072115384 0.475625 0.6923765432692307 0.48074218750000003 0.6809529326923076 0.4985205072115385 0.6788117283653846 0.5099658197115384 0.6738117283653846 0.5193066418269231 0.6719058653846154 0.5310546875
0 0.48528935096153847 0.38715331971153844 0.47732253124999996 0.39619140625000004 0.47814814903846153 0.4045361322115385 0.48638503125 0.4090527355769231 0.49270447596153844 0.40939941346153846 0.5116550937500001 0.3941064447115385 0.5108333341346154 0.3864550769230769 0.5023186730769231 0.380546875 0.4970987644230769 0.3829785168269231 0.48528935096153847 0.38715331971153844
0 0.4843904326923077 0.5561767572115385 0.4815316346153846 0.5603955072115384 0.4803433653846154 0.573046875 0.4810570985576923 0.579677735576923 0.48795910576923074 0.581484375 0.4949845673076923 0.57666015625 0.5019290120192308 0.576171875 0.5103356490384615 0.5760595697115385 0.5110493822115385 0.5751562499999999 0.5124768509615385 0.5721435552884615 0.5112847211538462 0.5649169927884615 0.511523920673077 0.55798828125 0.5084297836538462 0.5567822259615385 0.49771990625 0.5552734375 0.49271990625 0.5549755865384616 0.4843904326923077 0.5561767572115385
0 0.27505015384615383 0.5349658197115384 0.27505015384615383 0.5304492187500001 0.2723070985576923 0.51654296875 0.2668132716346154 0.5123681634615385 0.26296682211538464 0.5123681634615385 0.25664737740384613 0.5116748052884615 0.255 0.5109814447115385 0.2508796298076923 0.513759766826923 0.24429012259615385 0.51654296875 0.23742283894230767 0.5210595697115384 0.23275077163461538 0.525927733173077 0.23247685096153844 0.5300976562499999 0.23687114182692307 0.53740234375 0.23934413461538462 0.54087890625 0.2412654326923077 0.5460888677884616 0.26296682211538464 0.54052734375 0.2703819447115384 0.5363574206730769 0.27505015384615383 0.5349658197115384
0 0.3535185192307692 0.5271728509615385 0.3543171298076923 0.5335693365384615 0.3564429014423077 0.5366015625 0.3551157403846154 0.5443408197115385 0.35591435096153845 0.5453515625 0.3596373461538462 0.5527587884615385 0.3638927475961538 0.5517480456730769 0.36548996875 0.54939453125 0.3697453701923077 0.548046875 0.3734683653846154 0.548046875 0.38038580288461543 0.5487207019230769 0.3841087956730769 0.5460253894230769 0.3878317908653846 0.5443408197115385 0.3928858028846154 0.5389550769230769 0.39261959855769235 0.5318847644230769 0.39102237740384616 0.52111328125 0.3896952163461539 0.5177490240384615 0.38703317788461533 0.5106787115384616 0.3817129639423077 0.5056298822115385 0.3758603389423077 0.50125 0.3692129639423077 0.4931738293269231 0.3595679014423077 0.49560546875 0.35609567788461544 0.4990234375 0.35416666586538464 0.5048828125 0.3535185192307692 0.5137060552884616 0.3540509254807693 0.5234716802884616 0.3535185192307692 0.5271728509615385
0 1 0.7985644519230769 0.9996141971153846 0.78515625 0.9918981490384616 0.7890625 0.9822530865384616 0.78515625 0.965277778846154 0.78173828125 0.9506172836538462 0.7744140625 0.9336419759615384 0.76953125 0.9231635793269231 0.764208983173077 0.9113155865384616 0.7673339855769231 0.9039120360576922 0.7704541009615385 0.89798996875 0.7754541009615384 0.8955208341346155 0.7816992187499999 0.8955208341346155 0.7904443365384615 0.8955208341346155 0.7973193365384615 0.8939043221153846 0.8154296875 0.9008487644230769 0.84130859375 0.9162808653846154 0.8642578125 0.9274691346153846 0.87109375 0.9467592596153847 0.87646484375 0.9602623461538461 0.87109375 0.9787808653846154 0.8583984375 1 0.8486328125 1 0.82373046875 1 0.7985644519230769
0 0.5630902788461538 0.29086425721153847 0.5587422836538462 0.28767578125 0.5541628076923076 0.2885449230769231 0.546381173076923 0.29144043028846156 0.5369945985576924 0.29317871153846153 0.5347067908653846 0.29926269471153844 0.5358526225961538 0.30505859375 0.5381404326923077 0.3082470697115385 0.54478009375 0.31085449278846156 0.5486689807692308 0.3105615240384615 0.5564506177884615 0.30737793028846155 0.5594290120192308 0.30534668028846157 0.5669791658653847 0.2986865240384616 0.5646913581730769 0.29347168028846154 0.5630902788461538 0.29086425721153847
0 0.5373418221153846 0.5274951177884616 0.5337847211538461 0.5269921875 0.5231057091346154 0.5299951177884615 0.5128202163461538 0.546015625 0.5140084879807693 0.55552734375 0.5140817908653846 0.5779296875 0.5309799374999999 0.58486328125 0.5544753076923077 0.5888671875 0.5618672836538462 0.5660400384615385 0.5618672836538462 0.546015625 0.5401118822115385 0.5284960937500001 0.5393209879807692 0.5274951177884616 0.5373418221153846 0.5274951177884616
0 1 0.6809765624999999 0.9974112644230769 0.6569482427884614 0.9912422836538461 0.66357421875 0.9708294759615386 0.6875830072115385 0.9751003076923077 0.6989990240384615 0.9684567908653846 0.7044042956730769 0.977951389423077 0.7116113293269231 0.99361496875 0.7134130865384616 1 0.7056054687500001 1 0.6809765624999999
0 0.16497299278846153 0.6911425769230769 0.1645871923076923 0.7066552740384615 0.17876157451923075 0.7027783197115384 0.18373842548076924 0.6998681634615385 0.18948688221153848 0.6988964831730768 0.19867669711538463 0.6988964831730768 0.20365740625 0.6882324230769231 0.2078703701923077 0.6804785144230769 0.21706404326923076 0.6722363269230769 0.22893904326923076 0.6635107427884616 0.23200231490384615 0.65720703125 0.23238425961538461 0.6504199206730769 0.23238425961538461 0.642177735576923 0.23008873557692308 0.63830078125 0.22472607932692307 0.6363623052884615 0.21897762259615383 0.6373339855769231 0.2120833341346154 0.63830078125 0.20135802403846154 0.6407275384615385 0.19255015384615384 0.6436328125 0.1883371923076923 0.6455712884615384 0.1841242283653846 0.6533300769230769 0.18029320913461538 0.6606005865384615 0.1733989206730769 0.6756298822115384 0.16497299278846153 0.6911425769230769
0 0.11749228365384615 0.549970701923077 0.11551697596153845 0.5462158197115385 0.11024305528846154 0.5407910168269231 0.10200231490384616 0.545380860576923 0.08650848798076922 0.55748046875 0.08156635817307692 0.5641552740384616 0.0746450625 0.5812597668269232 0.07761188221153846 0.5858447259615385 0.10397762259615385 0.5933544927884615 0.10958333413461538 0.5804248052884615 0.11320987740384615 0.573330079326923 0.11716435096153846 0.55998046875 0.11749228365384615 0.549970701923077
0 0.07561728365384615 0.597119141826923 0.07199074038461538 0.6025390625 0.0627700625 0.6066894519230769 0.056844134615384616 0.6154638677884615 0.05981095673076923 0.6283984375 0.06508487740384615 0.6384082019230769 0.07530478365384616 0.6321533197115384 0.07991898076923078 0.6267285168269231 0.10101080288461538 0.6154638677884615 0.0898070985576923 0.5975292980769231 0.08486111057692308 0.59251953125 0.07561728365384615 0.597119141826923
0 0.770536264423077 0.7149365240384615 0.7807021610576924 0.7090283197115385 0.8002044759615384 0.70068359375 0.8073456778846153 0.6888671875000001 0.818881173076923 0.6760009759615385 0.8164081778846154 0.6544482427884616 0.81009259375 0.6457568365384615 0.8048726850961538 0.639501954326923 0.7941589495192307 0.6262890624999999 0.7886651225961538 0.6231640625 0.7798765432692308 0.6200341802884615 0.7699884254807692 0.6120361322115385 0.7642206778846153 0.6082128894230769 0.7617476850961539 0.60056640625 0.7441705240384615 0.599521483173077 0.7323572524038462 0.6026513677884615 0.7271412043269231 0.609951173076923 0.7243942908653846 0.61794921875 0.721921295673077 0.6301123052884615 0.7213695985576922 0.64193359375 0.7224691346153846 0.6579248052884614 0.7221952163461538 0.6669628918269231 0.7282368822115385 0.6933837884615385 0.7290625000000001 0.7027685552884615 0.7340046298076923 0.7236279302884616 0.7537847211538462 0.7267578125 0.7601003076923077 0.720849608173077 0.770536264423077 0.7149365240384615
0 0.4748765432692308 0.338984375 0.4891936730769231 0.33021484375 0.4896527788461539 0.3243701177884616 0.48903935096153844 0.3196972668269231 0.48765432211538456 0.31462890625 0.48272762259615387 0.3093701177884615 0.4793402788461538 0.30527831971153846 0.4751851850961539 0.30625488221153846 0.47349151201923073 0.3080078125 0.46797839423076926 0.3154296875 0.4673341057692308 0.3214501947115384 0.466871141826923 0.33099609375 0.4682561730769231 0.3364501947115385 0.4701041658653846 0.3387890625 0.4748765432692308 0.338984375
0 0.9163618822115385 0.6129052740384615 0.9144405865384615 0.6066503918269232 0.9083989206730769 0.6010888677884615 0.9056520072115385 0.5983056634615385 0.8987847211538462 0.5934375000000001 0.8963117283653846 0.5913525384615385 0.8946643509615384 0.5913525384615385 0.8891705240384616 0.5923974615384615 0.8850501538461538 0.596220701923077 0.8836766971153847 0.6028271490384616 0.8839506177884615 0.6115136730769231 0.8877970673076923 0.61951171875 0.8932908942307692 0.6261181634615384 0.9116936730769231 0.6243798822115385 0.9160879639423077 0.620556641826923 0.9163618822115385 0.6129052740384615
0 0 0.6129638677884615 0.0037770072115384614 0.61337890625 0.027507716346153847 0.6083740240384615 0.03970679086538462 0.594189454326923 0.04332947596153846 0.5854296875 0.049263117788461534 0.5716650384615385 0.04464892067307692 0.5633203125 0.039047067307692314 0.55873046875 0.03245370432692308 0.5553955072115385 0.022299382211538463 0.56357421875 0.011689814903846154 0.5683251947115384 0.006084105769230769 0.5816748052884615 0 0.597109375 0 0.6129638677884615
0 0.9375617283653847 0.33344726442307693 0.9467206778846153 0.33431640625000003 0.9480941346153846 0.3317089855769231 0.94763503125 0.32244140625 0.9469483028846154 0.3180957019230769 0.9430555552884615 0.3091162115384615 0.9398533942307693 0.30766601682692307 0.9329861105769232 0.30679687499999997 0.9270331778846154 0.3146191418269231 0.9235995360576923 0.32041015625 0.9235995360576923 0.32765625000000004 0.9311535504807692 0.33431640625000003 0.9375617283653847 0.33344726442307693
0 0.19440200721153847 0.6162158197115384 0.19759259375000002 0.619921875 0.21168981490384614 0.61587890625 0.2194058653846154 0.61587890625 0.22472607932692307 0.61857421875 0.22791666586538462 0.6290087884615385 0.2343016971153846 0.6030859375 0.24068287019230766 0.59568359375 0.2502584879807692 0.5919775384615384 0.2606327163461538 0.587265625 0.27127314903846156 0.5761572259615385 0.2779243822115384 0.5616796875 0.2768595673076923 0.5509082019230769 0.27180555528846156 0.5512451177884615 0.2672839495192308 0.5515820312499999 0.2574421298076923 0.5519189447115385 0.2539853389423077 0.5498974615384615 0.24946373557692308 0.5498974615384615 0.24121527884615385 0.5485498052884615 0.2321720673076923 0.54888671875 0.22233024759615386 0.5458593749999999 0.22073302403846154 0.5458593749999999 0.2114236105769231 0.5435009759615385 0.20610339423076923 0.5435009759615385 0.198125 0.5435009759615385 0.18163194471153846 0.5435009759615385 0.17684413461538462 0.5478759759615385 0.1752507716346154 0.5515820312499999 0.18003857932692308 0.573798829326923 0.1829629639423077 0.59298828125 0.18854938221153847 0.6037597644230769 0.19440200721153847 0.6162158197115384
0 0.6138117283653846 0.38330078125 0.6168981490384616 0.3896484375 0.618441358173077 0.39794921875 0.6253858028846154 0.40283203125 0.6296296298076923 0.392578125 0.6535493822115386 0.39306640625 0.6579205240384615 0.3852783197115385 0.6600501538461538 0.37820800721153847 0.6627083341346154 0.3731591802884615 0.6603163581730769 0.3701269543269231 0.6552623461538462 0.36474121153846156 0.6552623461538462 0.36204589903846157 0.6552623461538462 0.3573339831730769 0.6531327163461539 0.3536328125 0.6523379639423077 0.3475732427884616 0.6454205240384615 0.34925293028846155 0.634513889423077 0.35228515625 0.6214814807692307 0.36137695432692307 0.6118827163461538 0.37255859375 0.6138117283653846 0.38330078125
0 0.005424382211538462 0.666357423076923 0 0.6851318365384615 0.0021296298076923076 0.68888671875 0.007403550480769231 0.68763671875 0.017951389423076922 0.6859667980769231 0.026851850961538463 0.6826269519230769 0.033441358173076925 0.6763720697115385 0.03311342548076923 0.6676123052884615 0.0281674375 0.6542626947115384 0.01761959855769231 0.6584326177884615 0.005424382211538462 0.666357423076923
0 0.7871682091346154 0.4348925769230769 0.7775154326923077 0.43314453125 0.7637268509615385 0.43314453125 0.7540740745192308 0.43314453125 0.7412037043269231 0.4366357427884615 0.7264969134615384 0.4418701177884615 0.7214390432692308 0.45001464903846156 0.7173032403846153 0.4628125 0.7200617283653846 0.46746581971153844 0.7223572524038461 0.4744482427884616 0.7347685192307692 0.4907373052884615 0.739826389423077 0.49597168028846156 0.7503973774038462 0.5012060552884615 0.7586689807692307 0.5041162115384615 0.7683217596153846 0.49597168028846156 0.7742978389423077 0.49655273557692303 0.7752160504807691 0.505859375 0.7784336418269231 0.5070263677884616 0.7857870360576923 0.4971337884615385 0.7945216057692307 0.4907373052884615 0.8023341057692307 0.4802636730769231 0.809691358173077 0.4668847668269231 0.8096875 0.4535058581730769 0.8014158942307692 0.44536132932692307 0.7991165120192308 0.43605468750000004 0.7871682091346154 0.4348925769230769
0 0.8658217596153845 0.6723535168269231 0.8608796298076923 0.66609375 0.8575810192307693 0.6563623052884615 0.8553858028846153 0.649755860576923 0.8515393509615384 0.64384765625 0.849066358173077 0.6414111322115384 0.8446720673076923 0.6396728509615385 0.8394521610576924 0.6407177740384615 0.82709490625 0.6466259759615384 0.8194020072115384 0.65427734375 0.8194020072115384 0.6692236322115386 0.8227006177884615 0.6803466802884616 0.8314891971153846 0.6831298822115385 0.8421990745192307 0.687646483173077 0.8529128076923077 0.68869140625 0.865273920673077 0.6810449206730769 0.8677469134615384 0.6779150384615384 0.8658217596153845 0.6723535168269231
0 0.47675154326923075 0.7560693365384614 0.48672839423076925 0.7499755865384615 0.49945601923076927 0.74736328125 0.5046141971153847 0.7312548822115384 0.5063348774038462 0.7177587884615384 0.5049575625 0.7016503918269231 0.49773533894230765 0.6990380865384616 0.4860416658653846 0.700341795673077 0.4843209879807692 0.7046972668269231 0.47503472115384615 0.70861328125 0.4740007716346154 0.7312548822115384 0.46884259375000004 0.7430078125 0.4681520072115385 0.7538916009615384 0.47675154326923075 0.7560693365384614
0 0.3526195985576923 0.5634033197115385 0.3468518509615385 0.5627099615384615 0.3397106490384615 0.5634033197115385 0.33641589423076923 0.568271483173077 0.33394290144230765 0.5821777331730769 0.3350424375 0.58982421875 0.3361381177884616 0.5946923822115384 0.3473996923076923 0.59677734375 0.3564660504807692 0.5981689447115385 0.35838734615384615 0.5981689447115385 0.36113425961538465 0.598515625 0.37294753125 0.588779295673077 0.37432098798076924 0.5797412115384616 0.37432098798076924 0.5714013677884615 0.36415509375 0.5644482427884616 0.3526195985576923 0.5634033197115385
0 0.6283950625 0.41669921875000004 0.6152083341346154 0.4267822259615385 0.6036728389423077 0.4420800793269231 0.6116396610576923 0.46015625000000004 0.6261959879807691 0.46571777403846154 0.6352623461538461 0.46571777403846154 0.6385570985576923 0.45598632932692307 0.6520138894230769 0.4389501947115385 0.6572337956730769 0.42608886778846156 0.6478973774038461 0.41669921875000004 0.6369097211538463 0.4149609375 0.6283950625 0.41669921875000004
0 0.18298996875 0.637158204326923 0.18538580288461537 0.64220703125 0.1907021610576923 0.6445654302884616 0.20160879567307693 0.6415332043269231 0.2085262355769231 0.6411962884615385 0.22049382692307692 0.63783203125 0.22528163461538464 0.63783203125 0.22874228365384616 0.63783203125 0.22980324038461536 0.6358105456730769 0.22980324038461536 0.631435548076923 0.22900848798076925 0.6277294927884616 0.22767746875 0.624365235576923 0.22634644951923077 0.6220068365384616 0.22528163461538464 0.6199902331730769 0.2231558653846154 0.6183056634615384 0.21836805528846154 0.61662109375 0.21543981490384614 0.6162841802884615 0.2125154326923077 0.6162841802884615 0.2074614206730769 0.6162841802884615 0.20320601923076922 0.6189794927884615 0.19815200721153847 0.6209960937500001 0.1869791658653846 0.6240283197115384 0.18378857932692305 0.6250390625000001 0.18030478365384614 0.6331152331730769 0.18298996875 0.637158204326923
0 0.6031211418269231 0.6535449206730769 0.5963966057692308 0.6655566394230769 0.5924421298076923 0.6725683581730769 0.5940239206730769 0.6965966802884616 0.5963966057692308 0.6990966802884616 0.6066820985576923 0.6965966802884616 0.6141936730769231 0.6905859375 0.619733795673077 0.6825781249999999 0.6244791658653847 0.6760693365384616 0.6149845673076924 0.6530419927884614 0.6074729927884616 0.6500390625 0.6031211418269231 0.6535449206730769
0 0.8743865745192309 0.27000488221153846 0.8711844134615384 0.26652831971153845 0.8684375 0.265078125 0.8661458341346153 0.26392089903846155 0.8588233028846154 0.26189453125 0.8576774687500001 0.26305175721153845 0.8524151225961538 0.27029296875 0.8510416658653847 0.2755078125 0.8494367283653846 0.2847802740384615 0.8503549375 0.2960791009615385 0.8599691346153846 0.29926269471153844 0.8645447524038462 0.29694824278846155 0.8691242283653846 0.28999511778846154 0.8764467596153847 0.28999511778846154 0.8759915120192308 0.281015625 0.8743865745192309 0.27000488221153846
0 0.39857638942307694 0.5845703125 0.4020370360576923 0.589287108173077 0.40496142067307694 0.59298828125 0.4076234567307692 0.5993847668269231 0.40921682211538457 0.6017431634615384 0.41161265384615386 0.6037597644230769 0.41613425961538464 0.6054443365384615 0.4233140432692308 0.6054443365384615 0.4296990745192308 0.6054443365384615 0.43209490625 0.5950097644230768 0.4336882716346154 0.5889501947115384 0.43395447596153847 0.58591796875 0.43448688221153847 0.5758203125 0.43501929086538466 0.570771485576923 0.43395447596153847 0.5660546875 0.43103009374999995 0.5660546875 0.4286342596153846 0.564375 0.42322530769230765 0.5625 0.41586805528846155 0.561005860576923 0.40522762259615386 0.5637011706730769 0.3977816346153846 0.5727880865384616 0.39857638942307694 0.5845703125
0 0.42732253125 0.8426757812500001 0.4299035504807692 0.8343310552884616 0.4336265432692308 0.8245361322115384 0.4393595673076923 0.8194580072115384 0.4428009254807692 0.8132910144230769 0.44021990625 0.80349609375 0.4327700625 0.7984130865384615 0.42417052403846156 0.796962891826923 0.41843749999999996 0.7944238293269231 0.4118441346153846 0.7958740240384615 0.4121296298076923 0.808935548076923 0.41385030769230774 0.81619140625 0.41872299278846153 0.8278027331730768 0.42732253125 0.8426757812500001
0 0.6017746923076923 0.33142089903846156 0.5990277788461539 0.33083984375000003 0.5965084879807692 0.33200195432692303 0.5901003076923077 0.33837402403846156 0.5871257716346154 0.3456152331730769 0.5816319447115385 0.35865234375 0.5807137355769231 0.3653125 0.5850655865384615 0.37052734375 0.5884953701923077 0.3751660168269231 0.6010879639423077 0.37834961057692307 0.6058950625 0.37921875 0.6065817908653846 0.38153808653846155 0.6081828701923077 0.3824072259615384 0.6200848774038461 0.3560449230769231 0.6175655865384615 0.3519873052884615 0.6125308653846153 0.3432958990384615 0.6063503076923077 0.33402831971153846 0.6017746923076923 0.33142089903846156
0 0.6474614206730769 0.7017138677884615 0.664598764423077 0.7047265625 0.66603009375 0.706201170673077 0.6655516971153846 0.7089160168269231 0.66388503125 0.7185546875 0.6600771610576923 0.72427734375 0.6403202163461538 0.73876953125 0.6274691346153846 0.7459667956730769 0.62365740625 0.75232421875 0.6484143509615384 0.74837890625 0.66888503125 0.75232421875 0.6734066346153846 0.7544042956730769 0.6859567908653846 0.755859375 0.6929012355769231 0.74755859375 0.7033179014423077 0.74755859375 0.712191358173077 0.7509765625 0.715277778846154 0.748046875 0.7160493822115386 0.74609375 0.7172067908653846 0.74365234375 0.7175925937500001 0.74072265625 0.7179783942307693 0.7353515625 0.7195216057692307 0.73046875 0.7206790120192307 0.72509765625 0.7206790120192307 0.72021484375 0.7229938269230769 0.70556640625 0.7179783942307693 0.68896484375 0.7210648149038461 0.6611328125 0.7191087956730768 0.6570996081730769 0.7150617283653846 0.6549902331730769 0.7056327163461538 0.65234375 0.7025462956730769 0.65283203125 0.6956018509615384 0.65478515625 0.6878858028846154 0.6552734375 0.6770833341346154 0.6572265625 0.67388503125 0.6649316394230769 0.6667438269230769 0.6691796875 0.6543634254807693 0.6763769543269231 0.6319907403846153 0.682734375 0.6196141971153846 0.6899365240384616 0.6312770072115386 0.6914404302884616 0.6405594134615384 0.6926464855769231 0.6474614206730769 0.7017138677884615
0 0.21731867307692307 0.5116064447115385 0.21588734615384614 0.5184472644230769 0.22081404326923076 0.5329345697115385 0.22399305528846153 0.5369580072115384 0.23035107932692306 0.5323291009615384 0.23353009374999997 0.5250878918269231 0.23814043269230767 0.5184472644230769 0.24434027884615384 0.5136181634615384 0.24513503125 0.5124121105769232 0.23639274759615383 0.5128125 0.23575617307692306 0.5095947259615385 0.2270138894230769 0.50677734375 0.2224035504807692 0.5079882812500001 0.21731867307692307 0.5116064447115385
0 0.8666203701923076 0.6520361322115384 0.86375 0.6601171874999999 0.8602353389423077 0.6649658197115385 0.8602353389423077 0.6698144519230769 0.8647067908653846 0.6718310552884615 0.8736419759615385 0.6738525384615385 0.8854513894230769 0.68193359375 0.8889660504807692 0.6823339831730769 0.8985416658653846 0.683544923076923 0.915138889423077 0.677890625 0.9215239206730769 0.6742578124999999 0.9221604927884616 0.6641552740384615 0.9208834879807692 0.6544628894230768 0.9186496923076923 0.6524414062499999 0.915138889423077 0.6435546875 0.9138618822115384 0.6338574206730769 0.9132214495192308 0.6294140625 0.908433641826923 0.6245654302884615 0.9026890432692307 0.6261816394230769 0.8880054014423078 0.6322412115384615 0.8825810192307693 0.6403222668269231 0.8781134254807692 0.6455712884615384 0.8666203701923076 0.6520361322115384
0 0.8600540120192307 0.5722314447115384 0.8570331778846154 0.5663232427884616 0.8512654326923077 0.5621533197115385 0.8465972211538462 0.5628466802884615 0.8323109567307692 0.5659765625 0.8276427475961537 0.5743212884615384 0.82709490625 0.5837060552884615 0.8356095673076923 0.5906591802884615 0.8413773149038462 0.6031738269230769 0.85236496875 0.6097802740384616 0.8600540120192307 0.6087353509615384 0.8633487644230768 0.600390625 0.8647222211538461 0.5934375000000001 0.8614274687500001 0.5819677740384616 0.8608796298076923 0.5767529302884615 0.8600540120192307 0.5722314447115384
0 0.22447144951923076 0.4874658197115384 0.21811342548076923 0.48947753846153846 0.21397762259615385 0.4977246105769231 0.2146141971153846 0.502958983173077 0.21604552403846153 0.506376951923077 0.2271720673076923 0.5065771490384615 0.23559799278846152 0.5069824206730769 0.24497685096153846 0.509794920673077 0.2526041658653846 0.511806641826923 0.2634143509615385 0.5104003894230769 0.2683410504807692 0.5104003894230769 0.2712037043269231 0.5104003894230769 0.2707253076923077 0.49269531250000004 0.2623032403846154 0.488671875 0.2549884254807692 0.4882714831730769 0.2416358028846154 0.4876660168269231 0.22447144951923076 0.4874658197115384
0 1 0.90306640625 0.9969444447115384 0.8902685552884615 0.994648920673077 0.8850341802884615 0.9886728389423076 0.8827050769230769 0.9739660504807692 0.8786328125 0.9643132716346153 0.8786328125 0.9592554014423077 0.8908496081730769 0.9560378076923077 0.923427735576923 0.9546604927884614 0.9484423822115384 0.9532793221153846 0.9682177740384615 0.9629320985576922 0.970546875 0.969826389423077 0.9711279302884616 0.9900501538461538 0.97287109375 1 0.9781103509615385 1 0.9670556634615385 1 0.9373876947115385 1 0.9123730480769231 1 0.90306640625
0 0.9523456778846153 0.541640625 0.9545408942307693 0.5461621105769231 0.9666280865384616 0.5454638677884616 0.9696489206730768 0.5423388677884615 0.97294753125 0.53990234375 0.9737692908653847 0.5305175769230769 0.9723958341346154 0.5211328125 0.9707484567307693 0.5082666009615384 0.9696489206730768 0.4992285144230769 0.969375 0.4961035168269231 0.9655285504807692 0.4957519519230769 0.9561921298076924 0.49714355528846155 0.9528935192307693 0.4995751947115385 0.9441049375 0.5086181634615385 0.9391589495192308 0.5148730456730769 0.9402584879807693 0.52078125 0.9449305552884616 0.52599609375 0.9523456778846153 0.541640625
0 0.66365740625 0.5907275384615385 0.6728858028846154 0.5861376947115384 0.6738734567307693 0.5794628918269231 0.6676118822115384 0.5761279302884615 0.652777778846154 0.5761279302884615 0.64915509375 0.5773779302884615 0.6372878076923078 0.5798828125 0.6363001538461539 0.5823828125 0.6379475312499999 0.5919775384615384 0.6399228389423077 0.6003222644230769 0.6557445985576924 0.6036572259615385 0.6583834879807693 0.5969873052884616 0.66365740625 0.5907275384615385
0 0.7537615745192308 0.35314941346153844 0.7526157403846153 0.34416503846153845 0.7487229927884615 0.33142089903846156 0.7446026225961538 0.3291015625 0.7297260793269231 0.3302636730769231 0.71919753125 0.33634765625 0.7159915120192307 0.3432958990384615 0.7098109567307692 0.35459472596153846 0.7082098774038462 0.3618408197115385 0.7088966057692307 0.36763183653846154 0.7292669759615384 0.37603515625 0.7327006177884615 0.3653125 0.7384220673076923 0.3557568365384615 0.7475810192307691 0.3540185552884615 0.7537615745192308 0.35314941346153844
0 1 0.7128369134615385 0.9967978389423077 0.7135107427884615 0.9882870360576923 0.71384765625 0.9807098774038461 0.71533203125 0.9709953701923077 0.7084570312499999 0.96673996875 0.7023974615384615 0.9627507716346154 0.7020654302884615 0.9582291658653846 0.7077880865384615 0.9521103389423077 0.71384765625 0.9412037043269231 0.7246191394230769 0.9239158942307693 0.7387597668269231 0.9207253076923076 0.739765625 0.9183294759615385 0.74818359375 0.9130092596153846 0.76232421875 0.9143402788461539 0.7687207019230768 0.9249807091346154 0.76400390625 0.9300347211538462 0.768046875 0.9313657403846154 0.7704003894230769 0.9409413581730769 0.7734326177884616 0.9446643509615384 0.7744433581730769 0.9513117283653846 0.7754541009615384 0.9553047836538462 0.7774707043269231 0.9571643509615384 0.7791552740384616 0.9694020072115385 0.7855517572115385 0.9752546298076923 0.7855517572115385 0.9890856490384615 0.7879101562499999 0.9962654326923077 0.7882470697115385 1 0.7865624999999999 1 0.7798291009615385 1 0.7394287115384616 1 0.7128369134615385
0 0.72419753125 0.597255860576923 0.7279012355769231 0.5975830072115385 0.7286959879807693 0.586796875 0.7244521610576923 0.57806640625 0.7218016971153846 0.575361326923077 0.7180671298076924 0.56861328125 0.7116859567307692 0.5619091802884616 0.705046295673077 0.5612207043269231 0.6986612644230769 0.5554882812499999 0.6909375 0.54841796875 0.6869483028846154 0.544375 0.6849999999999999 0.549384766826923 0.6808526225961539 0.5772607427884615 0.6878742283653847 0.5893798822115385 0.6983757716346154 0.5979052740384615 0.72419753125 0.597255860576923
0 0.47861496875 0.4864990240384615 0.48067901201923074 0.48789550721153846 0.4834375 0.4899853509615385 0.4866049375 0.49172851442307697 0.49032407451923077 0.49416992067307697 0.4954205240384616 0.49608886778846156 0.49941357932692304 0.49591308653846156 0.5050617283653847 0.4969580072115385 0.5050617283653847 0.4919042956730769 0.50767746875 0.4871972644230769 0.5144290120192307 0.48074706971153847 0.5145679014423077 0.4762158197115385 0.5140162043269231 0.4732519543269231 0.5094714495192307 0.469765625 0.5032716057692308 0.46697265625 0.49293981490384614 0.46470703125 0.48811728365384616 0.46278808653846154 0.48081790144230774 0.45808105528846155 0.4793016971153846 0.45651367307692303 0.4755825625 0.45268066346153846 0.470625 0.4533740240384615 0.4664930552884616 0.45407226682692303 0.46470293269230767 0.4537255865384615 0.46070601923076926 0.4558154302884615 0.4585030865384615 0.46767089903846154 0.45864197596153844 0.4715087884615385 0.45891589423076923 0.47586425721153847 0.4598804014423077 0.4795263677884615 0.4613966057692308 0.4809228509615385 0.46676697596153843 0.4823144519230769 0.4732407403846154 0.48353515625 0.4770987644230769 0.48493163942307693 0.47861496875 0.4864990240384615
0 0 0.6513427740384615 0.004764661057692307 0.6613525384615385 0.00905092548076923 0.6613525384615385 0.018611110576923075 0.6559277331730768 0.02091820913461538 0.6496728509615385 0.020258487980769232 0.6425830072115384 0.016963735576923076 0.6363232427884615 0.01267746875 0.6359082019230768 0.0004822524038461538 0.6359082019230768 0 0.6425830072115384 0 0.6513427740384615
0 0.4335108028846154 0.45549804807692307 0.4458719134615385 0.45097656249999996 0.4472453701923077 0.43046874999999996 0.4425771610576923 0.4224707043269231 0.43653163461538463 0.41864746153846155 0.42719521634615387 0.41413085817307693 0.4134606490384615 0.41447753846153845 0.40302469230769233 0.41934081971153847 0.3925848774038462 0.42907714903846156 0.37665509375000006 0.4429833990384615 0.36237268509615383 0.4530615240384615 0.36044753124999995 0.4634912115384615 0.3607214495192308 0.47114257692307693 0.3706095673076923 0.47044433653846157 0.3848958341346154 0.4676660144230769 0.39862654326923075 0.46245117307692307 0.4222492283653846 0.44993652403846157 0.42060185096153846 0.45307617067307693 0.42005401201923076 0.45584472596153847 0.4258217596153846 0.45653808653846156 0.4335108028846154 0.45549804807692307
0 0.7845447524038461 0.5189404302884616 0.7782291658653846 0.5123339831730769 0.7702623461538463 0.5074707019230769 0.766693673076923 0.5067724615384616 0.7611998461538462 0.5119873052884615 0.7540586418269231 0.5234619134615385 0.7433449062499999 0.5335400384615384 0.7449922836538462 0.5404931634615384 0.7510378076923078 0.545361329326923 0.7579012355769231 0.543623045673077 0.7653202163461538 0.539453125 0.7697145072115384 0.539453125 0.7771296298076924 0.5415380865384616 0.7823495360576923 0.5450146490384615 0.7922376538461537 0.5502294927884616 0.7966319447115384 0.5537060552884616 0.802951389423077 0.5530078125 0.8021257716346154 0.543623045673077 0.8007523149038461 0.5363232427884616 0.7908641971153846 0.5276318365384616 0.7845447524038461 0.5189404302884616
0 0.4193479927884616 0.6781640624999999 0.4153935192307693 0.68275390625 0.41308642067307694 0.6940185552884616 0.4144058653846154 0.7011083990384616 0.4233063269230769 0.7152929687499999 0.4282484567307692 0.7186279302884616 0.43352237740384614 0.7202978509615385 0.4490162043269231 0.7061132812500001 0.4440702163461539 0.6952685552884615 0.4378086418269231 0.6831689447115384 0.4252816346153846 0.6764941394230769 0.4193479927884616 0.6781640624999999
0 0.5389660504807693 0.853515625 0.5439814807692308 0.8642578125 0.5609567908653846 0.82080078125 0.5722299375 0.8002343749999999 0.5837461418269231 0.791904295673077 0.593618826923077 0.7840966802884615 0.6104822524038462 0.7710791009615385 0.6191203701923077 0.7689990240384615 0.6219984567307691 0.7643115240384616 0.612538579326923 0.7585888677884616 0.6071913581730769 0.7502587884615385 0.6010223774038461 0.74609375 0.5952662043269231 0.7440136706730769 0.5899189807692308 0.7419287115384615 0.57798996875 0.74140625 0.5668827163461538 0.7393261706730769 0.5528973774038461 0.7388037115384616 0.5434375 0.7388037115384616 0.5331558653846155 0.7362011706730769 0.5273996923076922 0.7372460937499999 0.51080246875 0.744140625 0.5043634254807693 0.7523388677884615 0.5023070985576923 0.7617089855769231 0.5003858028846154 0.77099609375 0.5069444447115384 0.7822265625 0.52044753125 0.80517578125 0.5389660504807693 0.853515625
0 0.23366126442307691 0.6471875 0.23286265384615384 0.654931639423077 0.23419367307692307 0.6586376947115385 0.24270447596153846 0.6552685552884616 0.2658179014423077 0.646484375 0.27489197596153847 0.6465136706730769 0.28473379567307694 0.6448339831730769 0.2932445985576923 0.6431494134615385 0.3022878076923077 0.6404541009615384 0.31212962980769227 0.626318360576923 0.31851466105769227 0.6111669927884615 0.31851466105769227 0.6057812499999999 0.31824845673076924 0.5966943365384615 0.31425925961538465 0.5808691394230769 0.3126620360576923 0.5761572259615385 0.3102662043269231 0.5711083990384616 0.3062770072115385 0.570771485576923 0.29590277884615385 0.570771485576923 0.28872299278846153 0.5754833990384616 0.2677083341346154 0.5839013677884616 0.25540123557692307 0.59033203125 0.24243827163461537 0.5950097644230768 0.2360570985576923 0.5983740240384615 0.23286265384615384 0.6057812499999999 0.23153549278846153 0.6135253894230769 0.22887345673076925 0.6279980456730769 0.22940586538461538 0.6377636706730769 0.23233024759615384 0.6434863293269231 0.23366126442307691 0.6471875
0 0.7910030865384615 0.49353027403846156 0.7846836418269232 0.5004833990384616 0.7838580240384616 0.5140380865384615 0.790451389423077 0.528291016826923 0.7978665120192308 0.531767576923077 0.8157214495192308 0.5116064447115385 0.811875 0.5088232427884616 0.8036381177884616 0.5025683581730769 0.79923996875 0.4970068365384615 0.7910030865384615 0.49353027403846156
0 0.34857638942307695 0.44065918028846157 0.3650771610576923 0.44973632692307697 0.3653549375 0.45556640625 0.37145061778846156 0.45075195192307693 0.38271605048076923 0.43994140625 0.3927391971153846 0.4329052740384615 0.3916782403846154 0.4298876947115385 0.37654320913461536 0.42236328125 0.3690625 0.4147265625 0.3674614206730769 0.4127050793269231 0.3642746923076923 0.40562988221153845 0.35522376442307696 0.40091796875 0.3515007716346154 0.3985791009615385 0.34618827163461535 0.39318359375 0.33633873557692306 0.39216796875 0.3318287043269231 0.39822753846153847 0.3262384254807692 0.40058593750000004 0.3235763894230769 0.40091796875 0.32117669711538466 0.40261230528846154 0.31772762259615384 0.4049707043269231 0.3161265432692308 0.4063134759615385 0.3145254639423077 0.4093310552884616 0.3126620360576923 0.41541015625 0.31293981490384615 0.4298876947115385 0.31293981490384615 0.43729003846153847 0.3155864206730769 0.43964843750000004 0.31708333413461537 0.4358496081730769 0.32277777884615383 0.4356542980769231 0.3302276225961539 0.43559570432692307 0.336875 0.43896484375 0.34857638942307695 0.44065918028846157
0 0.2074807091346154 0.5099365240384615 0.1989660504807692 0.5040283197115385 0.1907253076923077 0.5036816418269231 0.18688271634615386 0.505419920673077 0.18028935096153847 0.5099365240384615 0.17918981490384617 0.5151513677884615 0.1857831778846154 0.5238427740384616 0.19209876442307694 0.5273193365384615 0.20473379567307692 0.5314892572115385 0.21352623557692307 0.53705078125 0.21709490625 0.5300976562499999 0.2159953701923077 0.5238427740384616 0.21215277884615386 0.5161962884615384 0.2074807091346154 0.5099365240384615
0 0.6989969134615385 0.3283105480769231 0.7061342596153846 0.3297558605769231 0.7127044759615385 0.32288574278846155 0.7195601850961538 0.3189111322115385 0.7195601850961538 0.31204101442307697 0.7164197524038461 0.30444824278846155 0.7132754639423078 0.28999023317307693 0.7127044759615385 0.28529296875 0.7107060192307693 0.28059081971153843 0.7009953701923077 0.2787841802884615 0.6907098774038462 0.28348144471153847 0.6855709879807693 0.28239746153846157 0.6775733028846154 0.2798681634615385 0.6695756177884615 0.2798681634615385 0.6675771610576924 0.2798681634615385 0.6592901225961539 0.28239746153846157 0.6550077163461538 0.29686035096153846 0.6530092596153847 0.30553710817307694 0.6504359567307693 0.3174658197115384 0.6547222211538462 0.32360839903846156 0.6601504639423077 0.3268652331730769 0.6782407403846153 0.32763671875 0.6989969134615385 0.3283105480769231
0 0.49797067788461535 0.65689453125 0.49316357932692306 0.6589208990384615 0.4899575625 0.6629785144230769 0.48423611057692306 0.6771728509615385 0.4817168221153846 0.6838378894230769 0.48080246875 0.69484375 0.48263117307692305 0.70005859375 0.49064429086538464 0.6983203125 0.5117013894230769 0.6806494134615384 0.5112461418269231 0.6745654302884615 0.5062075625 0.6641357427884615 0.5046064807692308 0.6597900384615384 0.49797067788461535 0.65689453125
0 0.6041396610576923 0.7261132812500001 0.6119945985576923 0.7375341802884615 0.6196141971153846 0.7450634759615385 0.6274691346153846 0.7447949206730768 0.6343711418269231 0.7429541009615386 0.6488888894230769 0.7336474615384615 0.6555555552884615 0.7285253894230769 0.664598764423077 0.7182519543269231 0.6669791658653845 0.7074365240384615 0.6531751538461539 0.7011132812499999 0.6393672836538461 0.6962939447115384 0.6319907403846153 0.690869141826923 0.6222299375 0.6917431634615384 0.6134259254807692 0.6926464855769231 0.60509259375 0.6965917956730769 0.5910493822115385 0.7074365240384615 0.5853356490384616 0.7140332019230768 0.5870023149038461 0.7303027355769232 0.5936689807692308 0.7290966802884615 0.6041396610576923 0.7261132812500001
0 0.2052546298076923 0.5049902355769231 0.21131944471153846 0.500947266826923 0.2122762355769231 0.4977197259615384 0.21259644951923076 0.48519531250000003 0.21291280769230767 0.4710546875 0.2109992283653846 0.46216796875 0.20717592548076924 0.45556640625 0.20174382692307694 0.4540869134615385 0.19521605048076923 0.45361328125 0.19120756249999998 0.45045410096153843 0.18418595673076923 0.44641113221153844 0.1704629639423077 0.4435839831730769 0.16312114182692308 0.4524707019230769 0.1586496923076923 0.4544921875 0.1532253076923077 0.46216796875 0.14699074038461538 0.470703125 0.14045910576923076 0.4815576177884615 0.14237268509615386 0.4892333990384615 0.15099151201923078 0.5062011730769231 0.17397376442307694 0.512666016826923 0.18402777884615384 0.5029296875 0.2052546298076923 0.5049902355769231
0 0.4582445985576923 0.8012255865384615 0.45231095673076926 0.8116552740384615 0.44703703605769235 0.8220849615384616 0.4486844134615385 0.8304296875 0.45659722115384616 0.8371044927884616 0.4661535504807693 0.8404394543269231 0.4720871923076923 0.8412744134615384 0.47834876442307694 0.8391894543269232 0.48428240624999996 0.82583984375 0.4799961418269231 0.8120751947115384 0.4734066346153846 0.8028955072115385 0.4668132716346154 0.7970556634615384 0.4582445985576923 0.8012255865384615
0 0.9594405865384614 0.6130957019230769 0.9589660504807692 0.5896679687499999 0.9518441346153845 0.58486328125 0.932858795673077 0.5746484375 0.9233680552884616 0.56984375 0.9039081778846154 0.575849608173077 0.9001080240384615 0.583662108173077 0.9034336418269231 0.596875 0.91482253125 0.6100927740384615 0.9219521610576924 0.6521484375 0.9428279326923078 0.642529298076923 0.9508950625 0.6329199230769231 0.9594405865384614 0.6130957019230769
0 0.6565162043269231 0.6360253918269231 0.6529591057692308 0.63501953125 0.6446527788461538 0.6355224615384615 0.6304128076923077 0.6365234375 0.6256674375 0.6400292956730769 0.6244791658653847 0.6470361322115384 0.6228973774038462 0.6690625 0.6371373461538461 0.6640576177884616 0.63951003125 0.6645556634615384 0.6604706778846154 0.67056640625 0.6668016971153846 0.66505859375 0.66759259375 0.65404296875 0.6640316346153846 0.6435302740384615 0.6565162043269231 0.6360253918269231
0 0.6847530865384616 0.5586083990384615 0.6840933653846153 0.5506787115384616 0.6817862644230769 0.5444238269230769 0.67486496875 0.54275390625 0.668931326923077 0.5456738293269231 0.6685995360576923 0.5498437500000001 0.6695910504807692 0.5581884759615384 0.670578704326923 0.5652783197115384 0.6715663581730769 0.5761279302884615 0.6758526225961539 0.5819677740384616 0.6817862644230769 0.5777978509615385 0.6840933653846153 0.5702880865384615 0.6847530865384616 0.5586083990384615
0 0.5815817908653846 0.662060548076923 0.5740007716346154 0.6608105456730768 0.5644444447115384 0.6599755865384616 0.5608179014423077 0.664150391826923 0.5575231490384616 0.6704052740384616 0.563125 0.6749951177884616 0.5677391971153847 0.6787500000000001 0.5918016971153846 0.6954345697115384 0.591473764423077 0.6787500000000001 0.5908140432692307 0.6704052740384616 0.5865277788461538 0.6658154302884616 0.5815817908653846 0.662060548076923
0 0.29782021634615385 0.507412110576923 0.2923919759615385 0.5146826177884616 0.2872878076923077 0.5183203125 0.28281635817307693 0.5191259759615384 0.27994598798076925 0.5219580072115385 0.27802855048076924 0.5243798822115384 0.2777121923076923 0.533671875 0.2706867283653846 0.5389208990384615 0.2614313269230769 0.54255859375 0.2569637355769231 0.5429638677884616 0.26909336538461537 0.5510400384615385 0.27579475240384616 0.55265625 0.27388117307692306 0.5655859375 0.2697299375 0.5768994134615385 0.2904783942307692 0.5748779302884615 0.30994984615384613 0.5708349615384616 0.31674382692307695 0.58251953125 0.3338888894230769 0.5740673822115384 0.3393132716346154 0.55791015625 0.3370794759615385 0.5461962884615384 0.33324845673076925 0.5364990240384615 0.3223958341346154 0.5167041009615384 0.3102662043269231 0.5025634759615385 0.30709876442307693 0.5029296875 0.30196759375000004 0.5062011730769231 0.29782021634615385 0.507412110576923
0 0.9333333341346154 0.6719677740384615 0.9219444447115385 0.6761718750000001 0.9072299374999999 0.6809765624999999 0.8882445985576923 0.6887841802884616 0.8825462956730769 0.6977978509615385 0.8877700625 0.7098095697115384 0.9005825624999999 0.7194238293269231 0.9290625 0.7158154302884616 0.952318673076923 0.703203125 0.9613387355769232 0.68818359375 0.9565895072115385 0.6803759759615384 0.9461496923076923 0.6707666009615385 0.9333333341346154 0.6719677740384615
0 0.7907407403846154 0.42338378846153846 0.7955401225961538 0.41817871153846153 0.8027353389423078 0.4177441418269231 0.8164467596153846 0.41427734374999997 0.8215895072115385 0.4034326177884615 0.8222762355769231 0.39692382692307693 0.8260455240384614 0.38694824278846157 0.8270717596153846 0.375234375 0.8229591057692307 0.3613525384615385 0.8140470673076923 0.35484375 0.8034220673076924 0.35267578125 0.7931404326923077 0.34963867067307697 0.7784027788461538 0.34963867067307697 0.7725733028846153 0.34963867067307697 0.7653780865384616 0.35094238221153845 0.7588618822115384 0.3622167956730769 0.7547492283653846 0.3704589855769231 0.748923610576923 0.3834765625 0.748923610576923 0.3886816418269231 0.7506365745192307 0.3956201177884615 0.7499537043269231 0.4051660144230769 0.7533796298076924 0.41557617307692307 0.7568055552884616 0.42295410096153846 0.760578704326923 0.4238183581730769 0.7712037043269231 0.41948242307692307 0.7818287043269231 0.4242529302884615 0.7907407403846154 0.42338378846153846
0 0.6432253076923077 0.39062988221153844 0.6369097211538463 0.39166992067307693 0.6316898149038461 0.3941064447115385 0.6283950625 0.40036132932692303 0.6264699062500001 0.41357421875 0.6522916658653847 0.4177441418269231 0.6544868822115385 0.4160058581730769 0.6577854927884614 0.4104443365384615 0.6503665120192307 0.3968847644230769 0.6432253076923077 0.39062988221153844
0 0.9736766971153846 0.67857421875 0.9888657403846154 0.6689599615384616 0.9997839495192308 0.6599511730769231 0.9945640432692309 0.6515429687500001 0.9860185192307692 0.6467333990384615 0.9751003076923077 0.6485400384615385 0.9447260793269231 0.6551464831730769 0.9395061730769231 0.6629541009615385 0.94330246875 0.6713671875 0.9542168221153846 0.6755712884615386 0.9641859567307692 0.68578125 0.9675077163461538 0.68337890625 0.9736766971153846 0.67857421875
0 0.8337422836538462 0.5639697259615384 0.8436381177884615 0.5619482427884616 0.8570447524038461 0.5615478509615385 0.8611959879807691 0.56033203125 0.8611959879807691 0.5514453125000001 0.8567245360576923 0.5421533197115385 0.8516203701923076 0.5348828125 0.8433217596153846 0.5268017572115384 0.8369367283653847 0.51953125 0.83294753125 0.5146484375 0.8235300937500001 0.5162988293269231 0.8149112644230769 0.520341798076923 0.8114004639423077 0.5211474615384616 0.8082098774038461 0.523974608173077 0.8040586418269231 0.5264013677884616 0.8008680552884615 0.52841796875 0.8011882716346155 0.5320556634615385 0.8046990745192308 0.5542724615384615 0.8117206778846153 0.5639697259615384 0.8222530865384615 0.5639697259615384 0.8337422836538462 0.5639697259615384
0 0.7933603389423076 0.24596191346153845 0.7887808653846153 0.24885742067307692 0.7848881177884616 0.2505957043269231 0.7835146610576923 0.25088378846153847 0.7759645072115385 0.2552294927884616 0.7681790120192308 0.25841796875 0.7603973774038462 0.2636328125 0.7571952163461538 0.2682666009615385 0.7571952163461538 0.27580078125 0.7601697524038461 0.28014648317307694 0.7700115745192307 0.27985351442307693 0.7743595673076923 0.27927734374999996 0.7901543221153846 0.2749316394230769 0.7990817908653847 0.2679785168269231 0.8050308653846153 0.2610253918269231 0.8073225312500001 0.2552294927884616 0.8048032403846155 0.25001464903846154 0.7990817908653847 0.2453808605769231 0.7933603389423076 0.24596191346153845
0 0.6367939807692308 0.33547851442307697 0.6363348774038461 0.32591796875 0.6338194447115384 0.3122998052884615 0.6319868822115384 0.30534668028846157 0.6262654326923076 0.29984375 0.6226041658653846 0.29810546875 0.6187114206730769 0.30071289182692307 0.6139043221153846 0.3105615240384615 0.6093248461538462 0.3230175793269231 0.6068094134615385 0.32794433653846156 0.6084104927884615 0.33229003846153843 0.6244328701923076 0.35054199278846154 0.6313001538461538 0.3496728509615385 0.6361072524038461 0.34909179807692303 0.6374807091346154 0.3456152331730769 0.6367939807692308 0.33547851442307697
0 0.40051311778846155 0.35784179807692307 0.40395447596153844 0.36359375 0.41139274759615385 0.3663818365384615 0.41662808653846156 0.36777831971153846 0.4237924375 0.36777831971153846 0.42944058653846157 0.36271972596153845 0.4342592596153846 0.3609765625 0.43481095673076925 0.35574706971153847 0.4327430552884615 0.35295898557692307 0.43123070913461536 0.3484277355769231 0.4270987644230769 0.34528808653846155 0.4240663581730769 0.34127929807692303 0.4215856490384615 0.33517578124999997 0.41952160576923075 0.3289013677884615 0.41621527884615384 0.3245410144230769 0.41497685096153847 0.32297363221153846 0.4124961418269231 0.3217529302884615 0.40726080288461536 0.3217529302884615 0.40326774759615386 0.3220996081730769 0.39692901201923075 0.32541503846153846 0.3900424375 0.3332568365384615 0.3900424375 0.33779296875 0.3883912043269231 0.3391845697115385 0.38521990625 0.3435449230769231 0.3918325625 0.34720703125 0.3943132716346154 0.3512158197115385 0.39803240624999997 0.35662109375 0.40051311778846155 0.35784179807692307
0 0.7031520072115385 0.4683251947115385 0.7121682091346154 0.46111328125 0.7059992283653845 0.4503027355769231 0.7007754639423076 0.4430957019230769 0.6908101850961538 0.4334814447115385 0.6808410504807691 0.42987793028846155 0.6666049375 0.42987793028846155 0.6637538581730769 0.4479003894230769 0.654023920673077 0.4699267572115385 0.657191358173077 0.4934521490384615 0.666288579326923 0.5259912115384615 0.6813155865384615 0.4899511706730769 0.6903356490384615 0.47553222596153844 0.7031520072115385 0.4683251947115385
0 0.3030054014423077 0.4815527355769231 0.3071334879807692 0.48782226442307697 0.30837191346153847 0.493046875 0.31597222115384616 0.49658203125 0.3094135793269231 0.501953125 0.31674382692307695 0.51171875 0.3236882716346154 0.52001953125 0.32947530769230765 0.5263671875 0.33449074038461535 0.53662109375 0.34143518509615384 0.53857421875 0.34841049278846153 0.5369287115384616 0.3521257716346154 0.53640625 0.35377700721153843 0.5275244134615384 0.35377700721153843 0.51341796875 0.3550154326923077 0.50087890625 0.3562538581730769 0.48938964903846155 0.3587307091346154 0.47841796875 0.36285879567307694 0.47058105528846156 0.36285879567307694 0.46796875000000004 0.3636844134615385 0.4481152355769231 0.35955632692307693 0.4460253894230769 0.3546026225961538 0.4439355480769231 0.34758487740384614 0.44080078125 0.33685570913461543 0.4381884759615385 0.33190200721153845 0.4381884759615385 0.32901234615384617 0.4381884759615385 0.3232330240384615 0.43662109375 0.31951774759615387 0.43557617067307697 0.31043595673076924 0.44916015625 0.3038310192307692 0.4580419927884615 0.30094135817307693 0.4737158197115384 0.3030054014423077 0.4815527355769231
0 0.6917206778846154 0.5989794927884615 0.6826234567307693 0.5864648437500001 0.6620563269230769 0.588466798076923 0.6577044759615384 0.5909716802884616 0.6553317908653846 0.6049853509615384 0.6545408942307692 0.6160009759615386 0.6557253076923076 0.630517576923077 0.6608680552884615 0.6460351562500001 0.6758989206730769 0.655546875 0.6984452163461538 0.638525391826923 0.6956751538461539 0.6275146490384615 0.6917206778846154 0.5989794927884615
0 0.8921913581730769 0.6288964855769231 0.8902700625000001 0.620556641826923 0.8858757716346154 0.61255859375 0.8834027788461539 0.6035205072115384 0.8817554014423077 0.6007373052884616 0.8746141971153846 0.6007373052884616 0.8696682091346154 0.6035205072115384 0.8669212956730769 0.6122119134615385 0.861701389423077 0.6191650384615385 0.8603279326923077 0.6229882812499999 0.8584066346153846 0.6299414062500001 0.8556597211538463 0.6466259759615384 0.8586805552884615 0.6518408197115384 0.8606057091346154 0.6549707043269231 0.865 0.6601855456730769 0.8773572524038461 0.6396728509615385 0.8847762355769231 0.6327197259615385 0.8921913581730769 0.6288964855769231
0 0.39274691346153845 0.54736328125 0.3993055552884615 0.56103515625 0.40310185096153844 0.5641503918269231 0.4108796298076923 0.56298828125 0.4162808653846154 0.56201171875 0.42591049278846155 0.5628955072115385 0.4278973774038462 0.5628955072115385 0.4288888894230769 0.5599658197115385 0.42824074038461535 0.5390625 0.4293981490384615 0.53466796875 0.4298804014423077 0.5281689447115384 0.4321952163461538 0.5220996081730769 0.4315316346153846 0.5162402331730769 0.4259259254807692 0.51123046875 0.41698688221153846 0.5078759759615384 0.4098804014423077 0.50662109375 0.4034336418269231 0.50662109375 0.3964891971153846 0.5099658197115384 0.39549768509615385 0.5133154302884615 0.39390432211538456 0.51953125 0.3935185192307692 0.52587890625 0.39390432211538456 0.53466796875 0.39274691346153845 0.54736328125
0 0.8565123461538462 0.4464599615384615 0.8510185192307692 0.44228515625 0.8436033942307692 0.4412451177884616 0.833711420673077 0.4429833990384615 0.8241010793269231 0.44576171875 0.8169598774038461 0.44923828125000004 0.815308641826923 0.45619140625 0.81009259375 0.4728808581730769 0.8056944447115384 0.4798339855769231 0.8045987644230769 0.48365722596153843 0.8043248461538461 0.48921875 0.8084413581730769 0.49825683653846153 0.8098148149038462 0.49825683653846153 0.8150347211538461 0.49443359374999996 0.82080246875 0.48226562500000003 0.824375 0.4798339855769231 0.8501929014423077 0.47600586057692307 0.8554128076923077 0.46522949278846154 0.8644753076923077 0.454453125 0.86228009375 0.4502832043269231 0.8565123461538462 0.4464599615384615
0 0.5953433653846154 0.649296875 0.5983179014423077 0.6580810552884616 0.6027816346153846 0.6574560552884615 0.6133603389423077 0.657666016826923 0.6168287043269232 0.655361329326923 0.6194753076923077 0.6417626947115385 0.6216242283653847 0.6348583990384615 0.6295601850961539 0.6348583990384615 0.6449305552884615 0.6352783197115385 0.6574922836538462 0.6331884759615385 0.6566358028846154 0.62109375 0.6554783942307693 0.61474609375 0.6516203701923077 0.61083984375 0.6435185192307693 0.60693359375 0.6346450625 0.60693359375 0.6244328701923076 0.5957373052884616 0.6193094134615384 0.5955322259615385 0.6064158942307692 0.5944824230769231 0.5931944447115385 0.5934375000000001 0.5890625 0.5990869134615384 0.5841049375 0.60693359375 0.5821180552884615 0.6177050769230769 0.5869135793269231 0.6250292956730769 0.5893904326923077 0.63109375 0.5907137355769231 0.6388378894230768 0.5953433653846154 0.649296875
0 0.8696643509615385 0.52677734375 0.8680131177884616 0.52677734375 0.8643904326923076 0.5359521490384616 0.8627391971153846 0.5422119134615385 0.8620833341346154 0.5468017572115385 0.8653780865384615 0.5534765625 0.8663657403846153 0.5559765624999999 0.8742785504807693 0.55931640625 0.8844945985576923 0.5597314447115385 0.8937229927884616 0.557646483173077 0.8996566346153846 0.5526416009615385 0.9032831778846154 0.5438818365384616 0.8871334879807692 0.5288623052884616 0.8841666658653846 0.5276123052884615 0.8696643509615385 0.52677734375
0 0.5174266971153846 0.4646728509615385 0.5152276225961538 0.4730175793269231 0.5212692908653846 0.4799707019230769 0.5278626538461538 0.48553222596153844 0.5374768509615385 0.48310058653846155 0.54736496875 0.48275390625000003 0.5465393509615384 0.4698876947115384 0.5443441346153846 0.46293456971153846 0.5308834879807692 0.4594580072115385 0.5234683653846154 0.46328613221153847 0.5174266971153846 0.4646728509615385
0 0.7775655865384615 0.6156787115384615 0.7909722211538461 0.6172949230769231 0.8015046298076923 0.6120410144230769 0.8139544759615384 0.5975 0.8133140432692307 0.5894189447115384 0.8129976850961539 0.5789160144230769 0.8094868822115384 0.5740673822115384 0.8069328701923077 0.5663916009615385 0.7989506177884615 0.5607373052884616 0.791608795673077 0.55791015625 0.7852276225961539 0.55265625 0.7817168221153845 0.5465966802884615 0.7734182091346155 0.5393261730769231 0.7711805552884615 0.5393261730769231 0.7676697524038462 0.5385205072115384 0.7635223774038462 0.5385205072115384 0.7574575625000001 0.5441748052884615 0.7536265432692308 0.5498291009615385 0.7513927475961538 0.5672021490384616 0.7539467596153846 0.5938623052884615 0.7695871923076923 0.6132568365384615 0.7775655865384615 0.6156787115384615
0 0.44930555528846156 0.5088232427884616 0.4432638894230769 0.5029150384615385 0.4333757716346154 0.5081298822115385 0.43255015384615386 0.5234228509615385 0.4328240745192308 0.53455078125 0.4317283942307692 0.5383740240384616 0.4344753076923077 0.5401123052884615 0.43996527884615383 0.540458983173077 0.4567206778846154 0.5355908197115384 0.4545254639423077 0.5230761706730769 0.44930555528846156 0.5088232427884616
0 0.4436381177884616 0.6154052740384616 0.45292052403846156 0.6148046875 0.46268132692307695 0.6114892572115385 0.4683950625 0.6084765625 0.4653009254807693 0.596728514423077 0.4606481490384615 0.583984375 0.4564930552884615 0.5786523437500001 0.45077932211538463 0.5717236322115384 0.44411651201923075 0.56087890625 0.44268518509615384 0.5614794927884615 0.4379243822115385 0.5729296875000001 0.43697530769230764 0.584072266826923 0.4313271610576923 0.599609375 0.42901234615384615 0.6083984375 0.4374498461538462 0.61419921875 0.4436381177884616 0.6154052740384616
0 0.5559953701923077 0.3473535168269231 0.5525617283653846 0.34445800721153846 0.5456944447115385 0.34445800721153846 0.5415740745192308 0.35372558653846153 0.5372260793269231 0.3606787115384616 0.5353935192307693 0.3658935552884615 0.5333333341346154 0.37371581971153844 0.5331057091346154 0.3771923822115385 0.5488966057692308 0.37255859375 0.5534760793269231 0.36791992307692306 0.5555362644230769 0.36212890625 0.5566820985576924 0.3540185552884615 0.5559953701923077 0.3473535168269231
0 0.5640817908653847 0.8690625 0.5738387355769231 0.8615283197115384 0.5912152788461539 0.8588183605769231 0.6002623461538461 0.858515625 0.6109722211538462 0.8567089855769231 0.6143055552884615 0.8521923822115384 0.6226851850961539 0.8359375 0.6277006177884614 0.8251953125 0.6304012355769231 0.81201171875 0.6396604927884616 0.80419921875 0.6338734567307692 0.7744140625 0.6145833341346154 0.7705078125 0.5995370360576924 0.78271484375 0.5875771610576923 0.7890625 0.5794753076923077 0.79736328125 0.5702160504807693 0.8037109375 0.5640817908653847 0.81935546875 0.5593209879807692 0.8277880865384616 0.5551697524038461 0.837890625 0.5520833341346154 0.84912109375 0.5462268509615384 0.860927735576923 0.5455131177884616 0.8687597668269231 0.5524189807692308 0.871171875 0.5640817908653847 0.8690625
0 0.750486110576923 0.571259766826923 0.7493865745192309 0.567783201923077 0.7480131177884615 0.5674365240384616 0.745266204326923 0.568828125 0.7394984567307692 0.5726513677884616 0.730983795673077 0.57751953125 0.7296103389423076 0.58064453125 0.7279629639423076 0.5830810552884615 0.7318094134615385 0.5869042956730769 0.7340046298076923 0.5886425793269231 0.7392245360576923 0.5924658197115384 0.7430709879807692 0.5938574230769231 0.747191358173077 0.5931591802884616 0.7491126538461538 0.5869042956730769 0.7518595673076922 0.5785595697115384 0.7515856490384615 0.5743896490384615 0.750486110576923 0.571259766826923
0 0.17578703605769233 0.5601318365384615 0.17657793269230768 0.5546240240384616 0.17934799278846156 0.5486181634615385 0.18528163461538463 0.5461181634615385 0.19556327163461537 0.544111326923077 0.2050578701923077 0.5391064447115385 0.20268518509615385 0.5346044927884616 0.19912422836538463 0.530595704326923 0.17895061778846152 0.51658203125 0.1690625 0.512578125 0.1564081778846154 0.5100732427884616 0.15244984615384616 0.5095703125 0.15244984615384616 0.5100732427884616 0.14968364182692306 0.51658203125 0.14889274759615384 0.518583983173077 0.14612268509615384 0.5300976562499999 0.14295910576923077 0.5315966802884615 0.13900462980769232 0.54361328125 0.13860725240384617 0.5501220697115385 0.14018904326923076 0.566640625 0.14058642067307692 0.5776513677884615 0.15165894951923076 0.5906689447115384 0.1706442908653846 0.5941748052884616 0.1801388894230769 0.5906689447115384 0.1785570985576923 0.57064453125 0.17815972115384618 0.5686425769230768 0.17578703605769233 0.5601318365384615
0 0.7492283942307693 0.7607421875 0.7604552475961538 0.77537109375 0.7637847211538461 0.776875 0.7718788581730769 0.7877197259615384 0.7761651225961538 0.7907324206730769 0.7852083341346153 0.7925439447115384 0.8035378076923076 0.7931445312500001 0.8128202163461539 0.78892578125 0.8173418221153846 0.7865185552884615 0.8230555552884616 0.7756738293269231 0.8266242283653846 0.7663330072115385 0.834243826923077 0.7606103509615385 0.8290046298076923 0.7455468749999999 0.8187692908653846 0.7359082019230769 0.8128202163461539 0.7256640625 0.8075848774038461 0.7148193365384615 0.8078202163461538 0.7100000000000001 0.8128202163461539 0.7009619134615386 0.8211496923076923 0.6931298822115385 0.8249575625 0.685595701923077 0.8209143509615384 0.68017578125 0.8163888894230769 0.6804736322115384 0.8125810192307692 0.6862011706730768 0.7980632716346154 0.69734375 0.7921103389423076 0.70578125 0.7847337956730769 0.7133105480769231 0.7833063269230769 0.7157226562500001 0.7554552475961539 0.7262646490384616 0.7430787043269231 0.7340966802884614 0.7361766971153846 0.7362060552884616 0.727368826923077 0.7404248052884616 0.7173726850961538 0.7461474615384615 0.7330825625 0.7645263677884616 0.7376041658653846 0.7624169927884614 0.7492283942307693 0.7607421875
0 0.4948302475961538 0.7866259759615384 0.48362268509615386 0.790380860576923 0.48164737740384617 0.80248046875 0.4859297836538462 0.8200000000000001 0.49647762259615386 0.8366845697115385 0.5136188269230769 0.8496191394230769 0.5254822524038462 0.8546240240384615 0.5268016971153846 0.8542089831730769 0.5271334879807692 0.824169923076923 0.515266204326923 0.80498046875 0.5132870360576923 0.79330078125 0.5083449062500001 0.785791014423077 0.4948302475961538 0.7866259759615384