0 0 0.40745605528846157 0.007619598557692308 0.40745605528846157 0.019317129807692308 0.4048974615384615 0.02966049278846154 0.40176269471153847 0.04158179086538461 0.3963574230769231 0.04248070913461539 0.3866796875 0.038209877403846154 0.3806982427884616 0.03146219230769231 0.3767138677884615 0.016165122596153846 0.36874511778846153 0.007843365384615384 0.36276367307692303 0 0.36248046875 0 0.40717285096153844 0 0.40745605528846157
0 0.5653009254807693 0.8810546875 0.5628510793269231 0.8834716802884616 0.5604359567307692 0.8852441418269231 0.5573804014423077 0.885888670673077 0.5558217596153846 0.8885009759615384 0.5558217596153846 0.8912402355769231 0.5553163581730769 0.8953076177884616 0.5551890432692308 0.8986865240384615 0.5550617283653846 0.9017480456730769 0.5546797836538462 0.9046826177884615 0.553788579326923 0.9098388677884616 0.5540432091346154 0.912451173076923 0.5544251538461539 0.91341796875 0.5556944447115385 0.9148681634615384 0.5568711418269231 0.9190527355769231 0.5587808653846154 0.9253759759615385 0.5605632716346154 0.9287548822115385 0.5629783942307692 0.929599608173077 0.5665740745192308 0.9284326177884614 0.5719483028846154 0.9277880865384615 0.5747453701923078 0.9276269519230769 0.5770679014423077 0.9274658197115385 0.578213735576923 0.9239257812499999 0.5830478389423077 0.9195361322115385 0.5858796298076923 0.9210253918269231 0.5894405865384615 0.922314454326923 0.5925270072115384 0.9210253918269231 0.5969791658653846 0.9195361322115385 0.6014621923076923 0.9177685552884616 0.6050578701923077 0.9161572259615384 0.6077276225961539 0.9127734375000001 0.60951003125 0.9072607427884616 0.6098919759615384 0.9004589831730769 0.6098919759615384 0.8957910168269231 0.6090007716346154 0.8914013677884616 0.6078549375 0.88818359375 0.6060725312499999 0.884921875 0.6046759254807692 0.882666016826923 0.6023533942307693 0.8788037115384615 0.6009529326923077 0.875703125 0.5977739206730769 0.8708740240384615 0.5971682091346154 0.8688183581730768 0.5939891971153846 0.8656005865384616 0.5908063269230769 0.86439453125 0.5895370360576924 0.8639892572115385 0.5838117283653846 0.8635888677884616 0.5771334879807692 0.8631835937500001 0.5694984567307693 0.8740917956730769 0.5675925937499999 0.877353514423077 0.5653009254807693 0.8810546875
0 0.47976851923076924 0.36505859375 0.4788194447115384 0.3434375 0.47787037019230766 0.3368261706730769 0.4745486105769231 0.3302197259615385 0.46410493750000004 0.31760253846153846 0.44986882692307695 0.3218115240384615 0.43800154326923074 0.32721679567307693 0.4422723774038462 0.3446386706730769 0.45319058653846156 0.34884277403846153 0.4693287043269231 0.35364746153846155 0.47644675961538463 0.3686669927884615 0.47976851923076924 0.36505859375
0 0.7505979927884615 0.8350000000000001 0.7494598774038461 0.831396485576923 0.7437654326923078 0.8270703125 0.7380671298076924 0.8213037115384616 0.7323726850961538 0.8148144519230769 0.716423610576923 0.8097705072115384 0.70673996875 0.8047216802884616 0.6936419759615385 0.8162548822115384 0.6828202163461538 0.8335595697115384 0.6816820985576922 0.846533204326923 0.68794753125 0.8631152355769232 0.7084490745192308 0.862392579326923 0.7312345673076923 0.8595068365384615 0.7454706778846153 0.8551855456730769 0.7511689807692308 0.8501367187500001 0.7505979927884615 0.8350000000000001
0 0.47535879567307693 0.9968212884615385 0.47917438221153846 0.9988330072115384 0.4810841057692308 0.9988330072115384 0.48521990625 0.9988330072115384 0.4868094134615385 0.9972265625 0.4925347211538461 0.9944042980769231 0.4963503076923077 0.9919921875 0.4963503076923077 0.9895751947115384 0.49444058653846157 0.9859521490384615 0.4918981490384615 0.98072265625 0.4868094134615385 0.9754882812500001 0.48521990625 0.9762939447115385 0.47917438221153846 0.9783056634615386 0.47344907451923074 0.9827343749999999 0.46899691346153843 0.9855517572115384 0.4709066346153846 0.98998046875 0.47313271634615384 0.9923925769230769 0.47535879567307693 0.9968212884615385
0 0.4162345673076923 0.7629980456730769 0.4204320985576923 0.7562353509615385 0.4246296298076923 0.7528515625 0.43035493750000003 0.7489892572115384 0.43493441346153844 0.7431933581730769 0.4368441346153846 0.741259764423077 0.44065972115384616 0.7427099615384616 0.44830246875 0.74609375 0.45096450721153847 0.7451269519230769 0.46050540144230767 0.7340136730769231 0.46356095673076925 0.727734375 0.46890432211538463 0.7214550793269231 0.47271990625 0.7166259759615384 0.47615355048076924 0.7122802740384616 0.4807330240384615 0.7060009759615385 0.48378857932692304 0.6987548822115385 0.4864583341346154 0.6823339831730769 0.4807330240384615 0.6712207043269232 0.47386574038461543 0.6547998052884616 0.4715740745192308 0.6485205072115385 0.4681404326923077 0.64513671875 0.4639429014423077 0.6369287115384614 0.4585995360576923 0.6316162115384615 0.45592592548076927 0.6296826177884616 0.44905864182692307 0.62919921875 0.4429513894230769 0.6335449230769231 0.43493441346153844 0.6374121081730769 0.42959105048076923 0.6393408197115384 0.42195987740384616 0.6393408197115384 0.4150887355769231 0.6393408197115384 0.40554783894230767 0.6393408197115384 0.3975347211538462 0.6403076177884616 0.3891396610576923 0.642724608173077 0.37959490625000003 0.64369140625 0.3715817908653846 0.6441748052884615 0.36127700721153844 0.6441748052884615 0.3578433653846154 0.64513671875 0.3460108028846154 0.6552832019230769 0.34143132692307687 0.6625292980769231 0.33532407451923074 0.6717041009615384 0.3338001538461538 0.6789501947115385 0.3292168221153846 0.692958985576923 0.32883873557692306 0.7016503918269231 0.3292168221153846 0.7074511730769231 0.32998070913461536 0.7161425793269232 0.32998070913461536 0.7214550793269231 0.32998070913461536 0.72435546875 0.3284567908653846 0.7335302740384615 0.32463734615384615 0.7427099615384616 0.32731095673076926 0.7552685552884615 0.33189043269230767 0.7687939447115385 0.3383796298076923 0.7813525384615385 0.3421952163461538 0.7914941418269231 0.3505902788461538 0.7972900384615385 0.35402777884615383 0.7963281249999999 0.3654745360576923 0.7910107427884616 0.37234567788461537 0.7871484375000001 0.37883487740384614 0.7842480456730769 0.3826504639423077 0.782802735576923 0.3879938269230769 0.7813525384615385 0.4017322524038462 0.7721728509615384 0.4078395072115385 0.7683105480769231 0.4162345673076923 0.7629980456730769
0 0.018746141826923076 1 0.07123842548076922 0.992626954326923 0.09584490625 0.9760205072115385 0.11142746875000001 0.96044921875 0.13028935096153846 0.9396875 0.13028935096153846 0.9158154302884616 0.12454861057692307 0.901279295673077 0.11470679086538461 0.8908984375 0.08682098798076923 0.892978514423077 0.06713734615384616 0.9033544927884616 0.06057484615384615 0.9147753894230769 0.04335262259615384 0.9158154302884616 0.016288579326923076 0.9147753894230769 0 0.917890625 0 0.9936669927884616 0 1 0.018746141826923076 1
0 0.41447144951923076 0.5403369134615384 0.41919753125000003 0.53322265625 0.4218942908653846 0.5298046875 0.4241435192307692 0.5280957043269231 0.42594521634615384 0.52439453125 0.42549382692307697 0.5172802740384616 0.42369598798076924 0.51244140625 0.4205439807692307 0.5090234375 0.41807098798076925 0.5061767572115385 0.41559799278846155 0.5036181634615384 0.40841049278846153 0.5044921875 0.39961419711538465 0.5027832043269231 0.39310570913461534 0.5002001947115384 0.39243055528846155 0.5004833990384616 0.3935570985576923 0.5107324206730769 0.39692901201923075 0.5218359375 0.4045756177884616 0.5366357427884615 0.41020061778846156 0.5403369134615384 0.41447144951923076 0.5403369134615384
0 0 0.6714257812500001 0.02411651201923077 0.6840380865384615 0.040729165865384616 0.6882470697115385 0.051172838942307695 0.6882470697115385 0.06683642067307692 0.6648193365384615 0.06604938221153846 0.6543945312499999 0.06307870432692307 0.6439453125000001 0.04594907451923077 0.6179638677884616 0.02791280769230769 0.60234375 0.014151235576923077 0.593330079326923 0 0.5993408197115385 0 0.6095507812500001 0 0.6215673822115384 0 0.6552050793269231 0 0.6714257812500001
0 0.5731712956730769 0.5093896490384615 0.57669753125 0.5125195312499999 0.5812770072115385 0.5126953125 0.5848032403846154 0.5121142572115385 0.5887847211538462 0.50880859375 0.5918557091346154 0.5082275384615385 0.5961612644230769 0.508984375 0.5990895072115385 0.5113574206730769 0.6011959879807692 0.5138525384615384 0.6042669759615384 0.5155908197115384 0.6055015432692308 0.51599609375 0.606875 0.5115332019230769 0.6105864206730769 0.5101416009615385 0.6110455240384616 0.5064892572115385 0.6102662043269231 0.5006347644230769 0.6096720673076923 0.4973339855769231 0.6087538581730769 0.4932763677884615 0.6058217596153846 0.4899707019230769 0.6041280865384615 0.4863183581730769 0.5990895072115385 0.48318847596153847 0.5949228389423077 0.48261230528846155 0.5901620360576924 0.48376953125 0.585443673076923 0.4849267572115385 0.5802469134615384 0.48681640625 0.5777507716346154 0.4868994134615384 0.5737654326923077 0.4884082019230769 0.5705594134615384 0.4905517572115385 0.5705594134615384 0.49582519471153846 0.5717515432692308 0.502607420673077 0.5720717596153846 0.50689453125 0.5731712956730769 0.5093896490384615
0 0.6316550937500001 0.47679199278846157 0.6359259254807692 0.4749902331730769 0.6487268509615384 0.4695800793269231 0.6534336418269231 0.45854492307692307 0.6524305552884615 0.45224609375 0.6453703701923076 0.44423828125 0.6276620360576923 0.44052734375 0.619058641826923 0.42841796875000004 0.6148919759615384 0.4278808581730769 0.6126697524038461 0.44495605528846155 0.6117206778846154 0.45396484375 0.6102970673076923 0.46538086057692307 0.6212114206730769 0.47258789182692307 0.6316550937500001 0.47679199278846157
0 0.6480748461538461 0.6057666009615384 0.6349768509615384 0.5870263677884615 0.6178896610576923 0.5798144519230769 0.6042206778846154 0.5726074230769231 0.5899807091346154 0.5747705072115384 0.5837152788461538 0.589189454326923 0.5859953701923077 0.6172998052884615 0.5996643509615385 0.6252294927884615 0.6401041658653847 0.6454150384615385 0.6611766971153846 0.6454150384615385 0.6685802475961539 0.6302783197115385 0.6577584879807692 0.6129736322115384 0.6480748461538461 0.6057666009615384
0 0.7811689807692308 0.6133935552884615 0.7748495360576922 0.6140869134615385 0.755898920673077 0.6175634759615385 0.752326389423077 0.6227783197115385 0.7457330240384615 0.6266015625 0.7460108028846153 0.63216796875 0.7520524687500001 0.64572265625 0.7567206778846154 0.6495458990384615 0.7655131177884615 0.6485058581730769 0.7756751538461538 0.6439843749999999 0.7872106490384615 0.6387695312499999 0.7924305552884616 0.6325146490384616 0.7990200624999999 0.620693360576923 0.7811689807692308 0.6133935552884615
0 0.4721836418269231 1 0.4666898149038462 0.9929150384615385 0.4607368822115384 0.9853808581730769 0.45432484615384616 0.9813232427884616 0.4479128076923077 0.9714697259615386 0.44424768509615387 0.9662548822115385 0.4387538581730769 0.9592968749999999 0.431423610576923 0.95408203125 0.4268441346153846 0.9511816394230769 0.42226466105769234 0.9494433581730769 0.4185995360576923 0.9482861322115385 0.41447916586538464 0.9436474615384616 0.4103587956730769 0.9401708990384615 0.4080671298076923 0.9355322259615384 0.4071527788461538 0.9274169927884616 0.4048611105769231 0.9164062500000001 0.4025733028846154 0.9065527331730769 0.4021141971153846 0.9019140625000001 0.4002816346153846 0.8914794927884616 0.39707561778846157 0.8804687499999999 0.39386959855769227 0.875830079326923 0.3883757716346154 0.8700341802884615 0.38104552403846154 0.8711962884615385 0.37601080288461536 0.8717724615384616 0.36639274759615387 0.8775683605769231 0.3604359567307692 0.8793115240384615 0.35540123557692305 0.8769921875000001 0.3512770072115385 0.8746728509615385 0.34303626442307694 0.8740917956730769 0.3407445985576923 0.8769921875000001 0.3384529326923077 0.87525390625 0.33295910576923077 0.8717724615384616 0.3283796298076923 0.8682958990384615 0.32105324038461536 0.8601806634615384 0.31464120432692305 0.86076171875 0.31372299278846155 0.86076171875 0.3086844134615384 0.8596044927884615 0.2986111105769231 0.8596044927884615 0.2940316346153846 0.8648193365384615 0.29036651201923075 0.8706152331730769 0.28990740625 0.8833691394230769 0.28807870432692306 0.888583983173077 0.2862461418269231 0.8961181634615384 0.2848726850961538 0.9065527331730769 0.2848726850961538 0.9187255865384615 0.2853279326923077 0.9274169927884616 0.2834953701923077 0.9372705072115385 0.2821219134615385 0.9442285144230769 0.2821219134615385 0.95060546875 0.28166666586538464 0.9697314447115384 0.2798341057692308 0.9836425769230769 0.2775424375 0.99349609375 0.2761689807692308 0.998134766826923 0.2775424375 1 0.4721836418269231 1
0 0.8897337956730769 0.9930712884615385 0.8870833341346154 0.9893798822115384 0.8841705240384615 0.9873681634615384 0.8812538581730769 0.9846874999999999 0.8786033942307692 0.9833447259615385 0.8754243822115384 0.9820019519230769 0.8740972211538461 0.9793212884615384 0.8733024687500001 0.97697265625 0.8711844134615384 0.9736181634615384 0.8698572524038461 0.9719384759615385 0.8680555552884616 0.96826171875 0.8658834879807693 0.967578125 0.86482253125 0.967578125 0.8618827163461538 0.97021484375 0.8599537043269231 0.97119140625 0.8549382716346153 0.9736328125 0.8515702163461539 0.9762988269230769 0.8495370360576923 0.97705078125 0.8476080240384616 0.978515625 0.8452083341346154 0.9793212884615384 0.8436188269230769 0.9799902331730769 0.8393788581730769 0.9799902331730769 0.8372569447115384 0.9803271490384616 0.8343441346153846 0.9820019519230769 0.8322222211538463 0.9833447259615385 0.8290432091346154 0.9846874999999999 0.8248456778846154 0.986328125 0.82330246875 0.98681640625 0.819058641826923 0.99072265625 0.819058641826923 0.99267578125 0.8202970673076924 0.993740235576923 0.8202970673076924 1 0.8939776225961539 0.9997802740384615 0.8910609567307692 0.9957568365384616 0.8897337956730769 0.9930712884615385
0 0.12762731490384616 0.36687988221153844 0.12868827163461538 0.37225097596153844 0.13186728365384615 0.37895996153846156 0.13505015384615385 0.38365234375 0.14194058653846153 0.38600097596153843 0.14935956730769231 0.3880126947115385 0.15678240625 0.3953955072115385 0.1589004639423077 0.40109863221153846 0.16208333413461537 0.406796875 0.16552855048076923 0.41216796875 0.1687075625 0.4212207019230769 0.1718904326923077 0.4272607427884615 0.1748032403846154 0.43128418028846155 0.1888503076923077 0.4329638677884615 0.18805555528846155 0.4366503894230769 0.19097222115384616 0.4440332043269231 0.19786265384615384 0.4483935552884616 0.2013078701923077 0.44570800721153847 0.21111496875 0.45107421875 0.21482253125 0.4577832043269231 0.22197916586538463 0.46684081971153846 0.22410107932692308 0.4748925793269231 0.23523148076923078 0.48361328124999997 0.2415933653846154 0.48126464903846156 0.24795524759615384 0.47522949278846155 0.2521952163461539 0.46852050721153843 0.2556404326923077 0.46147461057692307 0.25829089423076923 0.4520849615384615 0.26067515384615386 0.443359375 0.26067515384615386 0.4369873052884615 0.26040894951923077 0.4272607427884615 0.2612037043269231 0.41887695432692307 0.2625308653846154 0.41015136778846156 0.26332561778846153 0.40411621153846156 0.26412037019230766 0.3953955072115385 0.26491512259615385 0.38566894471153845 0.26491512259615385 0.37325683653846153 0.26412037019230766 0.3658740240384616 0.26412037019230766 0.3568212884615385 0.26305941346153844 0.3491064447115385 0.25771605048076923 0.34521484375 0.25077160576923074 0.3427734375 0.24397762259615385 0.34071777403846154 0.23655864182692307 0.34071777403846154 0.23099151201923077 0.3410546875 0.22569058653846152 0.34172363221153845 0.21959490625000003 0.3434033197115385 0.21270447596153846 0.3444091802884615 0.20501929086538462 0.3447412115384615 0.19786265384615384 0.3454150384615385 0.1891165120192308 0.3467578125 0.18381558653846156 0.3477636730769231 0.17708333413461538 0.34716796875 0.16859567788461538 0.34765625 0.15943287019230767 0.35078125000000004 0.14856481490384615 0.3524609375 0.1371682091346154 0.3578271490384616 0.13372299278846153 0.3581591802884615 0.13186728365384615 0.3598388677884615 0.12842206730769232 0.36251953124999997 0.12762731490384616 0.36687988221153844
0 0.2916049375 0.43246093750000003 0.29637731490384617 0.43682128846153845 0.3008796298076923 0.43883300721153845 0.30538580288461536 0.44084472596153845 0.3114814807692308 0.43950195432692307 0.3226157403846154 0.43547851682692307 0.32871142067307696 0.4351416009615384 0.3350694447115385 0.43547851682692307 0.34275848798076924 0.43447265625 0.34885416586538465 0.4334667980769231 0.3504436730769231 0.4317871081730769 0.3530941346153846 0.4301123052884615 0.3573341057692308 0.42776367067307697 0.3576003076923077 0.42608886778846156 0.35865740625 0.422734375 0.36184027884615383 0.42105468749999997 0.36263503125 0.41770019471153846 0.36263503125 0.40797363221153843 0.3629012355769231 0.40327636778846154 0.3642245360576923 0.3985791009615385 0.3647530865384615 0.3952246081730769 0.3629012355769231 0.39053222596153847 0.3605131177884615 0.3875097644230769 0.3597183653846154 0.3834863293269231 0.3594521610576923 0.3797949206730769 0.3576003076923077 0.37510253846153846 0.3552121923076923 0.37107421874999996 0.3554783942307692 0.36771972596153846 0.35150462980769226 0.36302246153846157 0.3456712956730769 0.35966796874999996 0.34249228365384615 0.3593359375 0.3387808653846154 0.3563183605769231 0.3363966057692308 0.3529638677884615 0.32923996875 0.34792968750000003 0.3236728389423077 0.3462548822115385 0.31545910576923075 0.34558105528846156 0.31413194471153844 0.34323242307692303 0.31042052403846154 0.3398779302884615 0.30538580288461536 0.3358544927884616 0.29982253125 0.3318310552884615 0.29478394951923076 0.33115722596153846 0.28736496875 0.33216308653846155 0.28365355048076923 0.3335058605769231 0.2767631177884616 0.338203125 0.27278935096153845 0.34256347596153847 0.26775077163461536 0.34692382692307694 0.2645717596153846 0.35162109375 0.2651003076923077 0.36369628846153845 0.2658950625 0.37409179567307693 0.2640432091346154 0.38851562500000003 0.26430555528846156 0.3965673822115384 0.2656327163461538 0.40227050721153845 0.2669560192307692 0.405625 0.2704012355769231 0.40864257692307693 0.27490740625 0.4183691394230769 0.2817978389423077 0.4234033197115385 0.2857754639423077 0.42541503846153844 0.2916049375 0.43246093750000003
0 0.9009259254807692 0.4552197259615385 0.9039467596153846 0.45382812499999997 0.9044984567307692 0.44965820192307693 0.9009259254807692 0.44305175721153844 0.8929591057692308 0.4364453125 0.884996141826923 0.43470703125 0.8808757716346154 0.43505859375 0.8748302475961538 0.4374902331730769 0.8709876538461538 0.4392285168269231 0.8693402788461538 0.44096679807692307 0.8685146610576923 0.4427050769230769 0.8740084879807692 0.46530273557692303 0.8827970673076924 0.4628662115384615 0.8915856490384615 0.4593896490384616 0.8970794759615385 0.45730468750000003 0.9009259254807692 0.4552197259615385
0 0.8805131177884615 0.9379589855769231 0.8836921298076923 0.9346044927884616 0.8847530865384615 0.9312499999999999 0.8871373461538461 0.9265527355769231 0.8879320985576923 0.9238720697115385 0.8903202163461538 0.9198486322115385 0.8921720673076923 0.91783203125 0.8927044759615386 0.9161572259615384 0.8905825625 0.9128027331730769 0.8887268509615385 0.9067626947115385 0.886875 0.9013964831730769 0.8852816346153846 0.8977099615384615 0.8839583341346154 0.8936816418269231 0.8813078701923077 0.889990235576923 0.8789236105769231 0.8873095697115385 0.8754783942307692 0.8849609375 0.8672608028846154 0.8846240240384616 0.8606365745192307 0.8879785168269231 0.85294753125 0.8910009759615385 0.8497685192307693 0.8946875 0.8457908942307693 0.8977099615384615 0.8383719134615385 0.9007275384615384 0.8333371923076923 0.9057568365384616 0.8280362644230769 0.9111230480769231 0.8222029326923077 0.9168261730769232 0.8169058653846153 0.9228662115384616 0.8137229927884615 0.925546875 0.811338735576923 0.9295751947115385 0.81107253125 0.9362841802884615 0.8116049375000001 0.9393017572115384 0.8129282403846154 0.9429931634615384 0.8123996923076924 0.947353516826923 0.810806326923077 0.9510400384615385 0.8094830240384615 0.9550683605769231 0.8102777788461538 0.95640625 0.8118672836538461 0.9577490240384615 0.8134567908653847 0.957080076923077 0.815972221153846 0.95361328125 0.8179012355769231 0.951171875 0.8209876538461539 0.947265625 0.8229166658653846 0.943359375 0.8240586418269231 0.94064453125 0.8251195985576923 0.9399707019230769 0.8269753076923076 0.9396386730769231 0.8301543221153846 0.9396386730769231 0.8321759254807692 0.939453125 0.8348765432692308 0.93896484375 0.8389004639423077 0.9382958990384616 0.840663579326923 0.93798828125 0.8418171298076923 0.9369531249999999 0.8463233028846153 0.9386328125 0.8484413581730769 0.9393017572115384 0.8508294759615385 0.9403076177884616 0.8545370360576924 0.94064453125 0.8585146610576923 0.9419873052884615 0.8622685192307693 0.943359375 0.8649691346153846 0.94482421875 0.8672608028846154 0.947353516826923 0.8699112644230769 0.9520458990384615 0.8709722211538462 0.9513769519230769 0.8730902788461539 0.9476855480769231 0.8746797836538461 0.9443310552884616 0.87865740625 0.9399707019230769 0.8805131177884615 0.9379589855769231
0 0.7534336418269232 0.6443457019230769 0.7481018509615385 0.6338525384615384 0.7433641971153846 0.6181103509615385 0.73803240625 0.6008691394230768 0.7285570985576922 0.6008691394230768 0.7238194447115384 0.60986328125 0.7107870360576923 0.6345996105769232 0.7042708341346154 0.650341798076923 0.70071759375 0.6668359375 0.70071759375 0.68482421875 0.7042708341346154 0.6975683581730769 0.7149344134615384 0.7148095697115384 0.7409953701923077 0.7133105480769231 0.764683641826923 0.6915722644230768 0.7617245360576923 0.6705810552884616 0.7563927475961538 0.6638378918269231 0.7534336418269232 0.6443457019230769
0 0.5998070985576923 0.8195117187500001 0.596836420673077 0.822265625 0.59259259375 0.82421875 0.5875964495192307 0.8267578124999999 0.5868325624999999 0.8296533197115384 0.5883603389423077 0.8359326177884616 0.5883603389423077 0.8426953125 0.5906481490384615 0.8484912115384616 0.5917939807692307 0.8538037115384616 0.5937037043269231 0.8581542980769231 0.5956095673076923 0.8629833990384616 0.5982831778846154 0.8702294927884615 0.6001890432692307 0.8745751947115384 0.6020987644230769 0.8774755865384616 0.6047685192307692 0.88037109375 0.6062962956730769 0.8832714855769231 0.6097299374999999 0.8890673822115385 0.6135493822115385 0.893896485576923 0.6166010793269231 0.8972802740384616 0.6215625 0.90017578125 0.6265239206730769 0.9035595697115385 0.6318672836538461 0.9035595697115385 0.6467515432692307 0.9030761730769231 0.6494212956730769 0.902109375 0.6543827163461539 0.8977636706730769 0.6593479927884616 0.89486328125 0.6677430552884616 0.888583983173077 0.6738503076923077 0.8905175769230769 0.6791936730769231 0.8900341802884615 0.6826273149038461 0.8876171875 0.6868248461538461 0.8842382812499999 0.6872067908653846 0.8813378918269231 0.6856790120192309 0.8779589831730769 0.6833912043269231 0.8745751947115384 0.6795717596153845 0.8711962884615385 0.6746103389423077 0.8673291009615384 0.6715586418269232 0.8649169927884616 0.6658333341346154 0.86056640625 0.6627816346153845 0.8576708990384615 0.6585841057692308 0.8523583990384616 0.6551466057692308 0.848974610576923 0.65209490625 0.8446289062500001 0.6498032403846155 0.8393164062499999 0.6452237644230769 0.83400390625 0.6398804014423077 0.8291699206730769 0.6304012355769231 0.82080078125 0.6219444447115384 0.8151660144230769 0.618128858173077 0.8098486322115386 0.6112577163461539 0.812265625 0.6055324062499999 0.8166113269230769 0.5998070985576923 0.8195117187500001
0 0.743256173076923 0.8030615240384615 0.7422685192307692 0.7863769519230769 0.7396334879807692 0.7663525384615385 0.7340277788461538 0.7559228509615384 0.7287538581730769 0.7471630865384615 0.7205131177884615 0.7396533197115385 0.7168904326923078 0.7384033197115384 0.7112847211538462 0.7500830072115385 0.7076581778846154 0.7738623052884616 0.7073302475961539 0.7926318365384616 0.7066705240384615 0.79513671875 0.7152391971153846 0.8030615240384615 0.7264467596153845 0.8105712884615385 0.743256173076923 0.8118212884615384 0.743256173076923 0.8030615240384615
0 0.16145833413461538 0.8358837884615385 0.15899691346153844 0.8234277355769231 0.15325617307692307 0.8109716802884616 0.14259259375 0.7974755865384615 0.12209105048076922 0.7943652355769231 0.09994598798076923 0.7933251947115385 0.0974845673076923 0.7943652355769231 0.09010416586538463 0.8005908197115384 0.08108024759615384 0.8099316394230769 0.07206018509615385 0.8192773437499999 0.05893518509615384 0.8327685552884615 0.05893518509615384 0.8358837884615385 0.07944058653846153 0.8711767572115385 0.09174382692307693 0.872216795673077 0.11470679086538461 0.8742919927884615 0.1352121923076923 0.8649511706730769 0.16145833413461538 0.8358837884615385
0 0.8187577163461538 0.9902880865384615 0.8216743822115385 0.9876025384615384 0.8259143509615385 0.985927735576923 0.8306867283653846 0.9832421875 0.8338657403846154 0.9815673822115384 0.8378433653846155 0.9802246105769231 0.8426118822115385 0.9795556634615384 0.8484413581730769 0.9785449206730769 0.853213735576923 0.974521483173077 0.8563927475961539 0.972509766826923 0.8603703701923078 0.9701611322115385 0.8640817908653846 0.9678125000000001 0.8664660504807693 0.9671435552884616 0.8683217596153846 0.9678125000000001 0.8722955240384616 0.9755273437499999 0.8717669759615384 0.9651318365384616 0.8717669759615384 0.9584228509615385 0.8699112644230769 0.9530566418269231 0.8664660504807693 0.9460107427884614 0.8606365745192307 0.94265625 0.8569251538461539 0.9413134759615385 0.8508294759615385 0.94064453125 0.8487075625 0.9396386730769231 0.8415509254807693 0.9372900384615386 0.840493826923077 0.9382958990384616 0.8370447524038462 0.9386328125 0.8312152788461538 0.9396386730769231 0.8264467596153846 0.9396386730769231 0.8240586418269231 0.9413134759615385 0.8230015432692308 0.9436621081730769 0.8182291658653846 0.9510400384615385 0.8123996923076924 0.9594287115384615 0.808159721153846 0.9654638677884615 0.8076273149038461 0.9681494134615385 0.8068325624999999 0.9741845697115384 0.806566358173077 0.9798876947115385 0.8169058653846153 0.9919628918269231 0.8169058653846153 0.9906250000000001 0.8187577163461538 0.9902880865384615
0 0 0.5266503894230768 0.01747299278846154 0.5392675793269232 0.035146605769230774 0.5313964831730769 0.04880015384615385 0.5140380865384615 0.05829089423076923 0.5026220697115384 0.05781635817307692 0.4966162115384615 0.05639274759615384 0.4924121081730769 0.04025462980769231 0.4852050793269231 0.031712963942307694 0.48040039182692307 0.023641975961538463 0.47018554807692303 0.015100307692307692 0.4605761706730769 0 0.45877441346153847 0 0.5266503894230768
0 0.005605709134615384 0.8226806634615385 0.023919752403846153 0.830078125 0.030482252403846152 0.8331738269230768 0.04114583413461538 0.8331738269230768 0.059506173076923075 0.8279248052884616 0.06424382692307692 0.817431639423077 0.07194444471153846 0.8061865240384616 0.07490355048076923 0.7934423822115384 0.06944444471153846 0.78076171875 0.05891203605769231 0.7664599615384616 0.056543209134615385 0.7657080072115385 0.051215278846153844 0.7657080072115385 0.03877700721153846 0.7657080072115385 0.02752314903846154 0.7604589831730769 0.023969906250000002 0.7447216802884615 0.009753086538461539 0.7402197259615384 0.0008680552884615385 0.7439697259615384 0.00205246875 0.8226806634615385 0.005015432692307692 0.8211816394230769 0.005605709134615384 0.8226806634615385
0 0.5205902788461538 0.39329589903846157 0.5224884254807692 0.39029296874999997 0.5262847211538462 0.3764746105769231 0.5220138894230769 0.3668652355769231 0.5163155865384615 0.35484863221153845 0.5139429014423077 0.3494433581730769 0.5035030865384615 0.3494433581730769 0.4902121923076923 0.3518457043269231 0.4883140432692308 0.3608544927884615 0.49875385817307694 0.38728515625 0.5096720673076923 0.39209472596153844 0.5205902788461538 0.39329589903846157
0 0.08359567788461539 0.7787402355769231 0.08293595673076924 0.7829345697115385 0.08293595673076924 0.7865673822115385 0.08359567788461539 0.78908203125 0.08801311778846153 0.7929980456730769 0.09066357932692307 0.7929980456730769 0.09464120432692308 0.7929980456730769 0.10082561778846154 0.79271484375 0.10524305528846155 0.7918798822115385 0.11032021634615385 0.7938330072115385 0.11363425961538462 0.7952343749999999 0.11783179086538462 0.7960693365384616 0.12732638942307692 0.7949511706730769 0.13064043269230768 0.7941162115384616 0.13439429086538462 0.7941162115384616 0.13682484615384616 0.7943945312499999 0.13969521634615384 0.7969091802884616 0.14300925961538463 0.7994238293269231 0.14875 0.8022216802884615 0.15471450721153845 0.8050146490384615 0.16067901201923077 0.8078125 0.16641975240384616 0.8078125 0.1726041658653846 0.8078125 0.17856867307692306 0.8094873052884615 0.18519290144230768 0.8103271490384615 0.19248070913461537 0.8100488293269231 0.19800540144230772 0.8083691418269231 0.20021219230769233 0.804736326923077 0.20153549278846153 0.8008251947115385 0.20219907451923075 0.7957910144230769 0.20241898076923076 0.7915966802884615 0.20418595673076922 0.7860058581730769 0.20617669711538464 0.782373045673077 0.2086033942307692 0.7787402355769231 0.21169753125000002 0.7759423822115384 0.2158950625 0.7734277355769231 0.22472607932692307 0.7695166009615384 0.22892361057692306 0.7681201177884615 0.23334105048076925 0.7653222668269231 0.236875 0.7622460937500001 0.23908564903846155 0.7600097644230769 0.24261959855769233 0.7594531250000001 0.24725694471153847 0.7555371081730768 0.24902392067307694 0.7530224615384615 0.2525578701923077 0.749111329326923 0.2567515432692308 0.7446386706730769 0.2582986105769231 0.7412841802884615 0.2580787043269231 0.7379296875 0.25564814903846156 0.734296875 0.25233410576923077 0.730380858173077 0.24637345673076924 0.7261865240384615 0.2395254639423077 0.7228320312500001 0.23621142067307693 0.7211572259615384 0.23069058653846156 0.7180810552884616 0.22671682211538463 0.7178027331730769 0.22384259375 0.7178027331730769 0.21743827163461538 0.7172460937499999 0.21103394951923077 0.7175244134615385 0.2086033942307692 0.7183642572115385 0.20374614182692305 0.7191992187499999 0.19800540144230772 0.7197607427884616 0.18942901201923076 0.72265625 0.18016975240384614 0.724609375 0.17348765384615383 0.7261865240384615 0.16597993749999998 0.72814453125 0.15979552403846153 0.728984375 0.15118055528846155 0.7301025384615384 0.14809027884615383 0.7306591802884616 0.14234567788461538 0.7320605480769231 0.1394753076923077 0.7340136730769231 0.13527777884615386 0.73708984375 0.1321875 0.7401660168269231 0.12865355048076924 0.7454785144230769 0.1266666658653846 0.751904298076923 0.12489969230769231 0.7560986322115385 0.12379243749999999 0.7574951177884616 0.12180555528846154 0.7594531250000001 0.11871527884615385 0.7636474615384615 0.11849151201923076 0.7650439447115385 0.11253086538461539 0.7672802740384616 0.11032021634615385 0.7672802740384616 0.10678626442307691 0.7672802740384616 0.0997183653846154 0.7672802740384616 0.09419753125 0.7678369134615385 0.09022376442307692 0.7703564447115384 0.08668981490384617 0.7714746105769231 0.08470293269230769 0.7748291009615385 0.08359567788461539 0.7787402355769231
0 0.8711033942307692 0.869921875 0.8682330240384615 0.86265625 0.8677893509615384 0.8579003918269231 0.8664660504807693 0.850634764423077 0.8660223774038461 0.8486767572115385 0.8660223774038461 0.8425292980769231 0.8644791658653846 0.8388964831730769 0.8616049375 0.83134765625 0.8598379639423077 0.8288330072115385 0.8578510793269231 0.8263134759615384 0.8527739206730769 0.8249169927884614 0.8476929014423077 0.8235205072115386 0.844598764423077 0.8226806634615385 0.8375308653846154 0.8218457019230769 0.8333371923076923 0.8210058581730769 0.8286998461538461 0.8198876947115384 0.8236188269230769 0.819609375 0.8211882716346154 0.8184912115384615 0.8167708341346154 0.8173730480769231 0.8103665120192307 0.8173730480769231 0.803298610576923 0.8212841802884616 0.7975578701923076 0.82603515625 0.7938001538461539 0.8291113269230769 0.7926967596153845 0.8338623052884616 0.7907098774038462 0.8402929687499999 0.7884992283653846 0.8470019543269232 0.7867322524038461 0.8534326177884615 0.7847453701923077 0.8576220697115384 0.7829783942307693 0.8634912115384614 0.7836419759615385 0.8685253894230769 0.7865123461538462 0.8732763677884615 0.7900462956730769 0.8766308581730768 0.7957908942307692 0.8827783197115384 0.7973341057692308 0.8858544927884615 0.7975578701923076 0.8911669927884615 0.799101079326923 0.8961962884615384 0.8004282403846154 0.8987158197115386 0.8028587956730769 0.900390625 0.8079359567307692 0.903466795673077 0.8116898149038462 0.9059814447115385 0.8156674375 0.90849609375 0.8172145072115384 0.91017578125 0.8174344134615384 0.9135302740384615 0.8209683653846154 0.9166015624999999 0.8225154326923078 0.9157666009615385 0.8262692908653846 0.9124121081730769 0.8300231490384615 0.9082177740384616 0.8344405865384614 0.9043066394230769 0.8379745360576922 0.90123046875 0.8419483028846154 0.89955078125 0.8472492283653845 0.8970361322115384 0.8525501538461538 0.8914453125 0.8587345673076924 0.8883691418269231 0.8655825625 0.8850146490384615 0.8724305552884615 0.8844580072115384 0.8777276225961538 0.8855761730769232 0.8786111105769231 0.8808251947115384 0.8761844134615384 0.8774707019230769 0.8730902788461539 0.872998048076923 0.8711033942307692 0.869921875
0 0.6010802475961539 0.69287109375 0.6257716057692307 0.6865234375 0.6373456778846154 0.67138671875 0.6331018509615384 0.646484375 0.6165123461538461 0.63037109375 0.5995563269230769 0.62927734375 0.5853395072115385 0.6274804687500001 0.5640162043269231 0.6274804687500001 0.5412731490384616 0.6238818365384616 0.5299035504807692 0.6274804687500001 0.5263464495192308 0.6454687499999999 0.5277700625 0.6715576177884616 0.5391435192307692 0.69044921875 0.5512229927884615 0.6976416009615385 0.5771604927884615 0.703125 0.6010802475961539 0.69287109375
0 0.9366859567307693 0.9950927740384615 0.9503086418269231 0.9875927740384616 0.955046295673077 0.9741015625 0.955046295673077 0.96810546875 0.955046295673077 0.95236328125 0.9414236105769231 0.9426171875 0.9260262355769231 0.9388720697115385 0.8934490745192308 0.9441162115384615 0.8857484567307693 0.9448681634615385 0.8717669759615384 0.9584228509615385 0.8870833341346154 0.9893798822115384 0.9141782403846155 0.9838476562499999 0.9260262355769231 0.98609375 0.9366859567307693 0.9950927740384615
0 0.26760802403846157 0.5807177740384616 0.26380787019230767 0.59453125 0.2709297836538461 0.6059472644230769 0.2818441346153846 0.61435546875 0.2970331778846154 0.6113525384615385 0.30937499999999996 0.59994140625 0.30415509375 0.5909277355769231 0.2861188269230769 0.56990234375 0.27330246874999997 0.5662988269230769 0.26760802403846157 0.5807177740384616
0 0.7773456778846154 0.9396875 0.779371141826923 0.9420166009615384 0.7804745360576923 0.9434130865384615 0.782318673076923 0.9455126947115384 0.7848919759615385 0.9485400384615384 0.788391204326923 0.94970703125 0.7905979927884614 0.9525 0.7913348774038462 0.9545947259615384 0.7926234567307693 0.9555273437499999 0.7950154326923078 0.9555273437499999 0.7972260793269231 0.9555273437499999 0.7990663581730769 0.9529638677884615 0.8034837956730769 0.950634766826923 0.8049537043269231 0.9483056634615384 0.8067939807692308 0.9450439447115385 0.8082677475961538 0.941552733173077 0.8086381177884616 0.9378222668269232 0.8086381177884616 0.9357275384615384 0.8086381177884616 0.9317675793269231 0.8088194447115384 0.9282763677884615 0.8110300937499999 0.92408203125 0.8137885793269231 0.9215185552884615 0.815628858173077 0.9196533197115385 0.8178395072115384 0.9170947259615385 0.8182060192307692 0.9152294927884616 0.8172878076923078 0.9110351562500001 0.8167361105769231 0.9091748052884616 0.8152623461538462 0.9080078125 0.8125 0.9061425769230769 0.8102932091346153 0.90451171875 0.8077160504807692 0.9033496081730769 0.8045871923076924 0.90171875 0.8016435192307692 0.9003222668269231 0.7999845673076924 0.8991552740384615 0.7966743822115384 0.8972949230769232 0.7900462956730769 0.896826173076923 0.7834220673076923 0.8954296875 0.779556326923077 0.8937988269230769 0.7742168221153847 0.8947314447115384 0.7714583341346154 0.89845703125 0.7694328701923077 0.901484375 0.7664891971153847 0.9059130865384616 0.7633603389423077 0.9110351562500001 0.7613348774038461 0.913134764423077 0.7587577163461539 0.9170947259615385 0.7589429014423076 0.9205859375000001 0.7607831778846154 0.92361328125 0.7626234567307691 0.9254785168269231 0.7646489206730769 0.9275732427884615 0.7668557091346154 0.9296728509615384 0.7685146610576923 0.9296728509615384 0.7727469134615385 0.9343310552884615 0.7745871923076924 0.9359619134615385 0.7773456778846154 0.9396875
0 0.25050154326923074 0.8969970697115385 0.25209490625000003 0.9010205072115384 0.25463734615384614 0.9038378894230769 0.2565470673076923 0.905849610576923 0.25972607932692304 0.911083985576923 0.2619521610576923 0.9155126947115384 0.2664043221153846 0.91671875 0.27212962980769234 0.9175244134615385 0.27499228365384615 0.9159130865384615 0.2781712956730769 0.9114892572115385 0.27944444471153845 0.9066552740384615 0.28071759375 0.89619140625 0.2810339495192308 0.89095703125 0.2804012355769231 0.8808935552884616 0.27912808653846155 0.8784814447115384 0.27467592548076925 0.8756640625000001 0.2692669759615385 0.8744531249999999 0.26131558653846154 0.8740527331730769 0.2530478389423077 0.8756640625000001 0.25050154326923074 0.876064454326923 0.2485956778846154 0.8804931634615384 0.24891203605769233 0.89095703125 0.25050154326923074 0.8969970697115385
0 1 0.5483496105769231 0.9991010793269232 0.41548339903846154 0.9597337956730769 0.43208984375 0.9252854927884615 0.4424707043269231 0.9154436730769231 0.46011718749999997 0.8884259254807693 0.5148925769230769 0.8640432091346154 0.531787108173077 0.8493441346153846 0.5337890625 0.8192515432692308 0.584375 0.7932368822115384 0.6241259759615385 0.7825771610576923 0.6770654302884616 0.7833950624999999 0.7227392572115385 0.8030787043269231 0.77775390625 0.8268672836538461 0.788134764423077 0.8375270072115384 0.8037060552884616 0.8531095673076923 0.81201171875 0.8637731490384616 0.8161621105769231 0.8850964495192308 0.8317333990384616 0.9064236105769231 0.8535302740384616 0.9310262355769231 0.8649511706730769 0.9638348774038461 0.86287109375 0.9753163581730769 0.8524951177884615 0.995 0.8286181634615384 1 0.7694482427884615 1 0.671875 1 0.5483496105769231
0 0.043101850961538464 0.5861230480769231 0.050223764423076925 0.60474609375 0.055918209134615385 0.6167578125000001 0.06778549278846155 0.6149560552884615 0.07680169711538462 0.6053466802884615 0.08249614182692308 0.5819189447115385 0.08677083413461538 0.5741113269230769 0.055918209134615385 0.5741113269230769 0.043101850961538464 0.5861230480769231
0 0.2601388894230769 0.7402929687500001 0.2574691346153846 0.741259764423077 0.2525077163461539 0.7480224615384615 0.25097993749999997 0.7499560552884615 0.25059799278846157 0.7499560552884615 0.24716435096153846 0.7552685552884615 0.24143904326923077 0.759130860576923 0.23762345673076923 0.7629980456730769 0.23189814903846154 0.7658935552884615 0.22350308653846154 0.7702441394230769 0.21739583413461538 0.77265625 0.20937885817307694 0.7794189447115384 0.2063271610576923 0.78376953125 0.20216049278846154 0.79052734375 0.20293209855769231 0.79736328125 0.20251157451923077 0.8059863293269232 0.20021990625000002 0.8117822259615385 0.19831404326923077 0.8161279302884614 0.1956404326923077 0.8224072259615384 0.19602237740384615 0.827724610576923 0.19869598798076923 0.8286865240384615 0.20441743750000002 0.8306201177884615 0.21167052403846157 0.8335205072115385 0.21739583413461538 0.8359326177884616 0.22312114182692305 0.8412451177884616 0.22846450721153846 0.8455957019230769 0.23876929086538462 0.8509082043269232 0.24831018509615385 0.8581542980769231 0.25212577163461536 0.8629833990384616 0.26052083413461535 0.8678125 0.26548225240384615 0.8692626947115384 0.27502314903846153 0.8707128918269231 0.28227623557692305 0.8711962884615385 0.28838348798076924 0.8716796874999999 0.2921990745192308 0.8702294927884615 0.2952507716346154 0.8649169927884616 0.2975424375 0.8581542980769231 0.30784722115384616 0.8596044927884615 0.31815200721153847 0.8596044927884615 0.3212037043269231 0.8596044927884615 0.3242554014423077 0.8586376947115385 0.32692901201923075 0.8538037115384616 0.32998070913461536 0.8475244134615385 0.33417824038461535 0.840283204326923 0.3376157403846154 0.8330371081730769 0.34334105048076924 0.8286865240384615 0.3490663581730769 0.8238574230769231 0.34868441346153844 0.8180615240384616 0.34830246875 0.8108154302884615 0.3471566346153846 0.8030859375 0.34486496875 0.7968066418269231 0.34220679086538464 0.791015625 0.3387615745192308 0.7832861322115385 0.3348765432692308 0.7744140625 0.3317901225961538 0.767578125 0.3280748461538462 0.7596142572115384 0.3234953701923077 0.753818358173077 0.32043981490384615 0.750439454326923 0.31738811778846154 0.7485058605769231 0.31357253124999995 0.7475390625 0.3051736105769231 0.7451269519230769 0.29983024759615384 0.7451269519230769 0.29372685096153844 0.7451269519230769 0.2876195985576923 0.7431933581730769 0.27731481490384613 0.7402929687500001 0.2712075625 0.741259764423077 0.26471836538461535 0.741259764423077 0.2601388894230769 0.7402929687500001
0 0.31696759375 0.19145507932692307 0.30700231490384616 0.19025390625 0.30225694471153847 0.18785156249999999 0.30130401201923074 0.18785156249999999 0.28374614182692304 0.18665039182692308 0.27852237740384617 0.18604980528846154 0.26096064903846156 0.18965331971153845 0.26048611057692306 0.1974609375 0.2633333341346154 0.20767578125 0.2699807091346154 0.21908691346153847 0.2818441346153846 0.22148925721153848 0.30320601923076923 0.23170410096153848 0.3202932091346154 0.22509277403846153 0.3278858028846154 0.21067871153846152 0.32408950721153845 0.19265625 0.3217168221153846 0.19145507932692307 0.31696759375 0.19145507932692307
0 0.4692091057692308 0.9670654302884615 0.4694367283653846 0.97013671875 0.47030864182692306 0.9732080072115384 0.47186342548076926 0.9737890625 0.4731905865384615 0.9759912115384615 0.47497685096153847 0.9782519519230769 0.47672067788461536 0.9787744134615385 0.4787345673076923 0.9770947259615385 0.48203317788461536 0.9768603509615384 0.4868865745192308 0.9754101562499999 0.48798611057692304 0.9759912115384615 0.49087191346153847 0.9785449206730769 0.4930671298076923 0.9813232427884616 0.49462577163461535 0.98103515625 0.49595293269230767 0.9787744134615385 0.4975115745192307 0.9748925793269231 0.4988387355769231 0.9715283197115384 0.4994791658653846 0.9675878894230769 0.4997106490384615 0.9634130865384616 0.4999382716346154 0.9572705072115385 0.4981983028846154 0.9569238269230769 0.4972839495192308 0.9551855480769231 0.4954513894230769 0.9551855480769231 0.4904128076923077 0.95576171875 0.4858333341346154 0.9563427740384616 0.4803356490384615 0.9586621081730768 0.4771296298076923 0.960400391826923 0.4745216057692308 0.9626025384615384 0.4712229927884615 0.9648046874999999 0.4692091057692308 0.9670654302884615
0 0.7859182091346154 0.528154298076923 0.78125 0.5198095697115385 0.7653202163461538 0.5111181634615385 0.7625733028846154 0.5135546875 0.7562538581730769 0.5170263677884616 0.7480131177884615 0.52015625 0.7351041658653846 0.5208544927884615 0.7293364206730769 0.5225927740384615 0.7213695985576922 0.533369139423077 0.7199961418269231 0.539970701923077 0.7238425937499999 0.5493603509615385 0.7301620360576924 0.5570068365384615 0.7389506177884615 0.5597900384615385 0.745266204326923 0.561875 0.7513117283653846 0.5646533197115384 0.7562538581730769 0.56673828125 0.7642206778846153 0.5583984375 0.770536264423077 0.5510986322115385 0.7779552475961539 0.5424072259615385 0.7850964495192307 0.533369139423077 0.7859182091346154 0.528154298076923
0 0.20565972115384618 0.5405859375 0.2191628076923077 0.5072998052884615 0.21774305528846155 0.49110839903846154 0.2035262355769231 0.46322265625000003 0.18149305528846152 0.46052246153846155 0.17154320913461538 0.46052246153846155 0.14951003125 0.46052246153846155 0.1281867283653846 0.46052246153846155 0.10118055528846154 0.46502441346153844 0.08412037019230768 0.47221679807692307 0.07559413461538461 0.501005858173077 0.07488040144230769 0.52529296875 0.09975694471153845 0.5441796875 0.11184027884615386 0.5540771490384615 0.1772299375 0.5459814447115384 0.20565972115384618 0.5405859375
0 0.77517746875 0.99552734375 0.7725038581730769 0.98828125 0.7705979927884615 0.9853808581730769 0.7664004639423077 0.9834521490384615 0.7644907403846154 0.9824853509615384 0.7602932091346154 0.9805517572115385 0.7568595673076923 0.9805517572115385 0.7507523149038462 0.9762060552884615 0.7454089495192308 0.9742724615384616 0.74044753125 0.9737890625 0.735486110576923 0.9713720697115384 0.7331944447115385 0.96654296875 0.7274691346153846 0.9617138677884616 0.7247993822115385 0.9617138677884616 0.7209837956730769 0.9636474615384615 0.7198379639423076 0.9617138677884616 0.7179282403846153 0.9588134759615384 0.7118248461538462 0.9588134759615384 0.7038078701923076 0.95591796875 0.6998456778846154 0.95458984375 0.694058641826923 0.9521484375 0.6875 0.9501953125 0.6817129639423077 0.9482421875 0.6778549375 0.94677734375 0.6716820985576923 0.94580078125 0.6651234567307692 0.9443359375 0.6549575625 0.9399755865384616 0.6457986105769231 0.9375634759615384 0.6431250000000001 0.9346630865384615 0.6312962956730769 0.9283837884615385 0.6293865745192307 0.9269335937500001 0.6225154326923078 0.9235546875 0.6153549375 0.9208984375 0.6080246923076923 0.9189453125 0.6014660504807693 0.923828125 0.6003086418269231 0.92822265625 0.5961844134615385 0.93080078125 0.5916049375 0.932734375 0.5854976850961539 0.9322509759615384 0.5809182091346154 0.9341796874999999 0.5755748461538461 0.9370800769230769 0.5744290120192308 0.9419091802884616 0.5736651225961539 0.943359375 0.5687037043269231 0.9423925769230769 0.5648881177884616 0.9404589831730769 0.5622145072115384 0.939013670673077 0.5561111105769231 0.9370800769230769 0.5488580240384615 0.935146485576923 0.5438966057692307 0.9341796874999999 0.54084490625 0.9341796874999999 0.5347376538461538 0.9341796874999999 0.5324459879807693 0.9356298822115385 0.5259606490384615 0.9380468750000001 0.5206172836538461 0.9380468750000001 0.5175617283653846 0.9380468750000001 0.5129822524038462 0.9375634759615384 0.509548610576923 0.9380468750000001 0.5080208341346154 0.9399755865384616 0.4996257716346154 0.9467382812499999 0.5015354927884615 0.9554345697115385 0.5015354927884615 0.9636474615384615 0.49657407451923075 0.9791015624999999 0.49733410576923076 0.9853808581730769 0.5003896610576923 0.992626954326923 0.5045871923076923 0.9998730456730769 0.7774652788461538 1 0.7767052475961538 0.9979394519230769 0.77517746875 0.99552734375
0 0.7518402788461539 0.8682470697115385 0.7431404326923077 0.8587353509615384 0.7320640432692307 0.8557324230769231 0.7166396610576923 0.85923828125 0.7110995360576923 0.86474609375 0.6925115745192307 0.8757568365384615 0.6913233028846153 0.8847705072115384 0.6936959879807693 0.8977832043269232 0.7008179014423077 0.9087988293269231 0.7178240745192308 0.9173095697115384 0.7190123461538461 0.91880859375 0.7292939807692308 0.9283203124999999 0.7387885793269231 0.9393310552884616 0.7415547836538461 0.9423388677884615 0.7510493822115384 0.9293212884615384 0.7601466057692308 0.9218115240384616 0.7708256177884615 0.8967822259615384 0.7692438269230769 0.8887744134615385 0.7518402788461539 0.8682470697115385
0 0.7830632716346154 0.7730078125000001 0.7819251538461539 0.7701220697115385 0.7807870360576923 0.7614697259615385 0.7711033942307692 0.7549853509615385 0.7642669759615385 0.752099608173077 0.7437654326923078 0.7535449230769231 0.7392052475961539 0.7679589831730769 0.7443325624999999 0.7917480480769231 0.7505979927884615 0.8133740240384615 0.7545871923076923 0.8364404302884616 0.7711033942307692 0.8602294927884616 0.7796450625 0.8551855456730769 0.7910378076923077 0.8378808605769231 0.7887577163461538 0.7794921875 0.7847723774038461 0.7773291009615384 0.7830632716346154 0.7730078125000001
0 0.345628858173077 0.8422119134615385 0.345628858173077 0.8480078125 0.3463927475961538 0.8538037115384616 0.3490663581730769 0.8634667980769231 0.3490663581730769 0.8692626947115384 0.3502083341346154 0.8745751947115384 0.3505902788461538 0.8745751947115384 0.35402777884615383 0.876025389423077 0.3593672836538462 0.8779589831730769 0.36356867307692303 0.8769921875000001 0.3673842596153846 0.8745751947115384 0.3700540120192307 0.8721630865384615 0.3784529326923077 0.86974609375 0.38875771634615386 0.86974609375 0.3902816346153846 0.8702294927884615 0.39295524759615386 0.8726416009615385 0.39600694471153847 0.8755419927884615 0.3979166658653846 0.8794042956730769 0.39944058653846154 0.8832714855769231 0.39982253125 0.8871337884615385 0.4024961418269231 0.89486328125 0.4028780865384615 0.8972802740384616 0.4028780865384615 0.9016259759615385 0.40326003125 0.9069384759615384 0.40440200721153846 0.9112841802884616 0.40554783894230767 0.9166015624999999 0.4070756177884615 0.9243261706730769 0.4105092596153846 0.9272265625 0.4135648149038461 0.9272265625 0.42119598798076924 0.9262597668269231 0.42615740625000004 0.9248095697115384 0.4353163581730769 0.9243261706730769 0.4475308653846154 0.9214306634615385 0.4524922836538462 0.9185302740384615 0.4620331778846154 0.9156347668269231 0.4708101850961538 0.912734375 0.4750077163461538 0.9088720697115384 0.4807330240384615 0.8996923822115386 0.48149691346153844 0.8895507812500001 0.4807330240384615 0.8837548822115384 0.4795871923076923 0.8784423822115385 0.4776813269230769 0.8721630865384615 0.4750077163461538 0.8644335937500001 0.47386574038461543 0.8571875 0.47386574038461543 0.8494580072115384 0.4723379639423077 0.8388330072115384 0.46966435096153847 0.8296533197115384 0.4658487644230769 0.822890625 0.4620331778846154 0.812265625 0.45935956730769234 0.80888671875 0.4566898149038462 0.8069531249999999 0.4498186730769231 0.8064697259615384 0.4475308653846154 0.8064697259615384 0.4395138894230769 0.8074365240384616 0.4356983028846154 0.80888671875 0.43379243749999996 0.81033203125 0.43035493750000003 0.812265625 0.4269212956730769 0.8132324230769231 0.4242476850961538 0.8151660144230769 0.41852623557692303 0.81564453125 0.4154706778846154 0.8166113269230769 0.40974537019230767 0.8185449230769231 0.40516589423076926 0.8204785144230768 0.4028780865384615 0.8204785144230768 0.3986805552884615 0.8209619134615385 0.3963888894230769 0.8233740240384615 0.3906635793269231 0.8286865240384615 0.38608410576923075 0.8306201177884615 0.3750154326923077 0.8325537115384616 0.36814814903846155 0.83400390625 0.36623842548076924 0.8349658197115384 0.35860725240384617 0.8344873052884616 0.3532638894230769 0.8335205072115385 0.3460108028846154 0.8359326177884616 0.345628858173077 0.8422119134615385
0 0.8683757716346154 0.5255810552884616 0.862453704326923 0.5080908197115385 0.8436959879807693 0.4993457019230769 0.8348109567307692 0.47685546874999996 0.8165509254807692 0.48060546875 0.8116126538461538 0.48997558653846157 0.8086535504807693 0.5012207019230769 0.8066782403846153 0.5218310552884615 0.8288888894230768 0.5380761706730769 0.8634413581730769 0.5387011706730769 0.8698572524038461 0.5337011730769231 0.8683757716346154 0.5255810552884616
0 0.9488155865384615 0.922314454326923 0.9460455240384615 0.9158056634615386 0.9424884254807692 0.888271485576923 0.9436728389423077 0.8812646490384615 0.9416936730769231 0.8767578125 0.9373456778846154 0.8742578125 0.9286419759615385 0.8697509759615384 0.9242939807692309 0.8642431634615384 0.9238966057692307 0.8642431634615384 0.9108449062499999 0.8657470697115385 0.9017476850961538 0.87275390625 0.8914621923076923 0.8892724615384615 0.888298610576923 0.8982861322115384 0.8886959879807693 0.9168066394230769 0.8867168221153846 0.9248144519230769 0.8847376538461538 0.9353271490384615 0.9140084879807693 0.93232421875 0.9405092596153846 0.9238134759615384 0.9448611105769231 0.922314454326923 0.9488155865384615 0.922314454326923
0 0.5072569447115385 0.8206689447115385 0.5064969134615385 0.8312988269230769 0.5072569447115385 0.8317822259615385 0.5145100312499999 0.84095703125 0.5179436730769231 0.84095703125 0.5225231490384615 0.8419238293269231 0.5301581778846154 0.845302735576923 0.5358834879807692 0.8477197259615384 0.5423688269230769 0.8588281249999999 0.5446604927884615 0.8646240240384616 0.54923996875 0.87138671875 0.5503858028846154 0.87525390625 0.5545833341346154 0.8825000000000001 0.5561111105769231 0.8863623052884615 0.5606905865384616 0.8853955072115384 0.5637422836538462 0.8820166009615384 0.5660339495192308 0.8795996081730769 0.5690856490384616 0.8747705072115385 0.5751929014423077 0.8655908197115385 0.5763387355769231 0.861728514423077 0.5755748461538461 0.8568994134615384 0.5732831778846154 0.8520654302884616 0.5729012355769231 0.8467529302884615 0.5713734567307692 0.83935546875 0.5675578701923076 0.8308154302884615 0.5645061730769231 0.8283984375 0.5622145072115384 0.8240527355769232 0.5606905865384616 0.82115234375 0.5591628076923076 0.8177734375000001 0.5564930552884616 0.8119775384615384 0.5553472211538462 0.81052734375 0.554201389423077 0.8071435552884616 0.5538194447115384 0.8008642572115385 0.5526736105769231 0.7931396490384616 0.5526736105769231 0.7868603509615385 0.5526736105769231 0.7810644519230769 0.5511496923076923 0.7733349615384615 0.5450424375 0.7728515625000001 0.5419868822115385 0.7728515625000001 0.5381712956730769 0.77623046875 0.5313040120192307 0.7829931634615386 0.5267245360576923 0.7887890625 0.5236689807692307 0.7926562500000001 0.5202353389423077 0.79796875 0.5148919759615385 0.804248045673077 0.5114583341346154 0.81052734375 0.5072569447115385 0.8206689447115385
0 0.6938194447115384 0.48650878846153844 0.6918981490384616 0.47607910096153844 0.6883294759615384 0.4656494134615385 0.6869560192307692 0.4646044927884615 0.6831095673076923 0.4646044927884615 0.6781635793269231 0.467734375 0.6715740745192308 0.47711913942307693 0.6594868822115385 0.4861572259615385 0.6523456778846154 0.4927636730769231 0.6517978389423077 0.50041015625 0.649598764423077 0.5077099615384616 0.6517978389423077 0.5160546875 0.6575655865384615 0.51779296875 0.6666280865384615 0.5164013677884616 0.6842091057692308 0.5104931634615385 0.6861304014423077 0.49763183653846155 0.6886033942307692 0.4958935552884615 0.6938194447115384 0.48650878846153844
0 0.19727237740384615 0.3504199206730769 0.22996527884615384 0.3504199206730769 0.24347222115384615 0.34052734375000004 0.24702546394230768 0.3351269543269231 0.2477353389423077 0.32883300721153846 0.23849537019230768 0.28295410096153845 0.23423225240384615 0.26946289182692307 0.20580246875 0.24517578125 0.19513888942307694 0.2370800793269231 0.18021605048076922 0.2370800793269231 0.15462577163461538 0.2370800793269231 0.13472607932692307 0.24607421875 0.11340277884615385 0.24967285096153846 0.10274305528846153 0.2730615240384615 0.10131944471153845 0.29824706971153847 0.11553626442307692 0.34052734375000004 0.12903935096153846 0.35671875000000003 0.17523919711538463 0.3504199206730769 0.19727237740384615 0.3504199206730769
0 0.06351080288461539 0.4972167956730769 0.07205632692307692 0.49421386778846155 0.07205632692307692 0.48100097596153846 0.06636188221153846 0.4635791009615385 0.055918209134615385 0.44615722596153845 0.054969134615384614 0.44555663942307694 0.03076388942307692 0.44135253846153844 0.01652392067307692 0.44615722596153845 0.013676697115384615 0.45096191346153847 0.013202161057692306 0.4581738293269231 0.026963735576923074 0.4773925793269231 0.05449459855769231 0.4948144543269231 0.06351080288461539 0.4972167956730769
0 0.7126041658653846 0.6278564447115385 0.7172183653846154 0.61951171875 0.7208449062500001 0.604912108173077 0.7201851850961538 0.6028271490384616 0.7185378076923077 0.6015722668269231 0.7086496923076923 0.6015722668269231 0.7050231490384615 0.6011572259615384 0.7004089495192307 0.6019921875 0.6931558653846154 0.6149218750000001 0.6915084879807692 0.6270214831730769 0.6921682091346154 0.6387011706730769 0.6990895072115385 0.6424560552884616 0.705351079326923 0.6432910144230769 0.7099652788461538 0.6370312499999999 0.7126041658653846 0.6278564447115385
0 0.7306288581730769 0.45556640625 0.7298032403846153 0.44931152403846153 0.7276080240384615 0.4420068365384615 0.7259567908653846 0.4420068365384615 0.7141473774038462 0.44305175721153844 0.7130478389423077 0.4433984375 0.7097530865384616 0.4440966802884615 0.6968441346153846 0.45000488221153845 0.6949189807692308 0.4531347668269231 0.6921720673076923 0.4604345697115385 0.6916242283653846 0.46704101442307694 0.6913503076923077 0.47398925721153845 0.6927237644230769 0.4795556634615385 0.6951929014423077 0.48024902403846154 0.6971180552884615 0.4805957019230769 0.7012384254807693 0.4805957019230769 0.70892746875 0.4795556634615385 0.7119483028846154 0.4795556634615385 0.7281558653846154 0.4809423822115385 0.7314506177884615 0.4805957019230769 0.7339236105769231 0.4781640625 0.7330979927884615 0.46704101442307694 0.7306288581730769 0.45556640625
0 0.5540123461538461 0.9098388677884616 0.5555362644230769 0.9030761730769231 0.5551543221153846 0.8963134759615384 0.5551543221153846 0.8895507812500001 0.5547723774038462 0.8827880865384615 0.5498109567307693 0.8736083990384615 0.547141204326923 0.86974609375 0.5452314807692308 0.866845701923077 0.5406520072115385 0.8658837884615385 0.5368364206730769 0.866845701923077 0.5303472211538461 0.8678125 0.5234799375 0.8678125 0.5166087956730769 0.8678125 0.5127932091346155 0.8678125 0.5078317908653847 0.8692626947115384 0.5059220673076923 0.8721630865384615 0.5043942908653846 0.8736083990384615 0.5001967596153846 0.8755419927884615 0.49714506249999996 0.8769921875000001 0.49561728365384616 0.8856835937499999 0.49485339423076924 0.8929296875 0.49294753124999996 0.8982421875 0.49218364182692304 0.9064550769230769 0.4944714495192307 0.917080079326923 0.4959992283653846 0.9281933605769231 0.4986728389423077 0.9383349615384616 0.5005787043269231 0.9426806634615384 0.5028703701923077 0.9441308605769231 0.5066859567307692 0.9412353509615384 0.5124112644230769 0.9364013677884616 0.5189004639423077 0.9378515625 0.5219521610576924 0.938818360576923 0.5265316346153847 0.9373681634615385 0.5326388894230769 0.9354394519230769 0.5337847211538461 0.933505858173077 0.5364544759615385 0.9325390625 0.5391280865384616 0.9286767572115384 0.5437075625 0.9238427740384616 0.5475231490384616 0.9190136706730769 0.5505748461538462 0.9156347668269231 0.5540123461538461 0.9098388677884616
0 0.2776581778846154 0.9921435552884615 0.27918595673076924 0.9858642572115385 0.27918595673076924 0.9824853509615384 0.27918595673076924 0.980068360576923 0.2803279326923077 0.97572265625 0.2807098774038461 0.9699267572115384 0.2807098774038461 0.9621972668269231 0.2810918221153846 0.9535009759615385 0.2814737644230769 0.9462548822115384 0.28202160576923074 0.93994140625 0.2831790120192308 0.9345703125 0.28490740625 0.929833983173077 0.2845293221153846 0.92548828125 0.2818557091346154 0.9230712884615385 0.2781635793269231 0.9228515625 0.27276234615384615 0.92724609375 0.26773533894230767 0.932734375 0.26391975240384613 0.932734375 0.2597183653846154 0.9312841802884615 0.2566666658653846 0.9293505865384616 0.25323302403846154 0.9279003894230768 0.2505594134615384 0.92548828125 0.24827160576923074 0.9235546875 0.24369212980769234 0.92017578125 0.23834876442307693 0.91630859375 0.23491126442307692 0.9100292956730769 0.22804398076923077 0.9052001947115385 0.22067901201923076 0.90625 0.21697530769230772 0.9100292956730769 0.20794753125 0.91259765625 0.20361882692307692 0.9100292956730769 0.19903935096153846 0.9085791009615385 0.19367283894230772 0.90576171875 0.18987654326923076 0.9047167980769231 0.18491512259615384 0.9061669927884615 0.17499228365384617 0.9095458990384616 0.16583333413461537 0.911962891826923 0.15896605048076923 0.9143749999999999 0.15705632692307692 0.91630859375 0.15552855048076925 0.9192089855769231 0.1450617283653846 0.9248046875 0.13966049278846154 0.9326171875 0.13606481490384617 0.9385302740384615 0.13186728365384615 0.9438427740384616 0.12885802403846153 0.94921875 0.12690586538461537 0.9535009759615385 0.12576003125 0.953984375 0.12423611057692309 0.9544677740384616 0.12347222115384615 0.953984375 0.12003472115384616 0.9535009759615385 0.11621913461538462 0.9583349615384615 0.11202160576923077 0.9626806634615386 0.10820601923076922 0.96654296875 0.10095293269230769 0.9699267572115384 0.09790123557692308 0.9733056634615385 0.09293981490384615 0.9848974615384616 0.08988425961538461 0.9940771490384616 0.08988425961538461 0.9998730456730769 0.27574845673076925 1 0.2765123461538461 0.99890625 0.2776581778846154 0.9921435552884615
0 0.7529783942307693 0.93388671875 0.7524266971153846 0.9380810552884615 0.7494830240384616 0.9415771490384616 0.7481944447115385 0.9432080072115384 0.7470910504807692 0.9450683605769231 0.7478240745192307 0.9485644543269232 0.7480092596153847 0.9492626947115385 0.7504012355769232 0.9518261706730768 0.7520601850961538 0.9548535168269231 0.7531635793269231 0.9590478509615384 0.7531635793269231 0.9618408197115385 0.75353009375 0.96556640625 0.7564776225961538 0.9697607427884616 0.7618132716346153 0.9727880865384615 0.7658641971153847 0.9741845697115384 0.7695447524038461 0.9755859375 0.7739621923076924 0.9755859375 0.7783796298076923 0.97208984375 0.78021990625 0.9692968750000001 0.7873958341346154 0.967431639423077 0.7907098774038462 0.9639355456730769 0.7921836418269231 0.9602099615384615 0.7921836418269231 0.9569482427884615 0.7907098774038462 0.9546191394230769 0.7899729927884616 0.9522900384615384 0.7884992283653846 0.9506591802884615 0.7846373461538462 0.9490283197115384 0.7833487644230769 0.9478662115384615 0.7820601850961538 0.9457666009615384 0.7796682091346153 0.9415771490384616 0.7770910504807692 0.9385449206730769 0.7752507716346154 0.9364501947115385 0.7732253076923077 0.9348193365384615 0.7680709879807692 0.9301611322115384 0.7658641971153847 0.9303955072115385 0.7590509254807691 0.9294628918269231 0.7555555552884615 0.9292285144230769 0.7529783942307693 0.9299267572115385 0.7529783942307693 0.93388671875
0 0.4099421298076923 0.5593652331730768 0.40795524759615387 0.5618798822115385 0.40508487740384613 0.56328125 0.40110725240384615 0.565517579326923 0.39779706730769226 0.567470704326923 0.3933796298076923 0.5702685552884615 0.3907291658653846 0.5722265624999999 0.3854282403846154 0.5744580072115385 0.3805671298076923 0.5761376947115384 0.3770331778846154 0.5797705072115384 0.3772569447115384 0.583125 0.37858024759615383 0.5884375 0.3761496923076923 0.59375 0.3721759254807692 0.59822265625 0.37075617307692305 0.6015625 0.3706288581730769 0.60828125 0.3706288581730769 0.6144335937500001 0.37107253125 0.6200244134615385 0.3721759254807692 0.623935545673077 0.3763734567307692 0.62869140625 0.3796836418269231 0.6300878894230769 0.38454475240384617 0.6339990240384614 0.38564814903846156 0.6395898437499999 0.3889621923076923 0.6407080072115385 0.3931558653846154 0.6393115240384616 0.39890046394230766 0.6393115240384616 0.4026543221153846 0.6390332019230769 0.4083950625 0.6390332019230769 0.41391975240384615 0.6384716802884616 0.4163464495192307 0.6381933581730769 0.4181134254807692 0.6379150384615385 0.4225308653846154 0.6379150384615385 0.4269483028846154 0.6379150384615385 0.4300424375 0.6376318365384616 0.4326929014423077 0.6365136730769231 0.4355632716346154 0.6353955072115384 0.43909722115384614 0.6339990240384614 0.44152777884615385 0.6328808581730769 0.4439544759615384 0.63064453125 0.4450617283653846 0.6281298822115384 0.44572144951923076 0.6253369134615384 0.44572144951923076 0.61974609375 0.44771219230769227 0.6110791009615385 0.4481520072115384 0.6035302740384615 0.4492554014423077 0.5971044927884616 0.45013888942307695 0.5917919927884616 0.45212962980769233 0.5862011730769231 0.4534529326923077 0.58228515625 0.45411651201923076 0.5752978509615384 0.4545563269230769 0.570546875 0.45521990625 0.5643994134615384 0.4565432091346154 0.5602050769230769 0.4565432091346154 0.55349609375 0.45521990625 0.5495800793269231 0.4536728389423077 0.545390625 0.45013888942307695 0.5434326177884615 0.4466049375 0.54091796875 0.44263117307692307 0.5378417980769231 0.4386535504807692 0.5364453124999999 0.4344598774038462 0.5358837884615385 0.4287152788461538 0.5322509759615385 0.4251813269230769 0.5316943365384615 0.42187114182692304 0.5308544927884615 0.41899691346153844 0.529736329326923 0.41612654326923076 0.5330908197115385 0.4143595673076923 0.5367236322115384 0.4132561730769231 0.5448291009615385 0.41480324038461536 0.5495800793269231 0.4141396610576923 0.5551708990384616 0.4099421298076923 0.5593652331730768
0 0.08059799278846154 0.4797949206730769 0.08344521634615384 0.47559081971153844 0.08961805528846155 0.4677832043269231 0.10005787019230769 0.4635791009615385 0.10385802403846153 0.45396484375 0.10100694471153847 0.4389501947115385 0.08771990625000001 0.4275341802884615 0.07015817788461538 0.42573242067307693 0.05402006250000001 0.4263330072115385 0.05307098798076923 0.4389501947115385 0.07110725240384616 0.4797949206730769 0.07490355048076923 0.4797949206730769 0.08059799278846154 0.4797949206730769
0 0.3525887355769231 0.6455224615384616 0.35999228365384617 0.6486425769230769 0.36986496874999997 0.6386474615384615 0.36986496874999997 0.6267773437499999 0.3747993822115384 0.593671875 0.3807253076923077 0.5818017572115385 0.37825617307692305 0.55556640625 0.36690586538461534 0.5455712884615385 0.35653935096153844 0.5337011730769231 0.3461728389423077 0.5349511706730768 0.3367978389423077 0.535576170673077 0.32791280769230774 0.5674365240384616 0.32494984615384614 0.595546875 0.3165586418269231 0.6261572259615384 0.3165586418269231 0.6373974615384616 0.3274189807692308 0.6448974615384616 0.3367978389423077 0.6380224615384615 0.3525887355769231 0.6455224615384616
0 0.2147183653846154 0.5366552740384616 0.2152700625 0.54201171875 0.21950617307692305 0.5443408197115385 0.22189814903846153 0.5452734375 0.22815586538461538 0.5471386730769231 0.2310995360576923 0.5466699206730768 0.23478009375 0.5436425793269231 0.23790894951923078 0.5401464855769231 0.2401195985576923 0.5345556634615385 0.24287808653846155 0.52919921875 0.2426967596153846 0.5243066394230769 0.24122299278846154 0.52267578125 0.23625385817307692 0.5191845697115385 0.23165123557692308 0.5189501947115385 0.22925925961538463 0.5208154302884616 0.22429012259615386 0.5236083990384615 0.22189814903846153 0.5236083990384615 0.2174807091346154 0.5266357427884615 0.21342978365384616 0.533857420673077 0.2147183653846154 0.5366552740384616
0 0.7091049375 0.76611328125 0.7098765432692308 0.759765625 0.7102623461538461 0.75341796875 0.7108680552884615 0.7499560552884615 0.7108680552884615 0.7460888677884616 0.7089621923076923 0.7427099615384616 0.7066705240384615 0.7398095697115384 0.7032368822115385 0.7373974615384615 0.6956018509615384 0.7344970697115384 0.691786264423077 0.732568358173077 0.6878858028846154 0.7314453125 0.6832561730769231 0.72900390625 0.6786265432692308 0.72802734375 0.6707947524038461 0.7262890625 0.6646875 0.7248388677884615 0.6623996923076922 0.7209716802884615 0.6593479927884616 0.7161425793269232 0.6585841057692308 0.71373046875 0.6555285504807693 0.708896483173077 0.6532407403846154 0.7031005865384615 0.65209490625 0.6987548822115385 0.6490432091346154 0.696337889423077 0.6429359567307693 0.69392578125 0.6311033942307692 0.6890917980769231 0.6269058653846155 0.68861328125 0.6143132716346154 0.68861328125 0.6062962956730769 0.6895751947115384 0.6017168221153846 0.6915087884615385 0.5979012355769231 0.6944091802884615 0.594463735576923 0.6982714831730769 0.5917939807692307 0.7016503918269231 0.5872145072115385 0.7026171875 0.5853047836538462 0.7026171875 0.5788194447115385 0.7026171875 0.573476079326923 0.7026171875 0.5692785504807693 0.7050341802884615 0.5646952163461538 0.7098632812500001 0.5639351850961538 0.7156591802884615 0.5643132716346154 0.7238720697115385 0.5658410504807693 0.7296679687500001 0.5673688269230769 0.741259764423077 0.5685146610576923 0.7499560552884615 0.5669868822115385 0.7533349615384615 0.5639351850961538 0.7581689447115385 0.5589737644230769 0.76541015625 0.5589737644230769 0.77265625 0.5631712956730769 0.77796875 0.5662229927884616 0.77796875 0.5715663581730769 0.7823193365384615 0.5788194447115385 0.7871484375000001 0.5849228389423077 0.7895654302884616 0.594463735576923 0.795361329326923 0.6013348774038462 0.8001904302884615 0.6078240745192308 0.8045361322115384 0.6104938269230769 0.8098486322115386 0.6143132716346154 0.81033203125 0.6192746923076923 0.8084033197115384 0.6223263894230769 0.8117822259615385 0.62576003125 0.8170947259615384 0.6307214495192308 0.8214453125 0.6421720673076923 0.8296533197115384 0.6463695985576923 0.8344873052884616 0.6482793221153845 0.8373828125 0.6498032403846155 0.840283204326923 0.6517129639423077 0.8441455072115385 0.6543827163461539 0.8480078125 0.6601080240384616 0.8509082043269232 0.6635455240384616 0.8557373052884615 0.6688888894230769 0.8557373052884615 0.669648920673077 0.85525390625 0.6715586418269232 0.8528417956730769 0.6742322524038461 0.8470458990384616 0.6780478389423077 0.8397998052884615 0.6849151225961538 0.831103514423077 0.6914043221153846 0.8233740240384615 0.6967476850961538 0.8161279302884614 0.7020910504807693 0.81033203125 0.7051427475961538 0.80501953125 0.7059066346153846 0.7982568365384615 0.7070524687499999 0.79052734375 0.7070524687499999 0.782802735576923 0.7078163581730769 0.7721728509615384 0.7091049375 0.76611328125
0 0.3174421298076923 0.5909277355769231 0.3217168221153846 0.5879248052884616 0.32741126442307694 0.5819189447115385 0.3354783942307692 0.557890625 0.3407021610576923 0.53326171875 0.3411766971153846 0.5296582043269231 0.3388040120192307 0.5266552740384616 0.33642746874999996 0.5218457043269231 0.33168209855769226 0.5152392572115384 0.3231404326923077 0.5092333990384615 0.3126967596153846 0.51103515625 0.29371142067307693 0.517041016826923 0.27899691346153843 0.5434716802884615 0.28326774759615386 0.563896483173077 0.28849151201923073 0.5765136730769231 0.3103240745192308 0.5957373052884616 0.31649305528846156 0.5915283197115385 0.3174421298076923 0.5909277355769231
0 0.6811496923076923 0.417109375 0.6789004639423077 0.41853027403846155 0.6766512355769231 0.42208984374999997 0.6759027788461538 0.42920410096153844 0.6745910504807693 0.4358496081730769 0.6745910504807693 0.44225097596153845 0.6753395072115385 0.4474707019230769 0.6759027788461538 0.4507910168269231 0.6770254639423077 0.4541162115384615 0.6807754639423076 0.4517431634615384 0.6867746923076923 0.44675781249999996 0.6905208341346154 0.44130371153846154 0.6963310192307692 0.4306298822115385 0.6991435192307692 0.4235107427884615 0.6993325625 0.41948242307692307 0.6978317908653846 0.41449706971153844 0.6914583341346153 0.4142626947115385 0.6871489206730769 0.41663574278846155 0.6811496923076923 0.417109375
0 0.3183912043269231 0.7128759759615384 0.3245640432692308 0.70326171875 0.3202932091346154 0.6894482427884616 0.3098495360576923 0.68103515625 0.2865933653846154 0.68583984375 0.2775733028846154 0.6966552740384616 0.27187885817307694 0.702060545673077 0.2524189807692308 0.7026611322115385 0.2543171298076923 0.7062646490384614 0.2533680552884615 0.7176806634615385 0.2633333341346154 0.7242871081730768 0.27804783894230767 0.7308935552884616 0.30130401201923074 0.7212841802884615 0.3079513894230769 0.7152783197115385 0.3183912043269231 0.7128759759615384
0 0.7124999999999999 0.5084082043269231 0.7344714495192307 0.5216162115384615 0.74298996875 0.5209228509615385 0.7490316346153846 0.5188378894230768 0.7583680552884615 0.5132763677884615 0.7569945985576924 0.5045849615384616 0.7534259254807693 0.50041015625 0.7394174375 0.4840722668269231 0.7344714495192307 0.48198730528846156 0.7105748461538461 0.4788574230769231 0.7045331778846153 0.4792041009615385 0.6979398149038462 0.4840722668269231 0.696566358173077 0.48998046875 0.7034336418269231 0.49728515624999997 0.7064544759615384 0.5031933605769231 0.7124999999999999 0.5084082043269231
0 0.8872955240384616 0.5068798822115385 0.8942168221153846 0.5022900384615384 0.8902623461538461 0.49353027403846156 0.8879552475961539 0.49019043028846154 0.8807060192307692 0.48226562500000003 0.8711458341346153 0.47016601442307693 0.8661998461538462 0.4668310552884615 0.8569714495192307 0.4668310552884615 0.8540046298076922 0.46933105528846153 0.8523572524038462 0.47600586057692307 0.8530169759615384 0.4906103509615385 0.855983795673077 0.5027050793269231 0.8632368822115384 0.5139697259615384 0.8662037043269231 0.5173046875 0.8734529326923077 0.5127197259615385 0.8787268509615385 0.5093798822115384 0.8872955240384616 0.5068798822115385
0 0.2956095673076923 0.5176416009615384 0.3046296298076923 0.5116357427884616 0.32693672836538457 0.5086328125 0.3376157403846154 0.5178222644230769 0.3513888894230769 0.49980468749999996 0.3406635793269231 0.4830566394230769 0.33358024759615384 0.4828027331730769 0.3155092596153847 0.48623046875 0.30821759374999996 0.49326171875 0.2804205240384615 0.5080322259615385 0.2728279326923077 0.5080322259615385 0.25479166586538465 0.517041016826923 0.24102623557692307 0.5344628894230768 0.2367554014423077 0.557890625 0.23865355048076922 0.5795166009615385 0.26048611057692306 0.56990234375 0.2761496923076923 0.56029296875 0.27994598798076925 0.5434716802884615 0.28944058653846155 0.52544921875 0.2956095673076923 0.5176416009615384
0 0.43798996874999996 0.3304541009615385 0.4283757716346154 0.3172412115384615 0.42150848798076923 0.31237793028846156 0.40750000000000003 0.3092480480769231 0.3962384254807692 0.30646484375 0.3841512355769231 0.3033349615384615 0.3775617283653846 0.3047265625 0.37371527884615385 0.3196777355769231 0.3709683653846154 0.3335839855769231 0.37344135817307694 0.3401855480769231 0.3805825625 0.34470703124999996 0.3841512355769231 0.34853027403846154 0.38992283894230767 0.3527001947115384 0.4009066346153846 0.35617675721153846 0.41107253125 0.3502685552884615 0.4388117283653846 0.34922363221153846 0.4432098774038461 0.34296875000000004 0.43798996874999996 0.3304541009615385
0 0 0.8694140625 0.007368826923076923 0.90263671875 0.041466050480769234 0.9202783197115385 0.05704861057692308 0.91923828125 0.07263117307692307 0.9005517572115385 0.07181327163461539 0.8642236322115384 0.05048996875 0.8289306634615384 0 0.8247753894230769 0 0.8445019543269231 0 0.8694140625
0 0.6398765432692308 0.39993163942307697 0.6335030865384615 0.39945800721153846 0.6301311730769231 0.40041015625000004 0.6265702163461538 0.40491699278846155 0.6265702163461538 0.40871093750000004 0.6265702163461538 0.41321777403846155 0.632006173076923 0.41677734375000003 0.6381905865384615 0.41796386778846156 0.6455015432692307 0.41867187499999997 0.6588078701923077 0.4217578125 0.6655555552884616 0.4227050793269231 0.6747415120192308 0.42128418028846154 0.6831751538461539 0.41393066346153845 0.6901080240384616 0.4046777331730769 0.6929205240384615 0.3947167980769231 0.6914197524038461 0.39139160096153847 0.6865470673076923 0.39115722596153846 0.6777391971153846 0.39376464903846153 0.6612461418269231 0.39945800721153846 0.6563734567307692 0.3980371105769231 0.6479359567307692 0.39732421875 0.6398765432692308 0.39993163942307697
0 0.8203510793269231 1 0.8198186730769231 0.9949853509615385 0.8182291658653846 0.99296875 0.8145177475961538 0.9896142572115385 0.81107253125 0.985927735576923 0.808159721153846 0.9822363269230769 0.8039158942307693 0.9775390625 0.8012654326923077 0.9755273437499999 0.7983526225961538 0.9738525384615385 0.79490740625 0.974521483173077 0.7885455240384616 0.9765332043269231 0.7843055552884616 0.97720703125 0.7808603389423077 0.9785449206730769 0.7750270072115384 0.9805615240384615 0.7726427475961538 0.9825732427884616 0.7715817908653846 0.9842480456730769 0.7768827163461538 1 0.8203510793269231 1
0 0.8083603389423076 0.5059716802884615 0.8017669759615385 0.5021484375 0.7949035504807692 0.49763183653846155 0.7852893509615384 0.4913720697115384 0.7743016971153847 0.49241699278846157 0.7635879639423078 0.495546875 0.7613927475961538 0.50388671875 0.7616666658653847 0.511884764423077 0.7690817908653845 0.5129248052884615 0.7696334879807692 0.5132763677884615 0.7743016971153847 0.5139697259615384 0.7888580240384615 0.5261376947115385 0.7973726850961539 0.5219628894230769 0.8028665120192309 0.5184912115384616 0.8047916658653846 0.512578125 0.8083603389423076 0.5059716802884615
0 0.46161265384615385 0.41458007692307697 0.4698495360576923 0.41006347596153847 0.48248456730769235 0.4058886706730769 0.4844097211538462 0.4048486322115385 0.49567129567307694 0.39685058653846156 0.4940239206730769 0.3853808581730769 0.4899035504807693 0.37529785096153845 0.48138888942307695 0.3735595697115385 0.4736959879807693 0.363828125 0.4704012355769231 0.35895996153846155 0.46326003125 0.3554833990384615 0.44540509375000004 0.3509619134615385 0.43853780769230766 0.3495751947115385 0.42672839423076925 0.3495751947115385 0.4165663581730769 0.35478515624999996 0.4055787043269231 0.36521484374999996 0.3995331778846154 0.36903808653846154 0.3934915120192307 0.3839892572115385 0.3954128076923077 0.3909423822115385 0.40420524759615384 0.3958105456730769 0.4165663581730769 0.40206543028846153 0.4289236105769231 0.4044970697115385 0.4528202163461538 0.41318847596153846 0.46161265384615385 0.41458007692307697
0 0.1550424375 0.994189451923077 0.1763657403846154 0.99869140625 0.2036111105769231 1 0.25099151201923076 0.9994384759615385 0.2646141971153846 0.988193358173077 0.28119984615384613 0.9829492187500001 0.28119984615384613 0.9717041009615385 0.2687615745192308 0.9544628894230769 0.2622453701923077 0.9439697259615384 0.25158564903846153 0.9304736322115384 0.25099151201923076 0.9282275384615384 0.23973765384615384 0.9237255865384615 0.2142708341346154 0.91623046875 0.2059799375 0.913984375 0.19946373557692307 0.913232420673077 0.18643518509615384 0.9087353509615385 0.16049382692307693 0.9111328125 0.14971064903846154 0.9177294927884615 0.12187500000000001 0.9552099615384615 0.13905092548076922 0.9649560552884615 0.14141975240384613 0.9814501947115384 0.14793595673076923 0.9896923822115385 0.1550424375 0.994189451923077
0 0.6987692908653845 0.89771484375 0.6850964495192307 0.8905078125 0.6606057091346155 0.8905078125 0.6537731490384615 0.8948291009615384 0.631558641826923 0.90564453125 0.6224459879807692 0.9099707019230769 0.6167515432692308 0.9142919927884615 0.621875 0.9236669927884615 0.6326967596153845 0.931591798076923 0.6475077163461538 0.9388037115384615 0.6942129639423077 0.95177734375 0.7130054014423077 0.9553808581730769 0.7369290120192308 0.9553808581730769 0.7494598774038461 0.9618701177884615 0.7460416658653847 0.9452880865384615 0.7238425937499999 0.925830076923077 0.7061728389423076 0.9034814447115385 0.6987692908653845 0.89771484375
0 0.7281558653846154 0.5160546875 0.7243094134615385 0.5129248052884615 0.7171682091346153 0.5070166009615384 0.6973919759615386 0.4958935552884615 0.6929976850961539 0.4920703125 0.6866782403846153 0.49728515624999997 0.6853047836538462 0.5035400384615385 0.6902507716346153 0.5122314447115385 0.6932716057692307 0.5181396490384615 0.7059066346153846 0.525791014423077 0.71771990625 0.5299609375000001 0.7240354927884615 0.526484375 0.7292554014423077 0.5188378894230768 0.7281558653846154 0.5160546875
0 0.45263503125000004 0.7424560552884615 0.4497646610576923 0.7458105456730769 0.4466705240384616 0.7455322259615385 0.44203317788461544 0.7438525384615384 0.4373958341346154 0.7418994134615384 0.4358487644230769 0.7427343750000001 0.43430555528846154 0.7441357427884616 0.431875 0.7486083990384615 0.43010802403846154 0.7500048822115384 0.4278973774038462 0.7514013677884616 0.42502700721153847 0.7530810552884616 0.42304012259615387 0.7544775384615385 0.4212731490384615 0.7558740240384616 0.41950617307692306 0.7575537115384615 0.41840277884615384 0.759228516826923 0.4168557091346154 0.7628613269230768 0.4128819447115385 0.7659374999999999 0.40934799278846157 0.7676171875000001 0.40404706730769235 0.7709667980769231 0.3978626538461538 0.7746044927884616 0.3932253076923077 0.7773974615384615 0.39101466105769234 0.7799121105769231 0.39211805528846155 0.7855029302884616 0.3914583341346154 0.7919335937499999 0.39234182211538465 0.7983642572115385 0.39521219230769233 0.8039550769230769 0.3987461418269231 0.8089843750000001 0.4055902788461539 0.8114990240384615 0.4135416658653846 0.8109423822115385 0.41972607932692313 0.8117822259615385 0.42635416586538466 0.8123388677884615 0.42878086538461535 0.8109423822115385 0.4358487644230769 0.8087060552884615 0.44247685096153844 0.8070263677884615 0.44777777884615383 0.8059082019230769 0.45241512259615385 0.8059082019230769 0.4563888894230769 0.8059082019230769 0.4585995360576923 0.8064697259615384 0.46168981490384614 0.8084277355769232 0.46588734615384614 0.8078662115384615 0.4709683653846154 0.8061914062500001 0.47604552403846156 0.8050732427884615 0.48179012259615384 0.8050732427884615 0.4888580240384615 0.8025537115384616 0.49239197596153844 0.8022753894230769 0.4959259254807692 0.8078662115384615 0.4990162043269231 0.8075878918269231 0.5003433653846154 0.8019970697115385 0.5016666658653846 0.795009766826923 0.5016666658653846 0.7894189447115385 0.5005632716346153 0.7807519543269231 0.5010030865384615 0.7673339855769231 0.5036535504807692 0.7536376947115385 0.5043171298076923 0.74525390625 0.5056442908653846 0.7374267572115384 0.5060841057692308 0.7318359375000001 0.5056442908653846 0.7284814447115384 0.5025501538461539 0.7265234374999999 0.4970293221153846 0.7265234374999999 0.4901813269230769 0.7265234374999999 0.4846604927884615 0.7282031250000001 0.4771527788461538 0.7287597644230769 0.4718518509615385 0.7307177740384615 0.4625733028846154 0.7315576177884615 0.4583796298076923 0.73630859375 0.4559490745192308 0.73994140625 0.45263503125000004 0.7424560552884615
0 0.2377353389423077 0.9054345697115385 0.2459375 0.9023193365384615 0.24347607932692308 0.8805224615384616 0.239375 0.8701416009615385 0.2360918221153846 0.8670263677884615 0.23035107932692306 0.8566455072115384 0.21312885817307692 0.8317333990384616 0.19426311778846153 0.8317333990384616 0.15243441346153846 0.8504150384615384 0.13849151201923077 0.88259765625 0.16391975240384615 0.910625 0.18522376442307692 0.900244141826923 0.2172299375 0.9033544927884616 0.22625 0.9043945312499999 0.2377353389423077 0.9054345697115385