0 1 0.4433935552884615 0.9904320985576922 0.4139013677884616 0.965277778846154 0.4072900384615385 0.957681326923077 0.4072900384615385 0.9439197524038462 0.41215820432692307 0.9339506177884616 0.4217089831730769 0.9149652788461539 0.4361230480769231 0.9097453701923077 0.44513671875 0.9083217596153846 0.4662207019230769 0.9144907403846154 0.47462890625000004 0.9301543221153845 0.4757714855769231 0.9382214495192307 0.4703662115384616 0.9486651225961539 0.4637597644230769 0.9519868822115385 0.4637597644230769 0.9671759254807692 0.469765625 0.9676504639423077 0.48658691346153843 0.9690740745192308 0.5028662115384616 0.9752430552884616 0.5088720697115384 0.9833140432692308 0.5058691418269231 0.9932793221153846 0.49986328125 1 0.49199218749999996 1 0.4733691394230769 1 0.4433935552884615
0 0.23065972115384614 0.1517675769230769 0.22794753125 0.14984375 0.2227391971153846 0.14778320432692307 0.21829475240384613 0.14682617067307693 0.2166666658653846 0.14709961057692308 0.2128703701923077 0.15094238221153847 0.21189429086538464 0.15588378846153847 0.21439043269230768 0.16315918028846152 0.21688271634615383 0.16508300721153846 0.22750771634615383 0.16948242307692307 0.23510802403846157 0.16606445432692307 0.23707561778846153 0.16000976442307693 0.2354320985576923 0.15547363221153845 0.23293595673076922 0.15368652403846153 0.23065972115384614 0.1517675769230769
0 0.32883487740384615 0.5423339855769231 0.3197222211538462 0.5380078125 0.31174768509615386 0.5394482427884616 0.30092592548076924 0.5373046875 0.2775733028846154 0.5459375000000001 0.2787114206730769 0.5553076177884615 0.2883950625 0.5726074230769231 0.3003549375 0.584140625 0.31516589423076924 0.603603516826923 0.3225694447115384 0.6136962884615385 0.3259876538461538 0.6194628918269232 0.32883487740384615 0.6237890625 0.3345293221153846 0.6281152355769231 0.3351003076923077 0.6129736322115384 0.33908564903846156 0.5913476562500001 0.33908564903846156 0.5718847668269231 0.3362384254807692 0.5574707043269231 0.32883487740384615 0.5423339855769231
0 0.4684606490384615 0.15270507692307692 0.45659722115384616 0.14478027403846155 0.44703703605769235 0.13685546875 0.43813657451923077 0.13185058653846154 0.4302276225961539 0.12225586057692307 0.41902006249999996 0.11015625000000001 0.4127584879807692 0.10848632932692308 0.3985841057692308 0.11099121153846155 0.3936419759615385 0.12016601442307692 0.3867168221153846 0.13769043028846153 0.38177469230769234 0.14603027403846153 0.3827623461538462 0.17856933653846155 0.3867168221153846 0.18274414182692308 0.39825617307692307 0.19358886778846152 0.40583719230769233 0.19609375 0.4269290120192308 0.19650878846153846 0.43121527884615385 0.19275390625 0.4374768509615385 0.19187988221153846 0.4394560192307692 0.19358886778846152 0.4407754639423077 0.1944238293269231 0.4411033942307692 0.1944238293269231 0.45165123557692305 0.1944238293269231 0.48362268509615386 0.20568847596153847 0.4869212956730769 0.19942871153846153 0.48263503125 0.17731933653846152 0.47834876442307694 0.16813964903846154 0.4684606490384615 0.15270507692307692
0 0.3738310192307692 0.580537110576923 0.36528549278846156 0.5740478509615385 0.3590200625 0.5697265625 0.35275848798076925 0.5675634759615384 0.3459220673076923 0.5740478509615385 0.3447839495192308 0.5863037115384615 0.3407947524038461 0.6108154302884615 0.3516165120192308 0.6209033197115384 0.3607291658653846 0.6360449206730769 0.3761072524038462 0.647578125 0.3920563269230769 0.6454150384615385 0.3937654326923077 0.6245068365384616 0.3920563269230769 0.6100927740384615 0.38066357932692313 0.5906298822115384 0.3738310192307692 0.580537110576923
0 0.6348804014423077 0.25566894471153845 0.633931326923077 0.24305663942307693 0.6329822524038462 0.24305663942307693 0.628711420673077 0.24245605528846154 0.6177932091346154 0.23765136778846155 0.6139969134615385 0.23645019471153847 0.6097260793269231 0.23584961057692308 0.6021296298076924 0.23885253846153848 0.595486110576923 0.24185546875 0.5916898149038462 0.24305663942307693 0.5793479927884616 0.2502636706730769 0.5736535504807693 0.2568701177884615 0.570806326923077 0.26408203125 0.5698572524038462 0.2670849615384615 0.6116242283653845 0.28390625 0.6230169759615385 0.2802978509615385 0.6320331778846153 0.2712890625 0.6358294759615385 0.26228027403846155 0.6348804014423077 0.25566894471153845
0 0.044116512019230766 0.8173388677884615 0.03857638942307692 0.8323583990384615 0.03581018509615384 0.849375 0.036601079326923074 0.8613916009615384 0.04965277884615385 0.8844189447115384 0.05321373557692308 0.8879199206730769 0.057168209134615386 0.8839160168269231 0.06191357932692308 0.8663964855769231 0.0615200625 0.85888671875 0.07140817788461538 0.8313574206730769 0.07061728365384615 0.82384765625 0.05993827163461539 0.8113330072115384 0.0520254639423077 0.8133349615384616 0.044116512019230766 0.8173388677884615
0 0.1736882716346154 0.18367187499999998 0.1699421298076923 0.18485839903846155 0.16462962980769233 0.18861328125000001 0.1572878076923077 0.19711425721153847 0.1572878076923077 0.20166015625 0.1572878076923077 0.2066015625 0.1572878076923077 0.21134765625000002 0.1560416658653846 0.21767089903846154 0.15994598798076923 0.22458984375 0.1652546298076923 0.22656738221153847 0.1708796298076923 0.22083496153846155 0.17478394951923076 0.21193847596153845 0.18056327163461539 0.2034375 0.18446759375 0.19651855528846152 0.18087577163461538 0.18604003846153847 0.17821759375000001 0.18367187499999998 0.1736882716346154 0.18367187499999998
0 0.16317129567307692 0.6005810552884616 0.16158950721153845 0.5905712884615385 0.15684027884615384 0.5830615240384616 0.15209490625 0.57705078125 0.1453703701923077 0.5675439447115385 0.14102237740384616 0.5625341802884616 0.12954861057692307 0.5580322259615385 0.11016975240384615 0.5510205072115385 0.10225694471153846 0.5525244134615385 0.08999614182692307 0.5665380865384615 0.08604166586538461 0.5775537115384616 0.08999614182692307 0.5900683581730769 0.10107253125000001 0.5970751947115385 0.11096064903846153 0.6055859375 0.12322144951923077 0.6130957019230769 0.14616126442307692 0.6221044927884616 0.15604938221153847 0.6181005865384616 0.16000771634615385 0.6140966802884615 0.16317129567307692 0.6005810552884616
0 0.9761921298076923 0.24509765625 0.9742939807692307 0.24029296875 0.9667013894230769 0.23314453124999998 0.9619560192307692 0.22887695192307692 0.95388503125 0.22587402403846155 0.9405941346153845 0.22287109375 0.9144907403846154 0.22232910096153846 0.905 0.22473632932692308 0.9007253076923077 0.22587402403846155 0.8997762355769231 0.23854980528846154 0.9035725312499999 0.24089355528846154 0.9083217596153846 0.25537109375 0.9140162043269231 0.2613769519230769 0.9149652788461539 0.2751318365384615 0.9481905865384616 0.28594726682692306 0.9671759254807692 0.25711425721153847 0.971921295673077 0.25170410096153845 0.9761921298076923 0.24509765625
0 0.8661265432692308 0.10751464903846154 0.8589814807692308 0.10508300721153846 0.8548649687500001 0.10403808653846153 0.8501929014423077 0.10751464903846154 0.8485455240384615 0.10959961057692308 0.8397569447115385 0.11099121153846155 0.8367361105769231 0.11968261778846154 0.8375578701923078 0.13080566346153846 0.8361844134615384 0.13602050721153847 0.8488194447115384 0.13984375 0.8658487644230769 0.13949706971153847 0.8760146610576923 0.13949706971153847 0.8886496923076923 0.13289062499999998 0.8878240745192307 0.12385253846153846 0.8674999999999999 0.10925293028846153 0.8674999999999999 0.10890625 0.8661265432692308 0.10751464903846154
0 0.4801967596153846 0.5863037115384615 0.4792476850961539 0.57849609375 0.476875 0.5772949206730769 0.4593132716346154 0.57375 0.44602237740384615 0.5610742187500001 0.43415894951923073 0.55392578125 0.42039351923076923 0.55392578125 0.41754629567307694 0.5563281250000001 0.41089892067307693 0.5634765625 0.41089892067307693 0.5808984375 0.41184799278846157 0.5863037115384615 0.4199189807692308 0.591708983173077 0.4227662043269231 0.5935742187499999 0.42418981490384616 0.5959765625 0.43415894951923073 0.599580079326923 0.43795524759615384 0.6001220697115385 0.4678549375 0.6133984375 0.47497685096153847 0.6073876947115384 0.476875 0.597119141826923 0.47972222115384616 0.591708983173077 0.4801967596153846 0.5863037115384615
0 0.7990933653846154 0.39215820192307693 0.7984336418269231 0.3888232427884616 0.7911844134615384 0.3829785168269231 0.7763503076923077 0.3904785168269231 0.769097221153846 0.4046875 0.7559143509615385 0.41969238221153843 0.7542669759615385 0.42720214903846154 0.7559143509615385 0.43596191346153845 0.7638233028846154 0.4434667980769231 0.7875578701923077 0.4388818365384616 0.7905246923076923 0.4309521490384615 0.7971141971153847 0.4109326177884615 0.7974459879807692 0.40383788942307697 0.7990933653846154 0.39215820192307693
0 0.2156828701923077 0.4162792980769231 0.21415894951923078 0.40879394471153846 0.21110725240384615 0.40396484374999997 0.20538194471153848 0.39792968749999996 0.1994714495192308 0.38972168028846155 0.19317515384615386 0.39044433653846156 0.1773418221153846 0.39165527403846156 0.1718132716346154 0.39334472596153847 0.17028549278846153 0.39889648557692303 0.17257330288461536 0.4090332043269231 0.17638888942307693 0.41579589903846154 0.18153935096153845 0.42255371153846155 0.18897762259615383 0.4310058605769231 0.19508101923076923 0.43607421875 0.20385802403846157 0.43510742307692307 0.20996142067307694 0.4247265625 0.21110725240384615 0.42207031250000004 0.2156828701923077 0.4162792980769231
0 0.5277584879807692 0.4007910144230769 0.5228125 0.39578613221153847 0.5132870360576923 0.3928662115384615 0.5043557091346154 0.39412109375 0.49380787019230765 0.4007910144230769 0.4895254639423077 0.40705078125 0.4859297836538462 0.41539550721153845 0.4868865745192308 0.4208154302884616 0.5172106490384615 0.4249902355769231 0.5214969134615385 0.42290527403846156 0.5330632716346154 0.41873046875000003 0.5310879639423077 0.4074658197115385 0.5277584879807692 0.4007910144230769
0 0.07773533894230769 0.5169824206730769 0.08327160576923077 0.5114746105769231 0.10819058653846153 0.5214892572115384 0.12569444471153846 0.54833984375 0.13495370432692308 0.54736328125 0.14282407451923076 0.52451171875 0.1617283942307692 0.5041015625 0.15723765384615385 0.4999609375 0.15486496875 0.4979589831730769 0.14378857932692307 0.49846191346153845 0.13548225240384615 0.50146484375 0.12084876442307692 0.49946288942307693 0.11570601923076923 0.5009619134615385 0.10443672836538462 0.4972167956730769 0.08645833413461539 0.46748046875000004 0.07820216105769232 0.46328125 0.05360725240384615 0.4759326177884615 0.04451003125 0.4864453125 0.042534721153846156 0.50396484375 0.049255401442307695 0.5139794927884616 0.05993827163461539 0.5244921875 0.07101080288461538 0.5214892572115384 0.07496527884615384 0.5169824206730769 0.07773533894230769 0.5169824206730769
0 0.46486882692307696 0.5102148437499999 0.4628896610576923 0.5077099615384616 0.4572878076923077 0.507294923076923 0.4503665120192308 0.5060449230769231 0.44509259375000004 0.5085449230769231 0.44377314903846155 0.5122998052884615 0.44377314903846155 0.5173046875 0.4609143509615385 0.5285693365384615 0.46420910576923075 0.5285693365384615 0.46981481490384613 0.5223144543269231 0.4684953701923077 0.5160546875 0.46486882692307696 0.5102148437499999
0 0.8638271610576923 0.4686669927884616 0.8667939807692308 0.472421875 0.8733873461538462 0.4732568365384615 0.8816280865384616 0.46991699278846155 0.8869020072115384 0.4695019543269231 0.8964583341346154 0.4711669927884615 0.9063464495192307 0.4740869134615385 0.9109645072115384 0.473671875 0.9129398149038461 0.4720019519230769 0.9129398149038461 0.4607373052884615 0.91228009375 0.4528125 0.8921759254807693 0.4498925793269231 0.8855825625 0.4432177740384615 0.8611921298076923 0.4432177740384615 0.8450424375 0.4440527331730769 0.8374614206730769 0.44572265625 0.8325154326923077 0.4498925793269231 0.8288888894230768 0.4523974615384615 0.8318557091346155 0.4636621105769231 0.8344945985576923 0.46491210817307693 0.8489969134615385 0.46574706971153845 0.8532793221153846 0.46574706971153845 0.8638271610576923 0.4686669927884616
0 0.6144521610576923 0.16206054567307693 0.61540509375 0.1660839831730769 0.6196952163461538 0.17533691346153846 0.62701003125 0.18137206971153846 0.641473764423077 0.18016601442307692 0.6529205240384616 0.17594238221153846 0.6611844134615384 0.17131347596153848 0.6618209879807692 0.16186035096153845 0.6600733028846153 0.1530078125 0.6564158942307692 0.14576660096153846 0.6510108028846153 0.14013183653846153 0.6481481490384616 0.13550781250000002 0.6368634254807692 0.13490234375 0.6357523149038461 0.13490234375 0.6220794759615385 0.13530273557692307 0.6244598774038461 0.13974609375 0.6233410504807692 0.14755859375 0.6147685192307693 0.15361328125 0.6144521610576923 0.16206054567307693
0 0.26496142067307693 0.19872070192307692 0.25935570913461536 0.19413085817307693 0.2491396610576923 0.18578613221153845 0.23233024759615384 0.18370117307692307 0.22408950721153845 0.1912109375 0.2227700625 0.19580078125 0.22244212980769232 0.20706543028846153 0.22408950721153845 0.21040038942307693 0.22540894951923077 0.21499023557692307 0.23002314903846152 0.22041015625 0.2336458341346154 0.22958984375000002 0.2468325625 0.2383496081730769 0.2530941346153846 0.2383496081730769 0.2692438269230769 0.23918456971153848 0.2788040120192308 0.23459472596153846 0.27023533894230767 0.21791015625000001 0.2659490745192308 0.20748046875 0.26496142067307693 0.19872070192307692
0 0.631558641826923 0.5019628918269231 0.6268132716346154 0.4941552740384615 0.6225424374999999 0.49295410096153847 0.6168441346153847 0.4923535168269231 0.6068788581730769 0.4923535168269231 0.5845717596153845 0.4977587884615385 0.5750771610576924 0.5019628918269231 0.554193673076923 0.5115771490384615 0.5480246923076924 0.514580076923077 0.5366319447115384 0.5211865240384616 0.5366319447115384 0.5265917956730769 0.5456481490384616 0.5350048822115384 0.5522955240384616 0.5386083990384616 0.5627353389423078 0.5446142572115384 0.5712808653846154 0.5434130865384615 0.5821952163461538 0.5392089831730769 0.5840972211538461 0.5386083990384616 0.5940624999999999 0.5368066418269231 0.6215933653846153 0.5362060552884615 0.633931326923077 0.533203125 0.6363040120192308 0.5289941418269231 0.6344058653846154 0.5175830072115384 0.631558641826923 0.5019628918269231
0 0.5456983028846154 0.5724853509615385 0.5399999999999999 0.5664794927884615 0.5338310192307693 0.5664794927884615 0.5286111105769231 0.5683447259615385 0.5167438269230769 0.58330078125 0.5039274687499999 0.591708983173077 0.49538580288461537 0.591708983173077 0.4801967596153846 0.597119141826923 0.47592592548076923 0.6043847644230769 0.47497685096153847 0.6121337884615385 0.4792476850961539 0.6218066394230769 0.4835185192307693 0.6272119134615385 0.48731481490384615 0.6343603509615385 0.49586033894230774 0.6392285144230769 0.511523920673077 0.63736328125 0.5229128076923076 0.6343603509615385 0.5333564807692308 0.6356201177884616 0.5423765432692308 0.6283544927884616 0.5513927475961539 0.6133984375 0.5518672836538461 0.597119141826923 0.5523418221153846 0.5791552740384616 0.5485455240384616 0.5754931634615384 0.5456983028846154 0.5724853509615385
0 0.10700617307692308 0.5535253894230769 0.11847607932692307 0.5530224615384616 0.12599151201923078 0.5525244134615385 0.12480324038461539 0.5450146490384615 0.11886959855769232 0.5370068365384616 0.11728780769230769 0.5350048822115384 0.10700617307692308 0.5204833990384615 0.09909336538461538 0.5184814447115385 0.08999614182692307 0.5159814447115385 0.08525077163461538 0.5169824206730769 0.08287808653846153 0.5179833990384616 0.08010802403846154 0.5199853509615384 0.07694444471153847 0.5254931634615384 0.06863811778846154 0.5289941418269231 0.06705632692307692 0.5395068365384615 0.07061728365384615 0.5510205072115385 0.0820871923076923 0.56353515625 0.0915779326923077 0.5665380865384615 0.09751157451923077 0.557529295673077 0.10186342548076924 0.5550244134615384 0.10700617307692308 0.5535253894230769
0 0.6511033942307692 0.12139160096153846 0.65388503125 0.11401367307692307 0.6599807091346155 0.10797851442307692 0.6609066346153847 0.1009375 0.6598456778846155 0.09842285096153845 0.653753858173077 0.09456543028846154 0.6489853389423076 0.09271972596153846 0.6443479927884616 0.09020507692307692 0.6370640432692307 0.09255371153846154 0.6340162043269231 0.09473144471153847 0.6287191346153846 0.10110351682692308 0.6248842596153845 0.10913086057692307 0.6216975312499999 0.11820312499999999 0.6287191346153846 0.12775878846153846 0.6360030865384616 0.13010742067307693 0.64978009375 0.13228515625 0.6508371923076923 0.12960449278846153 0.6511033942307692 0.12139160096153846
0 0.6022260793269231 0.23218261778846155 0.6107716057692307 0.22677734375 0.6193132716346154 0.22137206971153847 0.6235841057692307 0.21416015625 0.6283333341346153 0.20695312500000002 0.6283333341346153 0.20154785096153846 0.624058641826923 0.19674316346153847 0.6193132716346154 0.19133300721153848 0.6126697524038461 0.1835253918269231 0.597006173076923 0.1751171875 0.5742245360576923 0.15889648557692307 0.5637808653846154 0.15469238221153844 0.53625 0.1576953125 0.5229629639423077 0.16189941346153847 0.5163155865384615 0.17090820432692308 0.5153665120192308 0.17992187499999998 0.5115702163461538 0.2009472668269231 0.5087229927884616 0.22257324278846152 0.5191666658653846 0.2502050769230769 0.5343518509615385 0.2640185552884616 0.5509645072115384 0.26762695432692307 0.5690007716346154 0.261015625 0.597006173076923 0.23638671875 0.60080246875 0.23338378846153846 0.6022260793269231 0.23218261778846155
0 0.9296797836538461 0.7256689447115385 0.94107253125 0.7316748052884615 0.9481905865384616 0.7563037115384615 0.9519868822115385 0.7779931634615385 0.957681326923077 0.7803955072115384 0.9638541658653845 0.7761279302884615 0.9657523149038462 0.7617138677884616 0.9614814807692308 0.736484375 0.9434452163461539 0.6968359375000001 0.9258834879807692 0.6812744134615384 0.9064236105769231 0.6860205072115384 0.9011998461538462 0.7010986322115385 0.9059490745192308 0.7082470697115385 0.9182870360576924 0.7196630865384616 0.9211342596153845 0.7209228509615385 0.9296797836538461 0.7256689447115385
0 0.1463503076923077 0.24705078125 0.14041280769230768 0.24670898557692308 0.13528163461538462 0.25046874999999996 0.13069444471153846 0.25866699278846156 0.13042438221153846 0.2610546875 0.14121913461538463 0.26549804567307694 0.14608024759615384 0.2740380865384615 0.14850694471153847 0.2812109375 0.1549845673076923 0.29009277403846156 0.16766975240384616 0.2955566394230769 0.1760378076923077 0.29931640625 0.1819753076923077 0.2931640625 0.1690200625 0.2634472644230769 0.15606481490384613 0.25012695432692306 0.15201774759615383 0.2487597644230769 0.1463503076923077 0.24705078125
0 0.3995910504807692 0.3017236322115385 0.4054012355769231 0.30623046875 0.4093364206730769 0.30931640625 0.4132716057692308 0.31240234375 0.41870756249999996 0.3128759759615385 0.4224575625 0.3102636706730769 0.4237692908653846 0.3055224615384616 0.4237692908653846 0.301015625 0.4230208341346154 0.29484375 0.4213348774038461 0.2919970697115385 0.4158989206730769 0.2874902331730769 0.41439814903846156 0.28654296875 0.4102739206730769 0.28583007692307694 0.4035262355769231 0.28796875 0.3956558653846154 0.29223632692307694 0.39603009375 0.2969824230769231 0.3995910504807692 0.3017236322115385
0 0.23115355048076922 0.41654296875 0.22261188221153846 0.4136572259615384 0.21691357932692307 0.4136572259615384 0.20723379567307693 0.42519043028846154 0.2066628076923077 0.44033203125 0.20723379567307693 0.4583496105769231 0.22317901201923077 0.46483886778846156 0.2385570985576923 0.46916503846153845 0.24824074038461538 0.4742089855769231 0.2573533942307692 0.47997558653846156 0.26134259375 0.4821386706730769 0.28469521634615386 0.48646484375 0.25393518509615387 0.44177246153846156 0.24994984615384613 0.4338427740384615 0.24140817788461538 0.42086914182692303 0.23115355048076922 0.41654296875
0 0.14893132692307692 0.6831787115384615 0.1501195985576923 0.6696630865384615 0.14853394951923077 0.6621533197115385 0.1331095673076923 0.6296142572115385 0.12480324038461539 0.622607420673077 0.12084876442307692 0.6201025384615384 0.10977237740384616 0.6181005865384616 0.10107253125000001 0.6246093749999999 0.09434799278846154 0.6311181634615385 0.08010802403846154 0.6461328125 0.06784722115384614 0.6671582019230768 0.06547453605769231 0.6866845697115385 0.07140817788461538 0.7016992187500001 0.08564429086538462 0.7067089831730768 0.12322144951923077 0.6986962884615384 0.13825231490384615 0.7022021490384615 0.14378857932692307 0.6966943365384615 0.14893132692307692 0.6831787115384615
0 0.9690740745192308 0.4703662115384616 0.9685995360576923 0.46796386778846155 0.968125 0.46796386778846155 0.965277778846154 0.4649609375 0.9562577163461538 0.4632177740384616 0.9405941346153845 0.4667626947115385 0.9292052475961537 0.4733691394230769 0.923036264423077 0.4800390625 0.9106944447115384 0.494453125 0.9106944447115384 0.50400390625 0.9116435192307691 0.5124169927884615 0.9116435192307691 0.5178222644230769 0.9467669759615384 0.53650390625 0.9595833341346154 0.5232275384615385 0.965277778846154 0.5022656249999999 0.9685995360576923 0.48117675721153846 0.9690740745192308 0.4703662115384616
0 0.09276620432692308 0.29901855528846155 0.09351466105769231 0.29475097596153843 0.09351466105769231 0.29119140625 0.09182870432692308 0.2854980480769231 0.08957947596153847 0.28146484375 0.08358024759615384 0.2757714831730769 0.07983410576923076 0.2771972668269231 0.07589892067307692 0.2802832043269231 0.07252314903846155 0.28787109375 0.06933642067307692 0.29522461057692306 0.06877314903846153 0.30376464903846156 0.06821373557692308 0.3099316418269231 0.07402392067307692 0.3144384759615385 0.0787075625 0.3142041009615385 0.08527006250000001 0.3142041009615385 0.0862075625 0.30803711057692307 0.08676697596153846 0.30613769471153846 0.09276620432692308 0.29901855528846155
0 0.6305979927884615 0.4649951177884616 0.6240046298076922 0.48835449278846155 0.6263117283653846 0.4983691394230769 0.6368595673076923 0.5100488269230768 0.6408140432692307 0.5167236322115385 0.6480671298076923 0.5146386706730769 0.6546566346153846 0.511298829326923 0.6645447524038463 0.50587890625 0.6681712956730769 0.5025390625 0.6744328701923077 0.5025390625 0.6760841057692308 0.505458985576923 0.6760841057692308 0.50587890625 0.6866319447115384 0.5062939447115384 0.6859722211538462 0.49544921875000003 0.6757523149038461 0.48376464903846156 0.660590278846154 0.46749999999999997 0.6526813269230769 0.4558154302884615 0.6398263894230769 0.4558154302884615 0.6305979927884615 0.4649951177884616
0 0.0037692908653846153 0.8864208990384616 0.002584877403846154 0.8984326177884616 0.017218365384615384 0.912451173076923 0.04886188221153846 0.91845703125 0.05439814903846153 0.9159570312499999 0.042534721153846156 0.8809130865384615 0.042534721153846156 0.87240234375 0.016820987980769232 0.87138671875 0.008912036057692307 0.8764062499999999 0.0037692908653846153 0.8864208990384616
0 0.12820987740384615 0.21138671875 0.12092592548076923 0.20899902403846154 0.1122878076923077 0.20387206971153848 0.10068287019230769 0.20216796875 0.09744212980769232 0.20216796875 0.09420524759615384 0.20558105528846154 0.0888078701923077 0.21002441346153844 0.0809799375 0.21685546875 0.07773919711538461 0.22778320192307694 0.0755825625 0.23905761778846155 0.07719907451923078 0.24486328124999998 0.08448688221153847 0.24452148317307693 0.10176311778846155 0.24384277403846152 0.12065586538461538 0.24588867067307693 0.13522762259615384 0.24828124999999998 0.14008873557692308 0.251015625 0.16275848798076925 0.2441796875 0.16275848798076925 0.23325195192307693 0.15817129567307694 0.22334472596153845 0.14224537019230768 0.21685546875 0.14008873557692308 0.21651367307692307 0.12820987740384615 0.21138671875
0 0.9074652788461539 0.31599121153846155 0.9060918221153845 0.3170361322115385 0.9038927475961539 0.3198144519230769 0.9069135793269231 0.32294433653846155 0.92146990625 0.3309375 0.9283371923076923 0.32989746153846156 0.9365779326923077 0.32989746153846156 0.9516859567307693 0.33163574278846153 0.9541589495192307 0.33267578124999997 0.9651466057692308 0.3344140625 0.9711882716346154 0.33163574278846153 0.9676157403846154 0.3246826177884615 0.9514120360576922 0.3201611322115384 0.9371141971153846 0.3145996081730769 0.9190007716346155 0.31390625 0.9074652788461539 0.31599121153846155
0 0.6017245360576923 0.37484375000000003 0.5974382716346154 0.3719238293269231 0.5878780865384615 0.3694238293269231 0.584911264423077 0.36983886778846153 0.5786496923076924 0.37693359374999996 0.5733757716346154 0.38861328125 0.5700810192307693 0.4007080072115385 0.5687615745192308 0.40654785096153845 0.568433641826923 0.41113769471153844 0.5681018509615384 0.4123925793269231 0.5845833341346154 0.42115234375 0.5980979927884615 0.4157275384615385 0.6007330240384615 0.3986230480769231 0.6027121923076924 0.3831884759615385 0.6017245360576923 0.37484375000000003
0 0.5633873461538461 0.39257324278846156 0.5680054014423077 0.39132324278846153 0.5699807091346154 0.38460937500000003 0.5722878076923077 0.37880859375 0.5759143509615384 0.3737597644230769 0.5739351850961538 0.36462402403846156 0.5538310192307693 0.35544921874999996 0.5455902788461539 0.35461425721153844 0.5304282403846154 0.352109375 0.5264737644230769 0.3529443365384616 0.5241666658653846 0.35502929807692307 0.5294405865384616 0.365 0.5363618822115385 0.3771386730769231 0.5439429014423077 0.3817285144230769 0.5587731490384615 0.39132324278846153 0.5633873461538461 0.39257324278846156
0 0.3631134254807692 0.29596679567307693 0.3654861105769231 0.2989746081730769 0.37418595673076926 0.29997558653846157 0.3781404326923077 0.29596679567307693 0.39435956730769234 0.2874609375 0.3979166658653846 0.2839550769230769 0.39950231490384613 0.2814501947115385 0.4121566346153846 0.2814501947115385 0.4137384254807692 0.27844726682692306 0.4082021610576923 0.2734423822115385 0.3998958341346154 0.26543456971153845 0.39040509375000004 0.25842285096153844 0.38328317788461536 0.254921875 0.3733950625 0.25842285096153844 0.36983410576923076 0.26242675721153846 0.35915509375000004 0.27043945432692307 0.3564043221153846 0.27744140625 0.35124614182692304 0.281953125 0.3579706778846154 0.28895996153846154 0.3631134254807692 0.29596679567307693
0 0.09901234615384615 0.4506005865384616 0.09339120432692308 0.44486816346153846 0.08792438221153846 0.4403173822115385 0.0796450625 0.4365625 0.07168209855769231 0.4353759759615385 0.06699459855769231 0.4357714831730769 0.06168209855769231 0.43616699278846155 0.05121913461538462 0.4420996081730769 0.047314814903846154 0.45455078125 0.048252314903846155 0.46067871153846157 0.052310956730769236 0.46799316346153846 0.054969134615384614 0.4691796875 0.060123456730769236 0.46819336057692307 0.0682445985576923 0.46641113221153846 0.07652392067307692 0.46344726442307693 0.0790200625 0.4632519543269231 0.08792438221153846 0.4658203125 0.09323302403846154 0.46522949278846154 0.10167052403846154 0.4632519543269231 0.10057484615384617 0.4553417980769231 0.09901234615384615 0.4506005865384616
0 0.8519907403846154 0.9396191394230768 0.8531751538461538 0.9396191394230768 0.8596874999999999 0.9276269519230769 0.8750887355769231 0.9186279302884616 0.8893016971153845 0.9126318365384616 0.9011496923076923 0.9103857427884615 0.9017399687500001 0.9066357427884615 0.9017399687500001 0.898388673076923 0.9017399687500001 0.8968896490384615 0.9011496923076923 0.8781494134615385 0.8975964495192308 0.8609082019230769 0.88634259375 0.8564111322115384 0.8827893509615384 0.8534130865384615 0.86857253125 0.8406689447115384 0.8650192908653846 0.8376708990384615 0.8567283942307693 0.8219287115384616 0.8460648149038461 0.8249267572115385 0.8442901225961539 0.8249267572115385 0.8365895072115385 0.8346728509615384 0.8336265432692307 0.8436669927884615 0.815266204326923 0.8541650384615385 0.8217824062500001 0.8714062499999999 0.8277044759615385 0.8759033197115385 0.837773920673077 0.89314453125 0.8413271610576923 0.9043896490384615 0.8413271610576923 0.9118847668269231 0.8277044759615385 0.9343701177884616 0.833036264423077 0.9426171875 0.8336265432692307 0.9463671875 0.8519907403846154 0.9396191394230768
0 0.9590509254807693 0.21754394471153848 0.9658873461538462 0.21110839903846154 0.9739930552884615 0.20466796874999998 0.9803510793269231 0.1962207043269231 0.9790779326923077 0.1875683581730769 0.9766936730769231 0.17952148317307692 0.9706558653846155 0.17167480528846155 0.9666820985576923 0.17066894471153848 0.9571450625 0.17026855528846155 0.9485609567307692 0.1740917980769231 0.9434722211538461 0.1847558581730769 0.9436304014423077 0.19259765625 0.948398920673077 0.19823242067307692 0.9393402788461539 0.2062792956730769 0.9388618822115385 0.21976074278846153 0.9498302475961539 0.22237304807692307 0.9525347211538461 0.22116699278846155 0.9590509254807693 0.21754394471153848
0 0.5951080240384615 0.12405273557692308 0.5903587956730769 0.11384277403846153 0.5841898149038461 0.10423339903846154 0.57896990625 0.10002441346153847 0.57375 0.09822265625 0.5666280865384615 0.09642089903846154 0.5447955240384615 0.09642089903846154 0.5248611105769231 0.10903808653846155 0.5210648149038462 0.12225097596153846 0.5205902788461538 0.1390722644230769 0.5248611105769231 0.14808105528846155 0.5348263894230769 0.15349121153846154 0.5414737644230769 0.152890625 0.5471682091346154 0.152890625 0.5808680552884615 0.16430175721153845 0.5936844134615384 0.152890625 0.5974807091346154 0.13847168028846155 0.597006173076923 0.13006347596153847 0.5951080240384615 0.12405273557692308
0 0.523931326923077 0.11122558653846154 0.5256481490384616 0.10687988221153846 0.5315586418269231 0.10301757692307692 0.5357561730769231 0.09625976442307692 0.5355632716346154 0.09432617307692308 0.5298418221153847 0.08829101442307692 0.5241203701923077 0.08201660096153847 0.5193518509615385 0.07598144471153846 0.515536264423077 0.07163574278846153 0.5094328701923077 0.06897949278846154 0.5052353389423077 0.07115234375 0.4998958341346154 0.07501464903846154 0.49817901201923076 0.08225586057692308 0.4989429014423077 0.09312011778846153 0.4991319447115385 0.10229492307692307 0.5012307091346154 0.114609375 0.5039004639423077 0.12571288942307693 0.5157291658653846 0.13198730528846153 0.5214506177884616 0.12715820432692307 0.52259259375 0.12185058653846154 0.523931326923077 0.11122558653846154
0 0.4707368822115384 0.3866113269230769 0.4601890432692307 0.37659668028846155 0.4562345673076923 0.3707568365384616 0.4450270072115385 0.36450195192307694 0.4265663581730769 0.3649169927884615 0.4213271610576923 0.367421875 0.41338348798076924 0.3782666009615384 0.41338348798076924 0.39036621153846157 0.4156905865384615 0.39662109375 0.4167129639423077 0.40121093750000003 0.4196450625 0.4053808605769231 0.4216242283653846 0.40580078125 0.4601890432692307 0.41956543028846155 0.4700771610576923 0.42832519471153846 0.47505401201923075 0.4216503918269231 0.47505401201923075 0.40663574278846154 0.4707368822115384 0.3866113269230769
0 0.9266898149038462 0.29513183653846153 0.9168016971153846 0.29200683653846154 0.9115817908653846 0.29339355528846156 0.9091126538461538 0.29895507932692306 0.9102083341346153 0.3041699230769231 0.9143287043269231 0.3079980456730769 0.9198225312499999 0.31320800721153846 0.934108795673077 0.3097314447115384 0.9363040120192309 0.30869140625 0.9363040120192309 0.30208496153846154 0.9313618822115385 0.29583007932692307 0.9266898149038462 0.29513183653846153
0 0.29304398076923077 0.3668505865384616 0.28837191346153845 0.3564208990384615 0.2793094134615385 0.3449511706730769 0.2685956778846154 0.3404296875 0.2581597211538461 0.3355615240384615 0.24497685096153846 0.3327832043269231 0.23481095673076924 0.33312988221153844 0.22602237740384615 0.33347656249999996 0.2188811730769231 0.3400830072115385 0.21805555528846154 0.35120605528846155 0.21778163461538463 0.3654589831730769 0.22162808653846153 0.37136718750000003 0.2262962956730769 0.3727587884615385 0.2323418221153846 0.3744970697115385 0.24937114182692308 0.38005859375 0.25513888942307694 0.38145019471153846 0.2625540120192308 0.38423339903846154 0.2683217596153846 0.38527343750000004 0.27299382692307694 0.38840331971153846 0.2754629639423077 0.39014160096153844 0.2754629639423077 0.3964013677884616 0.27436728365384616 0.4037011706730769 0.27381558653846155 0.4054394543269231 0.27903549278846157 0.41134765624999997 0.29029706730769234 0.40474121153846154 0.2946913581730769 0.3932714831730769 0.29579089423076926 0.38284179567307697 0.29304398076923077 0.3668505865384616
0 0.18086419711538462 0.29951171875 0.1763117283653846 0.3011230480769231 0.16633101923076923 0.30309081971153845 0.16024305528846156 0.30229980528846156 0.15399305528846152 0.30229980528846156 0.14805941346153847 0.30229980528846156 0.14665123557692308 0.30407714903846156 0.14821373557692308 0.30763671875000004 0.14962191346153847 0.31159179567307693 0.15336805528846154 0.3157421875 0.15805555528846152 0.31989257692307693 0.16305169711538461 0.32463867307692307 0.17101851923076922 0.3297753918269231 0.17492283894230767 0.33471679807692306 0.1805478389423077 0.3331347644230769 0.18866898076923075 0.3268115240384616 0.18882330288461538 0.31732421875 0.18726080288461538 0.3056591802884615 0.18507716105769229 0.30091308653846155 0.18366898076923077 0.30091308653846155 0.18086419711538462 0.29951171875
0 0.1598032403846154 0.4774267572115385 0.15933642067307693 0.47030761778846153 0.15871142067307692 0.4671435552884615 0.15699074038461538 0.4633886730769231 0.1544945985576923 0.4616113293269231 0.1510570985576923 0.4606201177884615 0.14621527884615385 0.4618066394230769 0.14106095673076924 0.46200683653846153 0.13481481490384614 0.46299316346153846 0.12903549278846155 0.46457519471153846 0.12700231490384614 0.46457519471153846 0.12028549278846154 0.47089843750000004 0.11700617307692308 0.4736669927884615 0.11372685096153846 0.47880859374999996 0.11138503125 0.48375 0.11216435096153846 0.4904736322115385 0.11216435096153846 0.49521484375 0.11451003125 0.4977832019230769 0.12075617307692309 0.50015625 0.12762731490384616 0.4999609375 0.13512731490384616 0.4999609375 0.14684027884615383 0.4944238293269231 0.1513695985576923 0.49066894471153844 0.15746142067307692 0.48355468749999997 0.15775462980769234 0.4837402355769231 0.15979938221153847 0.48413086057692306 0.16011574038461537 0.4797949206730769 0.1598032403846154 0.4782128918269231 0.1598032403846154 0.4774267572115385
0 0.884826389423077 0.614912108173077 0.8875694447115384 0.61794921875 0.892368826923077 0.6240185552884616 0.8999112644230769 0.6292285168269232 0.9088194447115385 0.6326953125 0.9153356490384615 0.6318310552884616 0.9263040120192307 0.6248876947115385 0.9331558653846154 0.6201171875 0.9376118822115385 0.6162109375 0.9410416658653846 0.611875 0.9547530865384615 0.60146484375 0.9588657403846154 0.6010302740384615 0.9646913581730769 0.5979931634615384 0.9698341057692308 0.6005957043269231 0.9842283942307692 0.5979931634615384 0.9876543221153846 0.592353516826923 0.9876543221153846 0.569794923076923 0.9873148149038461 0.562421875 0.9777160504807691 0.5580810552884615 0.96571759375 0.5507080072115385 0.9516666658653846 0.54419921875 0.9393287043269231 0.5359570312499999 0.9304166658653846 0.5290185552884615 0.9225308653846154 0.5246777355769231 0.9129359567307692 0.5207763677884615 0.9060802475961538 0.5303173822115385 0.9005941346153846 0.5368261730769232 0.8975115745192308 0.5472363293269231 0.8909992283653847 0.5598193365384615 0.8855131177884614 0.5702294927884616 0.881743826923077 0.5793408197115385 0.8759182091346154 0.5901855480769231 0.8790007716346153 0.59755859375 0.884826389423077 0.61013671875 0.884826389423077 0.614912108173077
0 0.8259645072115384 0.13627929807692307 0.8122337956730769 0.13104980528846155 0.8067399687500001 0.130703125 0.7993248461538461 0.13278808653846152 0.7930054014423077 0.13556640625 0.785590278846154 0.13452636778846155 0.7817438269230769 0.1411328125 0.7811959879807693 0.1470410144230769 0.7833912043269231 0.14843261778846153 0.7924575625 0.15538574278846154 0.8009722211538463 0.15955566346153846 0.8075655865384616 0.16442382692307692 0.8166280865384615 0.16928710817307693 0.8243209879807692 0.17033203125000002 0.8347608028846154 0.16752929807692307 0.8322839495192308 0.147734375 0.8314621923076922 0.14391113221153845 0.8259645072115384 0.13627929807692307
0 0.7398148149038462 0.22008300721153845 0.7358101850961538 0.22056152403846155 0.7358101850961538 0.23673828125000002 0.7363811730769231 0.2454296875 0.743441358173077 0.25604980528846155 0.7522145072115385 0.25677734375 0.7600347211538462 0.25460449278846153 0.7638503076923077 0.25146484375 0.7661381177884615 0.2497753918269231 0.7676697524038462 0.24252929567307693 0.7718634254807692 0.2374609375 0.7665200624999999 0.22925293028846155 0.7602276225961538 0.22587402403846155 0.75240740625 0.22321777403846152 0.7428665120192307 0.22104492067307693 0.7398148149038462 0.22008300721153845
0 0.8119367283653846 0.20849121153846153 0.8056442908653847 0.20270019471153844 0.7928626538461538 0.20052734375 0.7816087956730768 0.19932128846153846 0.7709259254807692 0.20462890625 0.7636805552884615 0.20776855528846155 0.762152778846154 0.21814941346153846 0.7646334879807692 0.22466796875 0.7772222211538462 0.23070312499999998 0.7896219134615384 0.23408203125 0.8146064807692308 0.2323925793269231 0.8191859567307692 0.2239453125 0.8193750000000001 0.22225097596153848 0.8119367283653846 0.20849121153846153
0 0.5380439807692308 0.027138670673076924 0.5321103389423076 0.02046875 0.5291435192307692 0.018798826923076925 0.5268364206730769 0.015878906249999998 0.5245293221153846 0.015878906249999998 0.517276235576923 0.020883788461538464 0.5120023149038462 0.022553711538461536 0.5080478389423078 0.024218749999999997 0.5050810192307693 0.026723632211538464 0.5040933653846154 0.03423339903846154 0.5179359567307692 0.03923828125 0.5298032403846153 0.04132324278846154 0.5340856490384616 0.043828125 0.5406790120192307 0.03631835817307692 0.5380439807692308 0.027138670673076924
0 0.8160493822115384 0.7010888677884615 0.8279629639423077 0.7036035168269231 0.8325964495192307 0.6968994134615384 0.8352469134615385 0.6860107427884615 0.8537770072115385 0.6834960937500001 0.8683410504807691 0.66087890625 0.8762808653846155 0.6550146490384615 0.8663541658653846 0.63826171875 0.8551003076923076 0.63072265625 0.8438503076923076 0.6198339831730769 0.8385532403846153 0.6131298822115384 0.8372299375 0.60810546875 0.8266396610576923 0.6131298822115384 0.8127430552884616 0.6198339831730769 0.8074459879807693 0.62318359375 0.7922222211538461 0.6340722668269231 0.7849421298076924 0.6449658197115385 0.7756751538461538 0.6642333990384616 0.7922222211538461 0.6801464855769231 0.8054591057692307 0.695224608173077 0.8160493822115384 0.7010888677884615
0 1 0.628955076923077 0.9961304014423077 0.6343603509615385 0.9866358028846154 0.6343603509615385 0.9766666658653846 0.6349609375 0.9685995360576923 0.6416308581730769 0.9624305552884616 0.6500390625 0.9562577163461538 0.6625927740384616 0.9505632716346154 0.675869141826923 0.9453433653846154 0.690830076923077 0.9439197524038462 0.6962353509615385 0.9505632716346154 0.7095117187500001 0.971921295673077 0.7065087884615384 0.9847376538461539 0.7058447259615386 1 0.7034423822115384 1 0.6470361322115384 1 0.6313574206730769 1 0.628955076923077
0 0.7408680552884616 0.35896484375 0.7425810192307692 0.3615673822115385 0.7449807091346153 0.369375 0.7463541658653846 0.3728466802884615 0.7490933653846154 0.3728466802884615 0.7535493822115384 0.37197753846153847 0.7549228389423077 0.3680761706730769 0.7628047836538462 0.3637353509615385 0.7717168221153846 0.369375 0.7782291658653846 0.3724121105769231 0.7816589495192308 0.36980956971153844 0.7843981490384616 0.36720703125000004 0.7915972211538461 0.36113281249999996 0.7960532403846153 0.35853027403846155 0.8090779326923077 0.35723144471153845 0.8200462956730769 0.3554931634615385 0.8646064807692307 0.3468212884615385 0.8683757716346154 0.33640624999999996 0.8694020072115385 0.3281640625 0.8748881177884615 0.31645019471153846 0.88928240625 0.3025683581730769 0.904023920673077 0.29866699278846154 0.9074498461538462 0.29129394471153847 0.9067631177884615 0.2800146490384615 0.9043672836538461 0.2674316418269231 0.892368826923077 0.26222656250000004 0.85740740625 0.23793456971153845 0.7994791658653846 0.26092773317307694 0.7830285504807691 0.27480956971153847 0.7768595673076923 0.2856542980769231 0.7723765432692308 0.2978515625 0.7508101850961538 0.32426269471153846 0.7439544759615385 0.33380371153846156 0.7394984567307692 0.35375976442307694 0.7408680552884616 0.35896484375
0 0.8456674375000001 0.423203125 0.8537615745192307 0.4180859375 0.8604243822115384 0.41206054567307693 0.8611381177884615 0.4099511730769231 0.8595679014423077 0.4052734375 0.8454282403846154 0.40904785096153845 0.8351929014423077 0.41326171875 0.8235300937500001 0.4177832019230769 0.8086419759615384 0.42041015625 0.8020833341346154 0.4296875 0.7962962956730769 0.42919921875 0.7939814807692307 0.44189453125 0.7893518509615384 0.44384765625 0.7821141971153847 0.44429199278846154 0.7756867283653845 0.4473046875 0.7712191346153846 0.4462890625 0.7646604927884616 0.4482421875 0.7604166658653846 0.45556640625 0.7602160504807693 0.46146484375 0.7599768509615384 0.4711035144230769 0.7595023149038462 0.48074218750000003 0.7578356490384616 0.48767089903846156 0.7602160504807693 0.49490234375000003 0.7671180552884616 0.502734375 0.7692592596153845 0.5066503894230769 0.7752121923076923 0.5078564447115385 0.7821141971153847 0.511171875 0.7947530865384616 0.51904296875 0.798611110576923 0.5146484375 0.8009182091346154 0.502734375 0.8018711418269231 0.4964111322115385 0.8075848774038461 0.4852636706730769 0.8099652788461539 0.47954101682692307 0.8154398149038461 0.46779296875000004 0.826388889423077 0.4482080072115385 0.8349575625000001 0.44248535096153846 0.8411458341346154 0.43284668028846157 0.8456674375000001 0.423203125
0 0.19944444471153847 0.27185546875 0.19647762259615384 0.27798339903846153 0.19179398076923077 0.28352050721153843 0.18773148076923077 0.28786621153846154 0.19319830288461537 0.29458984374999997 0.19554012259615383 0.29419433653846155 0.20038194471153847 0.29438964903846154 0.21069058653846154 0.30170410096153844 0.22256172836538463 0.3052636706730769 0.23146605048076924 0.30309081971153845 0.2394328701923077 0.30150878846153845 0.24021219230769233 0.2930078125 0.23084105048076922 0.27837890625 0.22537422836538462 0.27422851682692306 0.20772376442307694 0.26019043028846156 0.20288194471153845 0.26395019471153847 0.20085262259615386 0.2681005865384615 0.19944444471153847 0.27185546875
0 1 0.24696288942307693 0.992330247596154 0.24696288942307693 0.9837885793269231 0.24996581971153847 0.9657523149038462 0.26312011778846156 0.957681326923077 0.27212890624999997 0.955308641826923 0.28180175721153844 0.9619560192307692 0.28720703125 0.9695486105769231 0.2961572259615385 0.9866358028846154 0.299765625 1 0.30162597596153845 1 0.24696288942307693
0 0.061122685096153845 0.5199853509615384 0.048464507211538464 0.5114746105769231 0.040158177884615384 0.5069677740384615 0.03422839423076923 0.5059667980769231 0.02196373557692308 0.5089697259615384 0.017218365384615384 0.518984375 0.014845677884615384 0.53650390625 0.020381944711538463 0.544013673076923 0.03581018509615384 0.55001953125 0.047673610576923084 0.5580322259615385 0.05084105048076923 0.5600341802884615 0.06942901201923077 0.56103515625 0.07101080288461538 0.5565283197115385 0.07298996875 0.5445166009615384 0.06586805528846154 0.5304980456730769 0.061122685096153845 0.5199853509615384
0 0 0.7963134759615385 0.006145834134615385 0.8283496081730769 0.016033949519230768 0.8213427740384615 0.019591050480769232 0.8113330072115384 0.023152007211538463 0.802822266826923 0.028294752403846154 0.7918066394230769 0.025925925480769232 0.779296875 0.02592206730769231 0.7712841802884616 0.020381944711538463 0.76828125 0.008912036057692307 0.7637744134615385 0 0.7732861322115384 0 0.7963134759615385
0 0.2505825625 0.55001953125 0.25216435096153844 0.5360058605769231 0.2517708341346154 0.524990235576923 0.25097993749999997 0.5114746105769231 0.2458371923076923 0.5044677740384615 0.2410918221153846 0.4999609375 0.23713348798076922 0.4979589831730769 0.23238811778846152 0.4979589831730769 0.2292245360576923 0.5019628918269231 0.22368827163461538 0.5074707019230769 0.22052083413461537 0.5099755865384615 0.2161728389423077 0.51748046875 0.21103009374999998 0.5314990240384615 0.20905092548076926 0.5319970697115385 0.20826003125 0.5330029302884616 0.21696373557692306 0.54201171875 0.2288271610576923 0.5505224615384615 0.23990355048076922 0.559033204326923 0.2458371923076923 0.5580322259615385 0.2505825625 0.55001953125
0 0.7637577163461539 0.5021240240384615 0.7624421298076923 0.4987841802884615 0.7604629639423077 0.49586425721153843 0.7571682091346154 0.49294433653846154 0.7485956778846153 0.49002441346153847 0.742993826923077 0.49169433653846156 0.7321180552884615 0.4987841802884615 0.7238773149038462 0.5100488269230768 0.7238773149038462 0.517138670673077 0.7281597211538462 0.5267333990384615 0.7307986105769231 0.5388330072115385 0.7410146610576922 0.5446728509615385 0.7466203701923076 0.5438378894230769 0.7568364206730769 0.5154736322115384 0.7634297836538462 0.5087988293269231 0.7650771610576924 0.505458985576923 0.7637577163461539 0.5021240240384615
0 0.3180285504807693 0.25253418028846153 0.3206635793269231 0.24836425721153846 0.32527006249999996 0.23334960817307693 0.3236304014423077 0.21666015624999999 0.3206635793269231 0.20539550721153846 0.31572144951923076 0.20497558653846154 0.31209490624999997 0.20414550721153846 0.2995679014423077 0.2045605480769231 0.29001157451923076 0.21081543028846153 0.2857253076923077 0.21666015624999999 0.2804513894230769 0.22750488221153847 0.2797916658653846 0.23626464903846156 0.29594521634615384 0.2554541009615385 0.30286651201923076 0.2575390625 0.3091280865384615 0.26254394471153847 0.3150617283653846 0.26129394471153844 0.3180285504807693 0.25253418028846153
0 0.05786265384615385 0.4157666009615385 0.052264661057692306 0.41263671875 0.04810185096153847 0.4106591802884615 0.04237268509615385 0.408515625 0.03729552403846154 0.4081884759615385 0.034043209134615386 0.40917480528846156 0.025061728365384617 0.4159277331730769 0.023368055288461538 0.4190576177884615 0.022457562499999997 0.42284668028846156 0.02493055528846154 0.42861328125 0.027403550480769232 0.43190918028846154 0.031180555288461538 0.4358642572115385 0.034564043269230765 0.4371777355769231 0.04016203605769231 0.4378369134615384 0.04328317788461538 0.43932128846153845 0.04601851923076923 0.44030761778846156 0.0467978389423077 0.44096679807692307 0.05083333413461539 0.44113281249999997 0.05174382692307692 0.44146484375 0.06189814903846154 0.4366845697115384 0.06476080288461539 0.43059081971153845 0.06462962980769231 0.4246582043269231 0.06319830288461538 0.42070800721153845 0.05786265384615385 0.4157666009615385
0 0.09351466105769231 0.29603027403846155 0.09014274759615384 0.3000634759615385 0.0862075625 0.31002929807692303 0.0818942908653846 0.3202294927884616 0.0818942908653846 0.3313769519230769 0.08470679086538462 0.33161621153846155 0.08864197596153846 0.3313769519230769 0.09651620432692307 0.3306640625 0.10794753125 0.327109375 0.11244598798076924 0.31833007932692303 0.11207175961538461 0.31050293028846154 0.10982253125 0.30386230528846153 0.10138888942307693 0.29579589903846154 0.09820216105769232 0.29508300721153846 0.09351466105769231 0.29603027403846155
0 0.3596682091346154 0.054345701923076924 0.3537345673076923 0.055532225961538464 0.34935956730769235 0.06047363221153846 0.3482677475961538 0.06640625 0.34889274759615385 0.07411621153846154 0.3567129639423077 0.07963867067307692 0.36732253125000003 0.08735839903846153 0.3720061730769231 0.08656738221153847 0.37841049278846156 0.0796484375 0.37903549278846155 0.06937011778846154 0.36685185096153844 0.05948730528846154 0.36185570913461534 0.05612793028846154 0.3596682091346154 0.054345701923076924
0 0.4009259254807693 0.40383788942307697 0.39993441346153846 0.39841796874999996 0.3989467596153846 0.3954931634615385 0.39631172836538464 0.3934082043269231 0.3920254639423077 0.39215820192307693 0.38411265384615384 0.39048828125 0.37488425961538463 0.3909082043269231 0.36928240625 0.38965331971153844 0.3646682091346154 0.3900732427884615 0.3610416658653846 0.3954931634615385 0.36170138942307695 0.4055078125 0.36763503124999997 0.41051269471153845 0.37488425961538463 0.4159375 0.3771913581730769 0.4163525384615384 0.39696759375 0.41802246153846156 0.4009259254807693 0.41468261778846155 0.4009259254807693 0.40383788942307697
0 0.6880902788461539 0.4686230480769231 0.6956828701923077 0.4757714855769231 0.7108719134615384 0.48478515625 0.7194135793269231 0.4914501947115385 0.7293827163461538 0.48958984375000003 0.7308063269230769 0.48658691346153843 0.7379243822115384 0.4733691394230769 0.7222608028846154 0.4518017572115385 0.6937847211538462 0.4343847644230769 0.6809683653846155 0.4542089855769231 0.6819174375 0.46261718749999997 0.6880902788461539 0.4686230480769231
0 0.8522916658653846 0.46407714903846153 0.8400964495192308 0.46491210817307693 0.8239467596153845 0.4674121081730769 0.8124112644230769 0.474921875 0.8054861105769231 0.4861865240384615 0.8018634254807692 0.5007861322115384 0.8015316346153847 0.5045410144230769 0.8025192908653846 0.5095458990384615 0.81076003125 0.5066259759615385 0.8222993822115385 0.4987011730769231 0.8298804014423078 0.4949462884615385 0.8414158942307692 0.49369628846153846 0.8522916658653846 0.4966162115384615 0.8569058653846154 0.4987011730769231 0.85888503125 0.4995361322115385 0.8602044759615384 0.50037109375 0.8704205240384616 0.48034668028846156 0.8681134254807692 0.4740869134615385 0.8661342596153846 0.47033203125 0.8628395072115385 0.4669970697115385 0.8522916658653846 0.46407714903846153
0 0.12478394951923076 0.27178222596153845 0.1274845673076923 0.279296875 0.1334220673076923 0.28749511778846154 0.1393595673076923 0.29057128846153846 0.1436766971153846 0.29330078125000003 0.14880401201923077 0.28783691346153845 0.14772376442307691 0.28271484375 0.1452970673076923 0.2762255865384616 0.14070987740384616 0.2676855480769231 0.12856095673076923 0.26255859375 0.12694444471153846 0.2663183581730769 0.12478394951923076 0.27178222596153845
0 0.931871141826923 0.18334472596153845 0.9277353389423078 0.18153320192307693 0.9202662043269231 0.17952148317307692 0.9142245360576923 0.178515625 0.9026234567307692 0.17389160096153844 0.8988078701923077 0.17167480528846155 0.8924498461538461 0.17208007932692307 0.88625 0.17872070432692308 0.8872029326923077 0.18395019471153845 0.8902237644230768 0.18716796875 0.9005555552884614 0.1875683581730769 0.9029398149038462 0.18857421875000002 0.9202662043269231 0.19380859375 0.9197878076923077 0.19843261778846152 0.9253510793269231 0.20124999999999998 0.9259876538461539 0.20165038942307692 0.9360030865384614 0.20346191346153847 0.9374344134615384 0.20024414182692307 0.9369560192307692 0.19481445192307692 0.9340933653846153 0.1881738269230769 0.931871141826923 0.18334472596153845
0 0.42851080288461535 0.24840331971153845 0.4275578701923077 0.24840331971153845 0.4190162043269231 0.25140625 0.4171180552884615 0.26041503846153846 0.4171180552884615 0.26942871153846154 0.4190162043269231 0.2718310552884616 0.4261342596153846 0.2832421875 0.4394251538461538 0.28985351682692306 0.4584104927884616 0.295859375 0.4650578701923077 0.295859375 0.47312499999999996 0.29345703125 0.4726504639423077 0.2658251947115385 0.44464506249999997 0.24960449278846156 0.43800154326923074 0.24840331971153845 0.42851080288461535 0.24840331971153845
0 0.7882831778846153 0.5288476562500001 0.78923996875 0.52546875 0.7905748461538462 0.5196728509615385 0.7869483028846154 0.5153271490384616 0.7816087956730768 0.5117089831730769 0.7758873461538461 0.5080859375 0.7665393509615386 0.5080859375 0.7604359567307692 0.5129150384615385 0.7520447524038462 0.5237792980769231 0.7516628076923078 0.5312646490384615 0.7604359567307692 0.5397119134615385 0.7665393509615386 0.54357421875 0.7762692908653845 0.539228514423077 0.7905748461538462 0.5387451177884615 0.7930555552884615 0.5356103509615384 0.7882831778846153 0.5288476562500001
0 0.2860570985576923 0.21958007692307693 0.2906712956730769 0.2145703125 0.2946257716346154 0.21123535096153848 0.30088734615384616 0.20581054807692306 0.3078086418269231 0.19830078125 0.31077546394230765 0.19204589903846153 0.3124228389423077 0.17994628846153848 0.3081404326923077 0.17369140624999999 0.2998996923076923 0.16451171875 0.2946257716346154 0.16201171874999998 0.2844058653846154 0.15783691346153847 0.27418981490384614 0.16743163942307693 0.27122299278846157 0.17285644471153847 0.2695756177884615 0.17869628846153846 0.26660879567307694 0.1899609375 0.2679282403846154 0.20789550721153846 0.2705632716346154 0.21832519471153844 0.2807831778846154 0.22708496153846153 0.2814429014423077 0.22583496153846155 0.2860570985576923 0.21958007692307693
0 0.7569097211538461 0.43853027403846156 0.7417245360576923 0.42296875 0.7341280865384616 0.41029296875 0.7208371923076923 0.4042871081730769 0.7099228389423077 0.3934765625 0.7013773149038461 0.39173339903846155 0.6904629639423077 0.39287597596153845 0.6833410504807692 0.4037451177884615 0.679544752403846 0.41516113221153844 0.6776466057692307 0.42230956971153844 0.6890393509615385 0.42356933653846157 0.6942592596153846 0.4319824230769231 0.7118209879807692 0.44879882692307693 0.7317554014423078 0.44994140625 0.7654552475961538 0.4505419927884615 0.7621334879807692 0.44879882692307693 0.7569097211538461 0.43853027403846156
0 0.4997029326923077 0.4781738269230769 0.5065393509615385 0.4695263677884615 0.5065393509615385 0.46447753846153844 0.49799768509615383 0.45654785096153844 0.4854668221153846 0.4457373052884615 0.4700887355769231 0.42843749999999997 0.4444560192307693 0.41401855528846154 0.42793981490384614 0.4075292956730769 0.40686728365384617 0.41257812499999996 0.41085262259615385 0.4183447259615385 0.41142361057692306 0.4241113293269231 0.4125617283653846 0.42483398317307697 0.4176890432692308 0.42987793028846155 0.42395061778846155 0.43708496153846155 0.4290779326923077 0.4479003894230769 0.43876157451923076 0.4623144519230769 0.4416087956730769 0.4825 0.4495833341346154 0.5026855480769231 0.4586959879807692 0.5091748052884616 0.4843248461538462 0.4861035168269231 0.49059027884615386 0.4825 0.4997029326923077 0.4781738269230769
0 0.5208680552884615 0.3449755865384615 0.5264737644230769 0.3471044927884615 0.5304282403846154 0.34835449278846153 0.5314158942307692 0.34418456971153844 0.5294405865384616 0.33417480528846155 0.5208680552884615 0.3291650384615385 0.5103202163461538 0.32624511778846155 0.498125 0.32416015625 0.49153549278846154 0.3233251947115384 0.47768904326923073 0.32124023317307693 0.46813271634615383 0.32124023317307693 0.4615393509615385 0.3237451177884615 0.4575848774038462 0.32708007932692307 0.45923225240384613 0.3362597644230769 0.4674729927884615 0.3362597644230769 0.49417052403846157 0.3429345697115384 0.5139467596153846 0.3429345697115384 0.5208680552884615 0.3449755865384615
0 0.2906712956730769 0.3034277331730769 0.28967978365384617 0.288828125 0.2801234567307692 0.2771484375 0.2764969134615385 0.2721386730769231 0.27122299278846157 0.2721386730769231 0.2600154326923077 0.2704736322115385 0.2547415120192308 0.27380859375 0.2507870360576923 0.2783984375 0.24946759375 0.2859082019230769 0.2488078701923077 0.2929980456730769 0.2504591057692308 0.3046777331730769 0.25243441346153844 0.3092675793269231 0.2550733028846154 0.3151074230769231 0.26990355048076925 0.3222021490384615 0.28473765384615385 0.3238671875 0.29001157451923076 0.32428710817307693 0.29231867307692305 0.3226171875 0.2906712956730769 0.3034277331730769
0 0.8821682091346154 0.8395654302884614 0.9044753076923077 0.8299511706730769 0.9115972211538461 0.8221435552884616 0.9305825624999999 0.8203417956730769 0.9457677475961539 0.8137353509615385 0.9490933653846153 0.8077246105769231 0.9528896610576923 0.7746875 0.9514660504807692 0.76267578125 0.9438695985576923 0.7428515625000001 0.9386496923076924 0.7296337884615384 0.9277314807692308 0.72302734375 0.91396990625 0.7146142572115385 0.9021026225961539 0.7098095697115384 0.886913579326923 0.7038037115384616 0.8835918221153847 0.70080078125 0.8707754639423076 0.6953955072115385 0.8665046298076924 0.6977978509615385 0.8475192908653846 0.7038037115384616 0.833753858173077 0.721826170673077 0.8180902788461538 0.744052733173077 0.8057523149038462 0.7722851562499999 0.7986304014423078 0.7939111322115384 0.7962577163461538 0.8095312499999999 0.808125 0.8311572259615385 0.8304320985576923 0.8209423822115384 0.853213735576923 0.8233447259615385 0.8769483028846154 0.8389648437499999 0.8821682091346154 0.8395654302884614
0 0.9314737644230769 0.9270263677884615 0.9392939807692307 0.9306249999999999 0.9492438269230768 0.9288232427884615 0.96701003125 0.91712890625 0.9783834879807691 0.8964404302884615 0.9755401225961537 0.8739550793269231 0.9734066346153847 0.85326171875 0.9641666658653846 0.8370703125 0.9577700625 0.8271777331730769 0.9272106490384615 0.8145849615384615 0.9179706778846154 0.8217822259615384 0.9016242283653846 0.8397705072115385 0.9023341057692308 0.8721533197115385 0.9087307091346154 0.91623046875 0.912993826923077 0.91712890625 0.9314737644230769 0.9270263677884615
0 0.14651234615384617 0.1838671875 0.14385802403846154 0.18268066346153844 0.13917052403846156 0.18367187499999998 0.13386188221153847 0.18663574278846154 0.1274575625 0.19276367067307693 0.12433256250000001 0.19553222596153846 0.1287075625 0.20422851682692308 0.13198688221153845 0.20956543028846156 0.13917052403846156 0.21371581971153847 0.14260802403846154 0.21490234375 0.15322916586538463 0.2133203125 0.15650848798076922 0.2091699206730769 0.1560416658653846 0.1992871081730769 0.15182098798076923 0.18880859375 0.1488541658653846 0.1864355456730769 0.14651234615384617 0.1838671875
0 0.17223765384615383 0.52755859375 0.18535879567307692 0.5277929687499999 0.20109953605769232 0.5263720697115384 0.2063503076923077 0.5228125 0.21347222115384618 0.5197265625 0.21553240624999997 0.51640625 0.21553240624999997 0.5111865240384615 0.2123456778846154 0.5057324230769231 0.2085995360576923 0.496953125 0.20428626442307693 0.4910253894230769 0.20147762259615384 0.48556640624999997 0.1951041658653846 0.48224609375 0.18929398076923076 0.48224609375 0.18273148076923076 0.48105956971153846 0.17598379567307693 0.4803515625 0.16811342548076924 0.48082519471153845 0.16173996875000002 0.4824853509615385 0.15555555528846154 0.48533203124999996 0.15199459855769232 0.48817871153846154 0.1510570985576923 0.49363281249999996 0.1576003076923077 0.5012207019230769 0.15967978365384614 0.5152197259615384 0.16136574038461537 0.5225732427884615 0.17223765384615383 0.52755859375
0 0.9106944447115384 0.22232910096153846 0.9068981490384616 0.21266113221153848 0.9045216057692307 0.21031738221153845 0.8983526225961539 0.20845703125 0.8874382716346154 0.20731445192307693 0.88173996875 0.20665039182692307 0.866076389423077 0.20845703125 0.86228009375 0.21031738221153845 0.841871141826923 0.22473632932692308 0.8413966057692307 0.22827636778846155 0.8499382716346153 0.23854980528846154 0.8798418221153846 0.24455566346153848 0.8978780865384616 0.23969238221153846 0.9007253076923077 0.23614746153846153 0.9097453701923077 0.22773925721153845 0.9106944447115384 0.22232910096153846
0 0.3397260793269231 0.08306152403846154 0.33804398076923076 0.08109374999999999 0.33542052403846156 0.07978027403846154 0.33399305528846157 0.08027343749999999 0.3316628076923077 0.08092773317307692 0.3304976850961538 0.08306152403846154 0.32984953605769235 0.08617675721153846 0.3289081778846154 0.09113281250000001 0.3289081778846154 0.09593261778846154 0.3289081778846154 0.10002929807692308 0.33101466105769234 0.10515136778846154 0.3342554014423077 0.10777831971153845 0.3364891971153846 0.10810546874999999 0.3399884254807692 0.11023437500000001 0.3429668221153846 0.10941894471153847 0.34721064903846155 0.10040038942307693 0.3456018509615385 0.09106445192307693 0.3412808653846154 0.08535644471153846 0.3412808653846154 0.08502929567307692 0.3397260793269231 0.08306152403846154
0 0.8839351850961539 0.46908203125000003 0.8783294759615384 0.47075195432692307 0.874375 0.4732568365384615 0.8723996923076923 0.4757568365384615 0.8677854927884615 0.49369628846153846 0.8651466057692307 0.5007861322115384 0.868441358173077 0.5087109375 0.8710802475961539 0.5099658197115384 0.8796489206730769 0.5116357427884616 0.8918441346153846 0.5091308605769231 0.9010725312500001 0.5032910168269231 0.9083256177884615 0.49035644471153844 0.9076658942307693 0.4820166009615384 0.894151235576923 0.4686669927884616 0.8869020072115384 0.46783203125 0.8839351850961539 0.46908203125000003
0 0.6233796298076922 0.45765136778846155 0.6263464495192307 0.4580712884615385 0.6289814807692308 0.45765136778846155 0.6309606490384615 0.45348144471153845 0.6256867283653846 0.44388671875 0.6171141971153846 0.43220703125 0.60821759375 0.42511230528846156 0.6006365745192308 0.4217333990384615 0.5854745360576923 0.4201074230769231 0.5676736105769231 0.4201074230769231 0.5752546298076923 0.4255322259615385 0.5871219134615384 0.44426269471153845 0.5963503076923077 0.4526464855769231 0.6029436730769231 0.4526464855769231 0.6233796298076922 0.45765136778846155
0 0.14023148076923075 0.4273730456730769 0.12994598798076923 0.42587402403846153 0.12045138942307693 0.42637206971153846 0.1121450625 0.4288769543269231 0.10660879567307693 0.4343847644230769 0.10779706730769231 0.45690918028846156 0.11175154326923077 0.464921875 0.12322144951923077 0.46391601682692307 0.1386458341346154 0.4619140625 0.1426041658653846 0.45090331971153846 0.14497685096153845 0.43988769471153844 0.14299768509615385 0.4318798822115385 0.14023148076923075 0.4273730456730769
0 0.4757445985576923 0.09305175721153845 0.4760763894230769 0.08637695432692308 0.47409722115384617 0.08429199278846154 0.47080246875 0.08429199278846154 0.46157407451923077 0.08512695432692308 0.45630015384615386 0.088046875 0.43981867307692313 0.09680664182692308 0.44047839423076923 0.09764160096153847 0.4497067908653846 0.10640136778846153 0.45893518509615383 0.10682128846153846 0.46948302403846154 0.10223144471153846 0.4757445985576923 0.09764160096153847 0.4757445985576923 0.09305175721153845
0 0.3432445985576923 0.29829589903846154 0.3379706778846154 0.2945410168269231 0.32610339423076923 0.28578125 0.3221489206730769 0.28620117067307693 0.3139081778846154 0.2907861322115385 0.3102816346153846 0.29996581971153846 0.31060956730769235 0.30789062500000003 0.31060956730769235 0.3108105480769231 0.32379629567307694 0.3183203125 0.3363194447115384 0.3170703125 0.34258487740384613 0.3162353509615385 0.3448919759615385 0.31289550721153847 0.3432445985576923 0.29829589903846154
0 0.3672029326923077 0.20477050721153847 0.35978394951923076 0.20477050721153847 0.3571797836538462 0.20592773317307692 0.3526234567307692 0.20921874999999998 0.34689814903846156 0.21284668028846154 0.34130015384615386 0.21696289182692308 0.3357021610576923 0.2230566394230769 0.33231867307692303 0.22701171875 0.3342708341346154 0.2355761706730769 0.3342708341346154 0.24167480528846155 0.3426003076923077 0.24051757692307693 0.3537962956730769 0.23903808653846154 0.36199459855769234 0.23228515624999999 0.37240740625 0.22173828125 0.3791782403846154 0.2146582043269231 0.37878472115384615 0.20790038942307693 0.37071759374999996 0.20427734375 0.36889274759615387 0.20444335817307693 0.3672029326923077 0.20477050721153847