0 0.28125 0.3245192307692308 0.1622596153846154 0.13942307692307693
0 0.24278846153846154 0.5132211538461539 0.1502403846153846 0.15745192307692307
0 0.6622596153846154 0.4206730769230769 0.15985576923076922 0.15264423076923078
0 0.6201923076923077 0.49759615384615385 0.13942307692307693 0.11538461538461539
0 0.6466346153846154 0.6141826923076923 0.12740384615384615 0.14302884615384615
0 0.6730769230769231 0.7451923076923077 0.18509615384615385 0.14543269230769232
0 0.39302884615384615 0.8737980769230769 0.20552884615384615 0.13701923076923078
0 0.41346153846153844 0.9579326923076923 0.16706730769230768 0.08052884615384616
0 0.17908653846153846 0.8112980769230769 0.12259615384615384 0.12740384615384615
0 0.06971153846153846 0.8293269230769231 0.13942307692307693 0.20793269230769232
0 0.8137019230769231 0.5252403846153846 0.1971153846153846 0.15985576923076922
0 0.8617788461538461 0.6670673076923077 0.1778846153846154 0.15504807692307693
0 0.9230769230769231 0.8365384615384616 0.1502403846153846 0.20793269230769232
0 0.8497596153846154 0.24278846153846154 0.16466346153846154 0.12980769230769232
0 0.08052884615384616 0.47716346153846156 0.15985576923076922 0.1201923076923077
0 0.6454326923076923 0.2512019230769231 0.15504807692307693 0.11298076923076923
0 0.07692307692307693 0.2247596153846154 0.15384615384615385 0.11778846153846154
0 0.46634615384615385 0.09495192307692307 0.16706730769230768 0.11057692307692307
0 0.4014423076923077 0.2091346153846154 0.1778846153846154 0.14302884615384615
0 0.5012019230769231 0.5889423076923077 0.18269230769230768 0.14783653846153846
0 0.27884615384615385 0.6971153846153846 0.15264423076923078 0.14543269230769232
0 0.08533653846153846 0.08413461538461539 0.16947115384615385 0.15264423076923078
0 0.3918269230769231 0.4254807692307692 0.16706730769230768 0.16947115384615385
0 0.08052884615384616 0.35697115384615385 0.15985576923076922 0.1346153846153846