0 0.35216346153846156 0.06129807692307692 0.18509615384615385 0.12259615384615384
0 0.34975961538461536 0.18629807692307693 0.16466346153846154 0.15264423076923078
0 0.6706730769230769 0.09735576923076923 0.13221153846153846 0.1346153846153846
0 0.6995192307692307 0.19951923076923078 0.14543269230769232 0.1201923076923077
0 0.5516826923076923 0.2620192307692308 0.20793269230769232 0.17548076923076922
0 0.49158653846153844 0.8425480769230769 0.14302884615384615 0.14543269230769232
0 0.31850961538461536 0.7439903846153846 0.15745192307692307 0.18269230769230768
0 0.1935096153846154 0.6875 0.15745192307692307 0.17548076923076922
0 0.14543269230769232 0.8221153846153846 0.14543269230769232 0.18990384615384615
0 0.2860576923076923 0.9122596153846154 0.17307692307692307 0.1502403846153846
0 0.6971153846153846 0.6514423076923077 0.27524038461538464 0.23798076923076922
0 0.8665865384615384 0.7872596153846154 0.2620192307692308 0.25
0 0.1141826923076923 0.3401442307692308 0.14783653846153846 0.1201923076923077
0 0.06971153846153846 0.46634615384615385 0.13942307692307693 0.18269230769230768
0 0.3161057692307692 0.41947115384615385 0.13221153846153846 0.11538461538461539
0 0.8473557692307693 0.22956730769230768 0.12980769230769232 0.1346153846153846
0 0.6454326923076923 0.4230769230769231 0.1502403846153846 0.14543269230769232
0 0.20432692307692307 0.21634615384615385 0.09735576923076923 0.09254807692307693
0 0.26322115384615385 0.4879807692307692 0.12259615384615384 0.1045673076923077