0 0.7295673076923077 0.2920673076923077 0.13942307692307693 0.14543269230769232
0 0.8533653846153846 0.5504807692307693 0.23798076923076922 0.23557692307692307
0 0.14543269230769232 0.17548076923076922 0.11057692307692307 0.11057692307692307
0 0.22355769230769232 0.6081730769230769 0.12740384615384615 0.10697115384615384
0 0.3425480769230769 0.6201923076923077 0.11538461538461539 0.1045673076923077
0 0.6778846153846154 0.09254807692307693 0.09014423076923077 0.09014423076923077
0 0.5300480769230769 0.06009615384615385 0.18990384615384615 0.1201923076923077
0 0.6141826923076923 0.28365384615384615 0.13701923076923078 0.13701923076923078
0 0.8028846153846154 0.20072115384615385 0.06971153846153846 0.08774038461538461
0 0.8521634615384616 0.7427884615384616 0.18509615384615385 0.12980769230769232
0 0.47115384615384615 0.9362980769230769 0.16706730769230768 0.12259615384615384
0 0.051682692307692304 0.5396634615384616 0.0829326923076923 0.08533653846153846
0 0.03485576923076923 0.40625 0.06971153846153846 0.08774038461538461
0 0.04567307692307692 0.25841346153846156 0.09134615384615384 0.09375
0 0.32091346153846156 0.1466346153846154 0.09735576923076923 0.08774038461538461
0 0.30288461538461536 0.40384615384615385 0.08533653846153846 0.09254807692307693
0 0.9495192307692307 0.24639423076923078 0.07451923076923077 0.0673076923076923
0 0.6574519230769231 0.6262019230769231 0.1045673076923077 0.10216346153846154