0 0.5552884615384616 0.1658653846153846 0.1201923076923077 0.12259615384615384
0 0.16346153846153846 0.21153846153846154 0.23197115384615385 0.23197115384615385
0 0.39783653846153844 0.25 0.19471153846153846 0.15504807692307693
0 0.8028846153846154 0.3954326923076923 0.2848557692307692 0.2848557692307692
0 0.9495192307692307 0.5216346153846154 0.09495192307692307 0.12259615384615384
0 0.7103365384615384 0.8930288461538461 0.16466346153846154 0.1502403846153846
0 0.25240384615384615 0.8641826923076923 0.12980769230769232 0.10697115384615384
0 0.39663461538461536 0.7127403846153846 0.09735576923076923 0.09014423076923077
0 0.53125 0.3329326923076923 0.12259615384615384 0.09014423076923077
0 0.5036057692307693 0.49038461538461536 0.3425480769230769 0.34975961538461536
0 0.3161057692307692 0.3641826923076923 0.09735576923076923 0.09735576923076923
0 0.32091346153846156 0.5913461538461539 0.07692307692307693 0.07692307692307693
0 0.3161057692307692 0.6983173076923077 0.08774038461538461 0.09254807692307693
0 0.8677884615384616 0.75 0.17548076923076922 0.19951923076923078
0 0.11658653846153846 0.9194711538461539 0.13221153846153846 0.125