0 0.7512019230769231 0.36658653846153844 0.2824519230769231 0.2776442307692308
0 0.6646634615384616 0.6153846153846154 0.15504807692307693 0.18028846153846154
0 0.9002403846153846 0.6502403846153846 0.19471153846153846 0.21995192307692307
0 0.7007211538461539 0.8605769230769231 0.28725961538461536 0.24519230769230768
0 0.18269230769230768 0.7920673076923077 0.20552884615384615 0.19471153846153846
0 0.5685096153846154 0.18509615384615385 0.1778846153846154 0.19951923076923078
0 0.3545673076923077 0.5805288461538461 0.21033653846153846 0.19471153846153846
0 0.9110576923076923 0.9266826923076923 0.17307692307692307 0.14302884615384615
0 0.41466346153846156 0.21995192307692307 0.15504807692307693 0.14543269230769232
0 0.8581730769230769 0.20552884615384615 0.17307692307692307 0.14543269230769232
0 0.8185096153846154 0.11538461538461539 0.14302884615384615 0.13942307692307693
0 0.3786057692307692 0.8846153846153846 0.23197115384615385 0.2247596153846154
0 0.15384615384615385 0.6201923076923077 0.1622596153846154 0.15985576923076922