0 0.43990384615384615 0.21754807692307693 0.08533653846153846 0.08052884615384616
0 0.3329326923076923 0.2283653846153846 0.09014423076923077 0.09254807692307693
0 0.13942307692307693 0.3269230769230769 0.08533653846153846 0.09975961538461539
0 0.21394230769230768 0.3425480769230769 0.08774038461538461 0.11057692307692307
0 0.5817307692307693 0.2800480769230769 0.10697115384615384 0.1045673076923077
0 0.9266826923076923 0.2824519230769231 0.0829326923076923 0.1045673076923077
0 0.6790865384615384 0.4891826923076923 0.09735576923076923 0.11778846153846154
0 0.18028846153846154 0.6478365384615384 0.09975961538461539 0.11538461538461539
0 0.6550480769230769 0.8245192307692307 0.1045673076923077 0.1045673076923077
0 0.8137019230769231 0.5865384615384616 0.0829326923076923 0.0829326923076923
0 0.9471153846153846 0.6105769230769231 0.09975961538461539 0.11057692307692307
0 0.9399038461538461 0.7548076923076923 0.09014423076923077 0.08052884615384616
0 0.9158653846153846 0.8317307692307693 0.0829326923076923 0.0829326923076923
0 0.04447115384615385 0.07932692307692307 0.0889423076923077 0.11057692307692307
0 0.21634615384615385 0.13581730769230768 0.08774038461538461 0.09735576923076923
0 0.24759615384615385 0.24879807692307693 0.09975961538461539 0.10216346153846154
0 0.34615384615384615 0.14182692307692307 0.11778846153846154 0.10216346153846154
0 0.10096153846153846 0.4411057692307692 0.07692307692307693 0.09254807692307693