0 0.8173076923076923 0.4050480769230769 0.11538461538461539 0.11538461538461539
0 0.6117788461538461 0.5204326923076923 0.07692307692307693 0.08533653846153846
0 0.21875 0.5709134615384616 0.09735576923076923 0.08774038461538461
0 0.1971153846153846 0.7584134615384616 0.1045673076923077 0.0829326923076923
0 0.41346153846153844 0.6610576923076923 0.08774038461538461 0.09735576923076923
0 0.2668269230769231 0.3137019230769231 0.10216346153846154 0.09254807692307693
0 0.375 0.27163461538461536 0.1045673076923077 0.10216346153846154
0 0.5372596153846154 0.20673076923076922 0.1045673076923077 0.09735576923076923
0 0.6730769230769231 0.07932692307692307 0.08052884615384616 0.07692307692307693
0 0.7235576923076923 0.12259615384615384 0.09254807692307693 0.08533653846153846
0 0.7487980769230769 0.23798076923076922 0.11298076923076923 0.1045673076923077
0 0.9326923076923077 0.07091346153846154 0.11538461538461539 0.12259615384615384
0 0.9110576923076923 0.19110576923076922 0.08774038461538461 0.09254807692307693
0 0.9579326923076923 0.31009615384615385 0.08052884615384616 0.09975961538461539
0 0.6971153846153846 0.7824519230769231 0.09975961538461539 0.09014423076923077
0 0.5168269230769231 0.7704326923076923 0.13221153846153846 0.1045673076923077
0 0.6177884615384616 0.9290865384615384 0.09014423076923077 0.08774038461538461