0 0.5757211538461539 0.17427884615384615 0.07211538461538461 0.08774038461538461
0 0.5456730769230769 0.25841346153846156 0.07692307692307693 0.08774038461538461
0 0.11057692307692307 0.47836538461538464 0.09014423076923077 0.07211538461538461
0 0.07451923076923077 0.5997596153846154 0.06971153846153846 0.09495192307692307
0 0.2668269230769231 0.5420673076923077 0.11298076923076923 0.08533653846153846
0 0.06850961538461539 0.4074519230769231 0.09254807692307693 0.09495192307692307
0 0.11298076923076923 0.13701923076923078 0.1045673076923077 0.09975961538461539
0 0.3798076923076923 0.10096153846153846 0.08533653846153846 0.09254807692307693
0 0.7355769230769231 0.5072115384615384 0.06971153846153846 0.06971153846153846
0 0.4831730769230769 0.71875 0.10216346153846154 0.0829326923076923
0 0.6177884615384616 0.7620192307692307 0.08052884615384616 0.08052884615384616
0 0.30649038461538464 0.26802884615384615 0.09254807692307693 0.09975961538461539