0 0.4230769230769231 0.4362980769230769 0.08533653846153846 0.10216346153846154
0 0.46875 0.47596153846153844 0.09254807692307693 0.07211538461538461
0 0.4110576923076923 0.5769230769230769 0.07692307692307693 0.06971153846153846
0 0.30649038461538464 0.7175480769230769 0.08774038461538461 0.08533653846153846
0 0.12379807692307693 0.7560096153846154 0.10216346153846154 0.10216346153846154
0 0.27283653846153844 0.8269230769230769 0.08052884615384616 0.08533653846153846
0 0.6225961538461539 0.2860576923076923 0.09495192307692307 0.13701923076923078
0 0.48677884615384615 0.34615384615384615 0.10216346153846154 0.09735576923076923
0 0.09375 0.34134615384615385 0.11298076923076923 0.11778846153846154
0 0.04927884615384615 0.20673076923076922 0.09254807692307693 0.11298076923076923
0 0.5721153846153846 0.14783653846153846 0.11057692307692307 0.09975961538461539
0 0.8449519230769231 0.20793269230769232 0.09014423076923077 0.11538461538461539
0 0.8653846153846154 0.10336538461538461 0.1045673076923077 0.10697115384615384
0 0.3389423076923077 0.11658653846153846 0.12259615384615384 0.11298076923076923
0 0.16706730769230768 0.1310096153846154 0.09975961538461539 0.09254807692307693