0 0.5853365384615384 0.8125 0.125 0.12980769230769232
0 0.38341346153846156 0.8389423076923077 0.1778846153846154 0.15745192307692307
0 0.08533653846153846 0.7752403846153846 0.12980769230769232 0.1045673076923077
0 0.7403846153846154 0.8173076923076923 0.13942307692307693 0.1502403846153846
0 0.44591346153846156 0.44711538461538464 0.13221153846153846 0.125
0 0.2920673076923077 0.5444711538461539 0.13942307692307693 0.1346153846153846
0 0.23798076923076922 0.20072115384615385 0.15504807692307693 0.15745192307692307
0 0.0889423076923077 0.23557692307692307 0.15745192307692307 0.13942307692307693
0 0.8353365384615384 0.6730769230769231 0.14543269230769232 0.13942307692307693
0 0.4807692307692308 0.7199519230769231 0.14783653846153846 0.16466346153846154
0 0.1045673076923077 0.9362980769230769 0.1201923076923077 0.10216346153846154