0 0.17307692307692307 0.34975961538461536 0.1346153846153846 0.1346153846153846
0 0.20192307692307693 0.5012019230769231 0.1502403846153846 0.13221153846153846
0 0.33052884615384615 0.49158653846153844 0.1502403846153846 0.11778846153846154
0 0.30408653846153844 0.6875 0.14302884615384615 0.12980769230769232
0 0.12379807692307693 0.8401442307692307 0.12740384615384615 0.1201923076923077
0 0.4651442307692308 0.4326923076923077 0.12980769230769232 0.125
0 0.8245192307692307 0.31850961538461536 0.09975961538461539 0.11298076923076923
0 0.8100961538461539 0.49278846153846156 0.125 0.11538461538461539
0 0.6935096153846154 0.6237980769230769 0.12740384615384615 0.15264423076923078
0 0.6045673076923077 0.9266826923076923 0.11057692307692307 0.10697115384615384
0 0.5673076923076923 0.06610576923076923 0.14543269230769232 0.13221153846153846
0 0.3918269230769231 0.12620192307692307 0.11778846153846154 0.11298076923076923
0 0.25841346153846156 0.1935096153846154 0.11778846153846154 0.12259615384615384
0 0.8966346153846154 0.0889423076923077 0.12740384615384615 0.14783653846153846
0 0.7055288461538461 0.1201923076923077 0.09014423076923077 0.09975961538461539
0 0.9423076923076923 0.3137019230769231 0.11057692307692307 0.10216346153846154
0 0.9206730769230769 0.48197115384615385 0.10697115384615384 0.12980769230769232
0 0.6490384615384616 0.49759615384615385 0.10697115384615384 0.11057692307692307
0 0.5372596153846154 0.30408653846153844 0.13942307692307693 0.13701923076923078