0 0.4951923076923077 0.3293269230769231 0.125 0.11298076923076923
0 0.4338942307692308 0.39783653846153844 0.12259615384615384 0.11538461538461539
0 0.3701923076923077 0.5913461538461539 0.12980769230769232 0.11298076923076923
0 0.3016826923076923 0.75 0.10216346153846154 0.09014423076923077
0 0.3641826923076923 0.6983173076923077 0.12740384615384615 0.11298076923076923
0 0.6334134615384616 0.5180288461538461 0.10697115384615384 0.125
0 0.5805288461538461 0.8257211538461539 0.125 0.12740384615384615
0 0.15985576923076922 0.4579326923076923 0.13942307692307693 0.12980769230769232
0 0.15384615384615385 0.6466346153846154 0.11298076923076923 0.12740384615384615
0 0.2776442307692308 0.19471153846153846 0.1201923076923077 0.1201923076923077
0 0.23677884615384615 0.31971153846153844 0.10697115384615384 0.09975961538461539
0 0.46033653846153844 0.2247596153846154 0.1346153846153846 0.125
0 0.15985576923076922 0.13942307692307693 0.14543269230769232 0.125
0 0.04447115384615385 0.31009615384615385 0.0889423076923077 0.10096153846153846
0 0.5973557692307693 0.2512019230769231 0.12980769230769232 0.11778846153846154
0 0.8689903846153846 0.30288461538461536 0.12259615384615384 0.1201923076923077
0 0.8641826923076923 0.4639423076923077 0.11778846153846154 0.12259615384615384
0 0.9074519230769231 0.6682692307692307 0.1346153846153846 0.12259615384615384
0 0.6826923076923077 0.7043269230769231 0.17548076923076922 0.12259615384615384
0 0.7163461538461539 0.8305288461538461 0.13221153846153846 0.1201923076923077
0 0.6274038461538461 0.9278846153846154 0.1201923076923077 0.09495192307692307
0 0.7524038461538461 0.11538461538461539 0.1045673076923077 0.09975961538461539