0 0.34615384615384615 0.6814903846153846 0.1875 0.12740384615384615
0 0.33533653846153844 0.8233173076923077 0.2247596153846154 0.1778846153846154
0 0.1310096153846154 0.7451923076923077 0.18269230769230768 0.18990384615384615
0 0.7536057692307693 0.8425480769230769 0.2127403846153846 0.25961538461538464
0 0.6394230769230769 0.5649038461538461 0.21514423076923078 0.21995192307692307
0 0.4110576923076923 0.40024038461538464 0.23197115384615385 0.24519230769230768
0 0.8076923076923077 0.2860576923076923 0.18990384615384615 0.19230769230769232
0 0.9050480769230769 0.6742788461538461 0.18509615384615385 0.22235576923076922
0 0.46153846153846156 0.9399038461538461 0.1622596153846154 0.11538461538461539
0 0.2127403846153846 0.9483173076923077 0.17548076923076922 0.09735576923076923
0 0.25961538461538464 0.13341346153846154 0.27524038461538464 0.24278846153846154
0 0.5805288461538461 0.3425480769230769 0.21033653846153846 0.19951923076923078
0 0.9387019230769231 0.47716346153846156 0.11778846153846154 0.13942307692307693
0 0.4411057692307692 0.6009615384615384 0.14783653846153846 0.12740384615384615
0 0.13942307692307693 0.8942307692307693 0.14543269230769232 0.11778846153846154
0 0.9447115384615384 0.9507211538461539 0.1045673076923077 0.09254807692307693