0 0.41346153846153844 0.20552884615384615 0.10697115384615384 0.09975961538461539
0 0.5216346153846154 0.21153846153846154 0.10216346153846154 0.10216346153846154
0 0.5204326923076923 0.34375 0.08052884615384616 0.08774038461538461
0 0.4375 0.3269230769230769 0.09975961538461539 0.09975961538461539
0 0.2091346153846154 0.3473557692307692 0.09735576923076923 0.11538461538461539
0 0.5516826923076923 0.8713942307692307 0.07211538461538461 0.10216346153846154
0 0.7223557692307693 0.8100961538461539 0.09014423076923077 0.09495192307692307
0 0.90625 0.8365384615384616 0.0829326923076923 0.0829326923076923
0 0.9543269230769231 0.6165865384615384 0.08774038461538461 0.09735576923076923
0 0.25240384615384615 0.6694711538461539 0.1045673076923077 0.11057692307692307
0 0.04807692307692308 0.7956730769230769 0.08533653846153846 0.09735576923076923
0 0.12740384615384615 0.8629807692307693 0.09975961538461539 0.09014423076923077
0 0.13942307692307693 0.18269230769230768 0.09014423076923077 0.09014423076923077
0 0.07211538461538461 0.13942307692307693 0.11538461538461539 0.11538461538461539
0 0.25240384615384615 0.18870192307692307 0.09495192307692307 0.10216346153846154
0 0.3016826923076923 0.36778846153846156 0.10697115384615384 0.09014423076923077
0 0.7199519230769231 0.09735576923076923 0.08052884615384616 0.1045673076923077
0 0.8317307692307693 0.1045673076923077 0.0829326923076923 0.11538461538461539
0 0.6598557692307693 0.2620192307692308 0.09014423076923077 0.09975961538461539