0 0.5564903846153846 0.5877403846153846 0.0829326923076923 0.09014423076923077
0 0.6286057692307693 0.6105769230769231 0.07211538461538461 0.07451923076923077
0 0.7331730769230769 0.6213942307692307 0.09735576923076923 0.08774038461538461
0 0.4375 0.7956730769230769 0.09014423076923077 0.07692307692307693
0 0.59375 0.9110576923076923 0.08774038461538461 0.07692307692307693
0 0.8389423076923077 0.9447115384615384 0.09254807692307693 0.09014423076923077
0 0.7680288461538461 0.7127403846153846 0.07451923076923077 0.07451923076923077
0 0.19951923076923078 0.6658653846153846 0.09014423076923077 0.07692307692307693
0 0.09495192307692307 0.2932692307692308 0.06971153846153846 0.0829326923076923
0 0.06129807692307692 0.40384615384615385 0.10697115384615384 0.08774038461538461
0 0.7824519230769231 0.31009615384615385 0.07451923076923077 0.07451923076923077