0 0.2956730769230769 0.3641826923076923 0.2127403846153846 0.24278846153846154
0 0.1346153846153846 0.6826923076923077 0.18509615384615385 0.19951923076923078
0 0.39903846153846156 0.6995192307692307 0.1622596153846154 0.2247596153846154
0 0.6730769230769231 0.6310096153846154 0.17548076923076922 0.24759615384615385
0 0.9038461538461539 0.7980769230769231 0.1875 0.21033653846153846
0 0.5120192307692307 0.90625 0.18509615384615385 0.18269230769230768
0 0.36658653846153844 0.8581730769230769 0.12259615384615384 0.13221153846153846
0 0.23197115384615385 0.9266826923076923 0.14543269230769232 0.14302884615384615
0 0.0889423076923077 0.9266826923076923 0.15264423076923078 0.14302884615384615
0 0.8076923076923077 0.9387019230769231 0.2644230769230769 0.11778846153846154
0 0.46033653846153844 0.5180288461538461 0.15504807692307693 0.15504807692307693
0 0.5144230769230769 0.21394230769230768 0.18028846153846154 0.20192307692307693
0 0.6790865384615384 0.20673076923076922 0.21754807692307693 0.22235576923076922
0 0.8088942307692307 0.07692307692307693 0.1658653846153846 0.15384615384615385
0 0.9350961538461539 0.16105769230769232 0.125 0.16706730769230768
0 0.14302884615384615 0.1971153846153846 0.18028846153846154 0.18509615384615385
0 0.0829326923076923 0.0889423076923077 0.125 0.14302884615384615
0 0.12980769230769232 0.37259615384615385 0.15504807692307693 0.15504807692307693
0 0.1502403846153846 0.49399038461538464 0.14543269230769232 0.14783653846153846
0 0.055288461538461536 0.5769230769230769 0.11057692307692307 0.19471153846153846
0 0.28365384615384615 0.6538461538461539 0.15264423076923078 0.17307692307692307
0 0.3798076923076923 0.16346153846153846 0.16947115384615385 0.15264423076923078
0 0.9278846153846154 0.6057692307692307 0.13942307692307693 0.22235576923076922
0 0.6466346153846154 0.4639423076923077 0.15745192307692307 0.11298076923076923