0 0.5204326923076923 0.20793269230769232 0.17548076923076922 0.16947115384615385
0 0.8161057692307693 0.0829326923076923 0.1778846153846154 0.15985576923076922
0 0.29447115384615385 0.40024038461538464 0.21033653846153846 0.21033653846153846
0 0.9170673076923077 0.20192307692307693 0.15985576923076922 0.20552884615384615
0 0.2091346153846154 0.7944711538461539 0.15264423076923078 0.14543269230769232
0 0.8004807692307693 0.6790865384615384 0.12980769230769232 0.15745192307692307
0 0.6862980769230769 0.6983173076923077 0.14783653846153846 0.1622596153846154
0 0.5060096153846154 0.40625 0.18269230769230768 0.14302884615384615
0 0.28125 0.6466346153846154 0.15264423076923078 0.19230769230769232
0 0.052884615384615384 0.5817307692307693 0.1045673076923077 0.19230769230769232
0 0.09735576923076923 0.2439903846153846 0.16947115384615385 0.1622596153846154
0 0.21394230769230768 0.07211538461538461 0.17307692307692307 0.14423076923076922
0 0.5180288461538461 0.8834134615384616 0.19471153846153846 0.15745192307692307