0 0.44350961538461536 0.4651442307692308 0.08774038461538461 0.08052884615384616
0 0.18870192307692307 0.4675480769230769 0.08774038461538461 0.08052884615384616
0 0.38461538461538464 0.3112980769230769 0.08052884615384616 0.0829326923076923
0 0.5096153846153846 0.2283653846153846 0.09014423076923077 0.08774038461538461
0 0.71875 0.2668269230769231 0.10697115384615384 0.08774038461538461
0 0.2283653846153846 0.7704326923076923 0.09254807692307693 0.08052884615384616
0 0.07091346153846154 0.8689903846153846 0.09735576923076923 0.09735576923076923
0 0.25841346153846156 0.3942307692307692 0.08774038461538461 0.08774038461538461
0 0.16105769230769232 0.25841346153846156 0.08774038461538461 0.07211538461538461
0 0.33052884615384615 0.13581730769230768 0.11538461538461539 0.09735576923076923
0 0.5120192307692307 0.1201923076923077 0.09495192307692307 0.08533653846153846
0 0.7908653846153846 0.16105769230769232 0.09735576923076923 0.07692307692307693
0 0.9519230769230769 0.13942307692307693 0.09014423076923077 0.09014423076923077
0 0.8930288461538461 0.06971153846153846 0.07451923076923077 0.06971153846153846
0 0.18629807692307693 0.18870192307692307 0.07692307692307693 0.07692307692307693