0 0.3425480769230769 0.44350961538461536 0.16947115384615385 0.20192307692307693
0 0.8918269230769231 0.36658653846153844 0.18269230769230768 0.19230769230769232
0 0.9302884615384616 0.6418269230769231 0.125 0.13701923076923078
0 0.8653846153846154 0.8016826923076923 0.19471153846153846 0.15745192307692307
0 0.41225961538461536 0.7331730769230769 0.13942307692307693 0.11778846153846154
0 0.25 0.65625 0.2548076923076923 0.1875
0 0.19230769230769232 0.8088942307692307 0.15985576923076922 0.13701923076923078
0 0.2439903846153846 0.20432692307692307 0.15264423076923078 0.16706730769230768
0 0.5709134615384616 0.11057692307692307 0.14783653846153846 0.1201923076923077
0 0.5805288461538461 0.24639423076923078 0.14543269230769232 0.1622596153846154
0 0.9122596153846154 0.12259615384615384 0.15985576923076922 0.24519230769230768
0 0.9098557692307693 0.9302884615384616 0.15504807692307693 0.1201923076923077
0 0.7127403846153846 0.9194711538461539 0.21995192307692307 0.15504807692307693
0 0.5288461538461539 0.8701923076923077 0.13701923076923078 0.125
0 0.22956730769230768 0.9350961538461539 0.18028846153846154 0.125
0 0.5865384615384616 0.6899038461538461 0.24759615384615385 0.19951923076923078
0 0.75 0.6947115384615384 0.1045673076923077 0.09014423076923077
0 0.4014423076923077 0.8786057692307693 0.10216346153846154 0.13221153846153846
0 0.21634615384615385 0.46875 0.10216346153846154 0.14302884615384615
0 0.4891826923076923 0.3233173076923077 0.10216346153846154 0.09735576923076923