0 0.6622596153846154 0.23197115384615385 0.19471153846153846 0.2644230769230769
0 0.3954326923076923 0.22355769230769232 0.27524038461538464 0.17307692307692307
0 0.4579326923076923 0.6490384615384616 0.1502403846153846 0.15264423076923078
0 0.9350961538461539 0.3473557692307692 0.1201923076923077 0.1201923076923077
0 0.8786057692307693 0.7223557692307693 0.19230769230769232 0.18028846153846154
0 0.8870192307692307 0.9182692307692307 0.1346153846153846 0.14783653846153846
0 0.6514423076923077 0.8401442307692307 0.24278846153846154 0.2644230769230769
0 0.4567307692307692 0.46033653846153844 0.24278846153846154 0.21514423076923078
0 0.1502403846153846 0.30528846153846156 0.18990384615384615 0.19951923076923078
0 0.057692307692307696 0.6923076923076923 0.11538461538461539 0.19471153846153846
0 0.21033653846153846 0.6935096153846154 0.18028846153846154 0.17307692307692307
0 0.06850961538461539 0.8918269230769231 0.13701923076923078 0.15264423076923078