0 0.7512019230769231 0.3485576923076923 0.1622596153846154 0.1622596153846154
0 0.7932692307692307 0.13822115384615385 0.20192307692307693 0.17307692307692307
0 0.056490384615384616 0.4230769230769231 0.11298076923076923 0.14543269230769232
0 0.1814903846153846 0.6742788461538461 0.11778846153846154 0.13701923076923078
0 0.5432692307692307 0.6947115384615384 0.1875 0.16466346153846154
0 0.8894230769230769 0.8473557692307693 0.20552884615384615 0.19471153846153846
0 0.09735576923076923 0.90625 0.19471153846153846 0.1622596153846154
0 0.6201923076923077 0.4879807692307692 0.1502403846153846 0.18028846153846154
0 0.9170673076923077 0.2980769230769231 0.15985576923076922 0.1502403846153846
0 0.6935096153846154 0.054086538461538464 0.13221153846153846 0.10216346153846154
0 0.6201923076923077 0.17668269230769232 0.1346153846153846 0.12740384615384615