0 0.7512019230769231 0.2548076923076923 0.16706730769230768 0.18028846153846154
0 0.5384615384615384 0.4026442307692308 0.1622596153846154 0.13942307692307693
0 0.7283653846153846 0.7295673076923077 0.14783653846153846 0.1201923076923077
0 0.46634615384615385 0.7692307692307693 0.16706730769230768 0.14302884615384615
0 0.09134615384615384 0.78125 0.17307692307692307 0.17307692307692307
0 0.3016826923076923 0.5216346153846154 0.1875 0.1622596153846154
0 0.8882211538461539 0.875 0.15745192307692307 0.15985576923076922
0 0.6081730769230769 0.9038461538461539 0.23798076923076922 0.1778846153846154
0 0.28725961538461536 0.9266826923076923 0.23557692307692307 0.14302884615384615
0 0.2668269230769231 0.3112980769230769 0.17307692307692307 0.1622596153846154
0 0.2800480769230769 0.1814903846153846 0.1346153846153846 0.12740384615384615
0 0.12620192307692307 0.22716346153846154 0.13221153846153846 0.15504807692307693
0 0.9290865384615384 0.07932692307692307 0.13701923076923078 0.14302884615384615
0 0.8786057692307693 0.5745192307692307 0.13221153846153846 0.12980769230769232
0 0.1622596153846154 0.1045673076923077 0.125 0.1045673076923077