0 0.3004807692307692 0.34134615384615385 0.19471153846153846 0.1875
0 0.8473557692307693 0.625 0.13942307692307693 0.1045673076923077
0 0.7439903846153846 0.8161057692307693 0.3173076923076923 0.26802884615384615
0 0.21514423076923078 0.7355769230769231 0.15985576923076922 0.18990384615384615
0 0.3004807692307692 0.8798076923076923 0.15504807692307693 0.14543269230769232
0 0.23557692307692307 0.5228365384615384 0.23557692307692307 0.19951923076923078
0 0.24879807692307693 0.06129807692307692 0.2127403846153846 0.10216346153846154
0 0.5673076923076923 0.18269230769230768 0.21995192307692307 0.18990384615384615
0 0.8293269230769231 0.20793269230769232 0.14302884615384615 0.14543269230769232
0 0.42788461538461536 0.10216346153846154 0.15985576923076922 0.11538461538461539
0 0.5985576923076923 0.45552884615384615 0.16706730769230768 0.16947115384615385