0 0.36177884615384615 0.39663461538461536 0.30288461538461536 0.3629807692307692
0 0.6634615384615384 0.06971153846153846 0.2920673076923077 0.13942307692307693
0 0.09375 0.21153846153846154 0.1875 0.23798076923076922
0 0.9050480769230769 0.28725961538461536 0.18509615384615385 0.21514423076923078
0 0.8930288461538461 0.7199519230769231 0.21033653846153846 0.2848557692307692
0 0.8521634615384616 0.9254807692307693 0.2800480769230769 0.14543269230769232
0 0.7043269230769231 0.6850961538461539 0.1778846153846154 0.18509615384615385
0 0.09495192307692307 0.7632211538461539 0.18990384615384615 0.21754807692307693
0 0.10817307692307693 0.44591346153846156 0.21634615384615385 0.22355769230769232
0 0.4098557692307692 0.07692307692307693 0.18509615384615385 0.15384615384615385
0 0.6550480769230769 0.28365384615384615 0.24519230769230768 0.23197115384615385