0 0.6466346153846154 0.36899038461538464 0.3173076923076923 0.2980769230769231
0 0.9122596153846154 0.30649038461538464 0.16947115384615385 0.1622596153846154
0 0.9362980769230769 0.46875 0.12259615384615384 0.1778846153846154
0 0.3088942307692308 0.47475961538461536 0.22716346153846154 0.21514423076923078
0 0.12139423076923077 0.5685096153846154 0.19230769230769232 0.1622596153846154
0 0.4411057692307692 0.7632211538461539 0.27283653846153844 0.26802884615384615
0 0.7331730769230769 0.8846153846153846 0.22235576923076922 0.21995192307692307
0 0.15625 0.8233173076923077 0.27283653846153844 0.2127403846153846
0 0.19951923076923078 0.9495192307692307 0.2247596153846154 0.09495192307692307
0 0.09375 0.40384615384615385 0.1875 0.2127403846153846
0 0.7415865384615384 0.11298076923076923 0.20192307692307693 0.19951923076923078