0 0.39903846153846156 0.3425480769230769 0.2620192307692308 0.18990384615384615
0 0.3269230769230769 0.14423076923076922 0.3401442307692308 0.28725961538461536
0 0.09014423076923077 0.15625 0.18028846153846154 0.15745192307692307
0 0.17067307692307693 0.3581730769230769 0.20793269230769232 0.21754807692307693
0 0.6189903846153846 0.1466346153846154 0.23197115384615385 0.21754807692307693
0 0.8197115384615384 0.23317307692307693 0.18990384615384615 0.1875
0 0.8233173076923077 0.40625 0.24278846153846154 0.1875
0 0.4579326923076923 0.5204326923076923 0.21995192307692307 0.19471153846153846
0 0.1658653846153846 0.6574519230769231 0.1875 0.19951923076923078
0 0.6153846153846154 0.8016826923076923 0.17548076923076922 0.1778846153846154
0 0.7872596153846154 0.8245192307692307 0.1346153846153846 0.18990384615384615
0 0.9326923076923077 0.6694711538461539 0.12980769230769232 0.14543269230769232
0 0.8557692307692307 0.5516826923076923 0.1875 0.15745192307692307
0 0.3485576923076923 0.6526442307692307 0.1778846153846154 0.17548076923076922
0 0.6394230769230769 0.5348557692307693 0.20552884615384615 0.2247596153846154