0 0.6358173076923077 0.3425480769230769 0.3473557692307692 0.31971153846153844
0 0.4699519230769231 0.6911057692307693 0.34975961538461536 0.33774038461538464
0 0.7151442307692307 0.8665865384615384 0.22956730769230768 0.22716346153846154
0 0.18269230769230768 0.7872596153846154 0.21514423076923078 0.21514423076923078
0 0.18028846153846154 0.9326923076923077 0.20552884615384615 0.12980769230769232
0 0.10576923076923077 0.3798076923076923 0.21153846153846154 0.1875
0 0.23918269230769232 0.2439903846153846 0.12259615384615384 0.18269230769230768
0 0.38461538461538464 0.2800480769230769 0.20552884615384615 0.21033653846153846
0 0.8942307692307693 0.18870192307692307 0.1971153846153846 0.24278846153846154
0 0.4963942307692308 0.06610576923076923 0.24278846153846154 0.13221153846153846
0 0.9146634615384616 0.46634615384615385 0.16466346153846154 0.20192307692307693
0 0.33052884615384615 0.45913461538461536 0.2548076923076923 0.23798076923076922