0 0.3942307692307692 0.35096153846153844 0.1875 0.21754807692307693
0 0.7752403846153846 0.4795673076923077 0.22956730769230768 0.21995192307692307
0 0.9242788461538461 0.42908653846153844 0.14783653846153846 0.16706730769230768
0 0.8545673076923077 0.6838942307692307 0.18990384615384615 0.1971153846153846
0 0.15985576923076922 0.5949519230769231 0.2644230769230769 0.21033653846153846
0 0.34975961538461536 0.11538461538461539 0.2403846153846154 0.22956730769230768
0 0.5685096153846154 0.1971153846153846 0.14302884615384615 0.14543269230769232
0 0.6971153846153846 0.27283653846153844 0.16466346153846154 0.16466346153846154
0 0.7584134615384616 0.14302884615384615 0.18269230769230768 0.19471153846153846
0 0.9206730769230769 0.20552884615384615 0.15264423076923078 0.2800480769230769
0 0.5733173076923077 0.6850961538461539 0.20192307692307693 0.2848557692307692
0 0.3954326923076923 0.5925480769230769 0.19471153846153846 0.19471153846153846
0 0.4723557692307692 0.9387019230769231 0.12980769230769232 0.11298076923076923
0 0.7415865384615384 0.8653846153846154 0.21754807692307693 0.2247596153846154