0 0.4795673076923077 0.5480769230769231 0.2644230769230769 0.20552884615384615
0 0.7572115384615384 0.7067307692307693 0.22956730769230768 0.20192307692307693
0 0.9266826923076923 0.6334134615384616 0.14302884615384615 0.25721153846153844
0 0.7283653846153846 0.8990384615384616 0.3473557692307692 0.1971153846153846
0 0.5336538461538461 0.7896634615384616 0.15745192307692307 0.19471153846153846
0 0.30528846153846156 0.5012019230769231 0.20552884615384615 0.22235576923076922
0 0.10817307692307693 0.5540865384615384 0.21634615384615385 0.24759615384615385
0 0.06129807692307692 0.12139423076923077 0.12259615384615384 0.24278846153846154
0 0.26322115384615385 0.13942307692307693 0.25240384615384615 0.19951923076923078
0 0.4963942307692308 0.3737980769230769 0.25240384615384615 0.1778846153846154
0 0.7716346153846154 0.11778846153846154 0.2127403846153846 0.17548076923076922
0 0.042067307692307696 0.875 0.08413461538461539 0.22596153846153846
0 0.1201923076923077 0.34375 0.2247596153846154 0.1875