0 0.20793269230769232 0.4699519230769231 0.11057692307692307 0.12980769230769232
0 0.15144230769230768 0.5625 0.13701923076923078 0.1346153846153846
0 0.2548076923076923 0.6610576923076923 0.13942307692307693 0.14302884615384615
0 0.4230769230769231 0.3581730769230769 0.19951923076923078 0.22235576923076922
0 0.6201923076923077 0.3713942307692308 0.19471153846153846 0.1778846153846154
0 0.5276442307692307 0.5144230769230769 0.16466346153846154 0.13942307692307693
0 0.6177884615384616 0.6129807692307693 0.1346153846153846 0.19471153846153846
0 0.7740384615384616 0.4735576923076923 0.10697115384615384 0.13701923076923078
0 0.9098557692307693 0.5 0.15504807692307693 0.12980769230769232
0 0.8737980769230769 0.7391826923076923 0.12740384615384615 0.16706730769230768
0 0.5288461538461539 0.8545673076923077 0.18269230769230768 0.18028846153846154
0 0.24879807692307693 0.9182692307692307 0.22235576923076922 0.15745192307692307
0 0.38221153846153844 0.9507211538461539 0.19951923076923078 0.09254807692307693
0 0.08052884615384616 0.18028846153846154 0.15985576923076922 0.17548076923076922
0 0.7439903846153846 0.6418269230769231 0.14783653846153846 0.18269230769230768
0 0.7043269230769231 0.8521634615384616 0.1875 0.18990384615384615
0 0.45913461538461536 0.6298076923076923 0.1622596153846154 0.16466346153846154
0 0.34375 0.7692307692307693 0.24759615384615385 0.1971153846153846
0 0.06610576923076923 0.33052884615384615 0.13221153846153846 0.1502403846153846
0 0.04927884615384615 0.5504807692307693 0.09735576923076923 0.16466346153846154
0 0.27884615384615385 0.23317307692307693 0.14302884615384615 0.12740384615384615
0 0.43149038461538464 0.12259615384615384 0.15264423076923078 0.14543269230769232
0 0.5745192307692307 0.05889423076923077 0.1502403846153846 0.11778846153846154
0 0.6646634615384616 0.22235576923076922 0.13942307692307693 0.1502403846153846
0 0.15384615384615385 0.05048076923076923 0.19230769230769232 0.09975961538461539