0 0.5961538461538461 0.2512019230769231 0.19230769230769232 0.20192307692307693
0 0.8425480769230769 0.27884615384615385 0.18028846153846154 0.19230769230769232
0 0.5829326923076923 0.06850961538461539 0.16947115384615385 0.13701923076923078
0 0.1141826923076923 0.056490384615384616 0.2127403846153846 0.11298076923076923
0 0.08533653846153846 0.30649038461538464 0.16947115384615385 0.23197115384615385
0 0.04567307692307692 0.5072115384615384 0.09134615384615384 0.17307692307692307
0 0.09975961538461539 0.6838942307692307 0.19951923076923078 0.1875
0 0.9122596153846154 0.5420673076923077 0.16947115384615385 0.22956730769230768
0 0.7391826923076923 0.5360576923076923 0.22235576923076922 0.18269230769230768
0 0.30288461538461536 0.37740384615384615 0.2848557692307692 0.24519230769230768
0 0.9507211538461539 0.7572115384615384 0.09254807692307693 0.18509615384615385
0 0.7019230769230769 0.8605769230769231 0.1346153846153846 0.11057692307692307
0 0.2848557692307692 0.6802884615384616 0.12980769230769232 0.11538461538461539