0 0.4026442307692308 0.27524038461538464 0.2548076923076923 0.25961538461538464
0 0.9098557692307693 0.5396634615384616 0.16947115384615385 0.16947115384615385
0 0.8966346153846154 0.38100961538461536 0.20192307692307693 0.16706730769230768
0 0.7247596153846154 0.4567307692307692 0.13942307692307693 0.16706730769230768
0 0.5192307692307693 0.6117788461538461 0.38221153846153844 0.32211538461538464
0 0.2692307692307692 0.7956730769230769 0.16706730769230768 0.1778846153846154
0 0.10817307692307693 0.8076923076923077 0.21634615384615385 0.2403846153846154
0 0.17067307692307693 0.0889423076923077 0.1875 0.1778846153846154
0 0.04807692307692308 0.09735576923076923 0.09495192307692307 0.17548076923076922
0 0.7524038461538461 0.17067307692307693 0.2800480769230769 0.1971153846153846
0 0.6995192307692307 0.31971153846153844 0.16466346153846154 0.11538461538461539
0 0.7704326923076923 0.6358173076923077 0.12980769230769232 0.1875
0 0.48197115384615385 0.8617788461538461 0.18990384615384615 0.18269230769230768
0 0.16466346153846154 0.4579326923076923 0.3293269230769231 0.3004807692307692