0 0.5252403846153846 0.2536057692307692 0.1346153846153846 0.13221153846153846
0 0.30528846153846156 0.7163461538461539 0.23557692307692307 0.20793269230769232
0 0.7932692307692307 0.9038461538461539 0.2127403846153846 0.12740384615384615
0 0.9423076923076923 0.9387019230769231 0.11057692307692307 0.11778846153846154
0 0.9194711538461539 0.7776442307692307 0.15504807692307693 0.1346153846153846
0 0.5036057692307693 0.8533653846153846 0.13221153846153846 0.11778846153846154
0 0.38461538461538464 0.39783653846153844 0.12980769230769232 0.125
0 0.24639423076923078 0.4675480769230769 0.14783653846153846 0.14543269230769232
0 0.11899038461538461 0.6045673076923077 0.15745192307692307 0.16466346153846154
0 0.0889423076923077 0.3112980769230769 0.11778846153846154 0.12740384615384615
0 0.15384615384615385 0.36778846153846156 0.11778846153846154 0.1346153846153846
0 0.2848557692307692 0.21394230769230768 0.13942307692307693 0.14302884615384615
0 0.1814903846153846 0.07451923076923077 0.10216346153846154 0.125
0 0.28966346153846156 0.055288461538461536 0.1201923076923077 0.11057692307692307
0 0.5540865384615384 0.09975961538461539 0.10697115384615384 0.11057692307692307
0 0.4639423076923077 0.04807692307692308 0.13701923076923078 0.09495192307692307
0 0.7980769230769231 0.12980769230769232 0.1502403846153846 0.125
0 0.8221153846153846 0.2704326923076923 0.13942307692307693 0.11538461538461539
0 0.5588942307692307 0.4795673076923077 0.12740384615384615 0.11057692307692307