0 0.09254807692307693 0.28966346153846156 0.18509615384615385 0.27524038461538464
0 0.1201923076923077 0.5625 0.2403846153846154 0.22956730769230768
0 0.36538461538461536 0.7692307692307693 0.16947115384615385 0.16706730769230768
0 0.49399038461538464 0.8461538461538461 0.13701923076923078 0.13701923076923078
0 0.7908653846153846 0.6802884615384616 0.12740384615384615 0.13942307692307693
0 0.7788461538461539 0.8461538461538461 0.15745192307692307 0.15264423076923078
0 0.9170673076923077 0.6550480769230769 0.15985576923076922 0.2704326923076923
0 0.22596153846153846 0.9278846153846154 0.13701923076923078 0.11538461538461539
0 0.5841346153846154 0.07572115384615384 0.2692307692307692 0.15144230769230768
0 0.9326923076923077 0.24879807692307693 0.12980769230769232 0.2824519230769231
0 0.7548076923076923 0.47115384615384615 0.20552884615384615 0.19230769230769232
0 0.5024038461538461 0.41346153846153844 0.08533653846153846 0.10216346153846154
0 0.35697115384615385 0.09975961538461539 0.17548076923076922 0.16947115384615385
0 0.2920673076923077 0.4699519230769231 0.125 0.11057692307692307
0 0.6298076923076923 0.6995192307692307 0.1502403846153846 0.14543269230769232
0 0.11658653846153846 0.8569711538461539 0.16706730769230768 0.14543269230769232