0 0.9146634615384616 0.20793269230769232 0.16466346153846154 0.18028846153846154
0 0.8076923076923077 0.13942307692307693 0.1502403846153846 0.19951923076923078
0 0.23557692307692307 0.09735576923076923 0.30528846153846156 0.19471153846153846
0 0.08533653846153846 0.34615384615384615 0.16947115384615385 0.25721153846153844
0 0.07451923076923077 0.6334134615384616 0.14543269230769232 0.20192307692307693
0 0.12259615384615384 0.8209134615384616 0.24519230769230768 0.22716346153846154
0 0.3401442307692308 0.6598557692307693 0.21995192307692307 0.21514423076923078
0 0.6646634615384616 0.11298076923076923 0.1346153846153846 0.15985576923076922
0 0.6538461538461539 0.3161057692307692 0.2620192307692308 0.20192307692307693
0 0.4567307692307692 0.53125 0.20793269230769232 0.15745192307692307
0 0.7319711538461539 0.6959134615384616 0.2704326923076923 0.3125
0 0.43990384615384615 0.8269230769230769 0.3545673076923077 0.22956730769230768