0 0.4879807692307692 0.3798076923076923 0.19951923076923078 0.21995192307692307
0 0.38341346153846156 0.7475961538461539 0.16706730769230768 0.15985576923076922
0 0.3942307692307692 0.8653846153846154 0.14302884615384615 0.09014423076923077
0 0.4026442307692308 0.9495192307692307 0.1502403846153846 0.09495192307692307
0 0.5853365384615384 0.9519230769230769 0.1346153846153846 0.09014423076923077
0 0.8870192307692307 0.30408653846153844 0.21033653846153846 0.23798076923076922
0 0.7451923076923077 0.7548076923076923 0.1201923076923077 0.11057692307692307
0 0.5504807692307693 0.6358173076923077 0.1045673076923077 0.12259615384615384
0 0.051682692307692304 0.42788461538461536 0.10216346153846154 0.18509615384615385
0 0.05889423076923077 0.2091346153846154 0.11778846153846154 0.12740384615384615
0 0.20673076923076922 0.15264423076923078 0.10216346153846154 0.1201923076923077
0 0.6430288461538461 0.19471153846153846 0.17548076923076922 0.18990384615384615
0 0.9206730769230769 0.12379807692307693 0.15264423076923078 0.17307692307692307
0 0.3762019230769231 0.12379807692307693 0.17307692307692307 0.13701923076923078
0 0.4074519230769231 0.5913461538461539 0.15985576923076922 0.17307692307692307
0 0.9555288461538461 0.9014423076923077 0.07451923076923077 0.10216346153846154
0 0.9014423076923077 0.4495192307692308 0.11778846153846154 0.09975961538461539
0 0.15865384615384615 0.6538461538461539 0.25240384615384615 0.17307692307692307