0 0.29086538461538464 0.34134615384615385 0.2620192307692308 0.24759615384615385
0 0.08413461538461539 0.036057692307692304 0.16706730769230768 0.07211538461538461
0 0.5625 0.2403846153846154 0.20552884615384615 0.17548076923076922
0 0.7644230769230769 0.24759615384615385 0.21033653846153846 0.19951923076923078
0 0.6814903846153846 0.49038461538461536 0.20192307692307693 0.15504807692307693
0 0.8798076923076923 0.5036057692307693 0.21514423076923078 0.22716346153846154
0 0.9206730769230769 0.7127403846153846 0.15264423076923078 0.20552884615384615
0 0.8930288461538461 0.9194711538461539 0.21033653846153846 0.15504807692307693
0 0.25841346153846156 0.6370192307692307 0.13221153846153846 0.1502403846153846
0 0.030048076923076924 0.46634615384615385 0.06009615384615385 0.15264423076923078
0 0.38822115384615385 0.07451923076923077 0.13701923076923078 0.14903846153846154
0 0.5192307692307693 0.052884615384615384 0.13701923076923078 0.1045673076923077
0 0.7512019230769231 0.6814903846153846 0.24278846153846154 0.20192307692307693