0 0.20072115384615385 0.21875 0.25240384615384615 0.24278846153846154
0 0.4182692307692308 0.33533653846153844 0.10216346153846154 0.11538461538461539
0 0.5216346153846154 0.36899038461538464 0.09254807692307693 0.11298076923076923
0 0.43990384615384615 0.5625 0.15504807692307693 0.18028846153846154
0 0.18990384615384615 0.49038461538461536 0.25961538461538464 0.23557692307692307
0 0.3317307692307692 0.7668269230769231 0.21754807692307693 0.1971153846153846
0 0.13822115384615385 0.7235576923076923 0.21754807692307693 0.1971153846153846
0 0.1201923076923077 0.8713942307692307 0.19471153846153846 0.15264423076923078
0 0.6622596153846154 0.9314903846153846 0.19951923076923078 0.13221153846153846
0 0.5961538461538461 0.5036057692307693 0.1622596153846154 0.17307692307692307
0 0.9050480769230769 0.09134615384615384 0.1346153846153846 0.13701923076923078
0 0.9206730769230769 0.23197115384615385 0.13701923076923078 0.12980769230769232
0 0.7920673076923077 0.3605769230769231 0.13942307692307693 0.12980769230769232
0 0.7415865384615384 0.7127403846153846 0.0625 0.07451923076923077
0 0.6502403846153846 0.09495192307692307 0.14543269230769232 0.16947115384615385
0 0.9242788461538461 0.6634615384615384 0.14783653846153846 0.15264423076923078
0 0.8581730769230769 0.8509615384615384 0.20793269230769232 0.15264423076923078