0 0.2644230769230769 0.5 0.19471153846153846 0.1502403846153846
0 0.07932692307692307 0.34975961538461536 0.15745192307692307 0.29447115384615385
0 0.49038461538461536 0.8521634615384616 0.2800480769230769 0.27524038461538464
0 0.12740384615384615 0.7367788461538461 0.18028846153846154 0.2620192307692308
0 0.9194711538461539 0.9110576923076923 0.15504807692307693 0.17307692307692307
0 0.9350961538461539 0.5673076923076923 0.125 0.16466346153846154
0 0.6213942307692307 0.16466346153846154 0.16706730769230768 0.1502403846153846
0 0.40625 0.2403846153846154 0.22235576923076922 0.21514423076923078
0 0.1466346153846154 0.11538461538461539 0.2920673076923077 0.21033653846153846
0 0.43990384615384615 0.06850961538461539 0.23557692307692307 0.13701923076923078
0 0.8846153846153846 0.10096153846153846 0.20552884615384615 0.18269230769230768
0 0.7776442307692307 0.7896634615384616 0.11057692307692307 0.11538461538461539