0 0.5288461538461539 0.07211538461538461 0.12740384615384615 0.1346153846153846
0 0.38221153846153844 0.25600961538461536 0.09495192307692307 0.09735576923076923
0 0.3786057692307692 0.35096153846153844 0.09254807692307693 0.10216346153846154
0 0.17067307692307693 0.4411057692307692 0.10697115384615384 0.12259615384615384
0 0.4074519230769231 0.5408653846153846 0.1201923076923077 0.11778846153846154
0 0.2536057692307692 0.7355769230769231 0.20192307692307693 0.15985576923076922
0 0.05048076923076923 0.8341346153846154 0.09975961538461539 0.11298076923076923
0 0.13701923076923078 0.5973557692307693 0.06490384615384616 0.08533653846153846
0 0.53125 0.3401442307692308 0.1875 0.15985576923076922
0 0.8521634615384616 0.41466346153846156 0.13942307692307693 0.14543269230769232
0 0.7391826923076923 0.46875 0.14302884615384615 0.12740384615384615
0 0.75 0.5961538461538461 0.16466346153846154 0.12259615384615384
0 0.8990384615384616 0.7379807692307693 0.11298076923076923 0.11538461538461539
0 0.15625 0.25 0.10216346153846154 0.11057692307692307
0 0.19831730769230768 0.06850961538461539 0.14783653846153846 0.11298076923076923
0 0.026442307692307692 0.09975961538461539 0.052884615384615384 0.09975961538461539
0 0.6274038461538461 0.07932692307692307 0.08052884615384616 0.08774038461538461
0 0.9074519230769231 0.055288461538461536 0.12980769230769232 0.11057692307692307
0 0.2127403846153846 0.9122596153846154 0.09495192307692307 0.08533653846153846
0 0.2956730769230769 0.5661057692307693 0.10697115384615384 0.11298076923076923