0 0.41586538461538464 0.3137019230769231 0.24759615384615385 0.25240384615384615
0 0.23798076923076922 0.12379807692307693 0.24519230769230768 0.20793269230769232
0 0.5012019230769231 0.5829326923076923 0.20192307692307693 0.21033653846153846
0 0.9050480769230769 0.5997596153846154 0.18509615384615385 0.18028846153846154
0 0.8004807692307693 0.6923076923076923 0.15504807692307693 0.13942307692307693
0 0.49399038461538464 0.8990384615384616 0.22235576923076922 0.1971153846153846
0 0.10336538461538461 0.8245192307692307 0.20673076923076922 0.27403846153846156
0 0.12980769230769232 0.5432692307692307 0.25961538461538464 0.22235576923076922
0 0.057692307692307696 0.3581730769230769 0.11538461538461539 0.16706730769230768
0 0.0673076923076923 0.12740384615384615 0.1346153846153846 0.22956730769230768
0 0.7800480769230769 0.21394230769230768 0.19951923076923078 0.1971153846153846
0 0.9134615384615384 0.4326923076923077 0.1622596153846154 0.15504807692307693
0 0.9158653846153846 0.7367788461538461 0.11298076923076923 0.11778846153846154
0 0.4423076923076923 0.75 0.17548076923076922 0.14543269230769232