0 0.33413461538461536 0.3076923076923077 0.14783653846153846 0.18028846153846154
0 0.3401442307692308 0.13701923076923078 0.125 0.13942307692307693
0 0.5721153846153846 0.13581730769230768 0.15504807692307693 0.16706730769230768
0 0.46875 0.5901442307692307 0.14783653846153846 0.15504807692307693
0 0.6610576923076923 0.35096153846153844 0.12740384615384615 0.12259615384615384
0 0.5865384615384616 0.7463942307692307 0.16706730769230768 0.1778846153846154
0 0.4266826923076923 0.7548076923076923 0.15745192307692307 0.16947115384615385
0 0.17908653846153846 0.40384615384615385 0.14783653846153846 0.13701923076923078
0 0.20552884615384615 0.16947115384615385 0.16466346153846154 0.17548076923076922
0 0.9411057692307693 0.49399038461538464 0.11298076923076923 0.14302884615384615
0 0.9050480769230769 0.6875 0.18509615384615385 0.20552884615384615
0 0.19230769230769232 0.8509615384615384 0.1502403846153846 0.15745192307692307
0 0.30528846153846156 0.5204326923076923 0.18028846153846154 0.15985576923076922