0 0.36658653846153844 0.2860576923076923 0.2127403846153846 0.2127403846153846
0 0.3605769230769231 0.45072115384615385 0.21514423076923078 0.13221153846153846
0 0.13581730769230768 0.31009615384615385 0.27163461538461536 0.4567307692307692
0 0.9242788461538461 0.39903846153846156 0.14783653846153846 0.1971153846153846
0 0.6875 0.8918269230769231 0.25961538461538464 0.2127403846153846
0 0.2824519230769231 0.8305288461538461 0.2644230769230769 0.33533653846153844
0 0.09014423076923077 0.8004807692307693 0.18028846153846154 0.3954326923076923
0 0.3233173076923077 0.06370192307692307 0.20793269230769232 0.12740384615384615
0 0.9134615384615384 0.20552884615384615 0.16706730769230768 0.20552884615384615
0 0.6466346153846154 0.29927884615384615 0.37259615384615385 0.2920673076923077
0 0.6165865384615384 0.7115384615384616 0.2127403846153846 0.16706730769230768
0 0.7884615384615384 0.6334134615384616 0.22235576923076922 0.3076923076923077
0 0.5661057692307693 0.5444711538461539 0.22235576923076922 0.18509615384615385