0 0.8293269230769231 0.5913461538461539 0.11778846153846154 0.15745192307692307
0 0.6706730769230769 0.6141826923076923 0.12259615384615384 0.20192307692307693
0 0.15264423076923078 0.7487980769230769 0.15504807692307693 0.17307692307692307
0 0.3269230769230769 0.7067307692307693 0.21995192307692307 0.20192307692307693
0 0.49759615384615385 0.25721153846153844 0.13942307692307693 0.16466346153846154
0 0.6995192307692307 0.3737980769230769 0.14543269230769232 0.1778846153846154
0 0.9014423076923077 0.24158653846153846 0.19230769230769232 0.20793269230769232
0 0.13341346153846154 0.3545673076923077 0.25721153846153844 0.23557692307692307
0 0.37740384615384615 0.12259615384615384 0.1346153846153846 0.14543269230769232
0 0.5072115384615384 0.10096153846153846 0.12980769230769232 0.14783653846153846
0 0.6454326923076923 0.1346153846153846 0.12980769230769232 0.12980769230769232