0 0.7283653846153846 0.21875 0.1875 0.2127403846153846
0 0.6826923076923077 0.4831730769230769 0.2644230769230769 0.1875
0 0.9098557692307693 0.3858173076923077 0.15985576923076922 0.24759615384615385
0 0.43149038461538464 0.75 0.1778846153846154 0.17548076923076922
0 0.27403846153846156 0.5 0.1622596153846154 0.18028846153846154
0 0.9098557692307693 0.057692307692307696 0.17548076923076922 0.11538461538461539
0 0.9290865384615384 0.20432692307692307 0.13701923076923078 0.17307692307692307
0 0.2536057692307692 0.13581730769230768 0.13221153846153846 0.11298076923076923
0 0.25721153846153844 0.2824519230769231 0.15504807692307693 0.17548076923076922
0 0.7103365384615384 0.7043269230769231 0.125 0.14302884615384615
0 0.2644230769230769 0.9170673076923077 0.16466346153846154 0.15985576923076922