0 0.7836538461538461 0.1502403846153846 0.25721153846153844 0.2247596153846154
0 0.8209134615384616 0.33413461538461536 0.15264423076923078 0.1622596153846154
0 0.78125 0.5456730769230769 0.20793269230769232 0.1971153846153846
0 0.33774038461538464 0.9158653846153846 0.16466346153846154 0.1622596153846154
0 0.15985576923076922 0.9038461538461539 0.2247596153846154 0.18269230769230768
0 0.17307692307692307 0.5216346153846154 0.16947115384615385 0.23197115384615385
0 0.20192307692307693 0.12740384615384615 0.2403846153846154 0.15504807692307693
0 0.8990384615384616 0.7379807692307693 0.1971153846153846 0.19471153846153846
0 0.8870192307692307 0.9134615384615384 0.19471153846153846 0.16706730769230768
0 0.33413461538461536 0.6947115384615384 0.19230769230769232 0.16466346153846154
0 0.5528846153846154 0.6899038461538461 0.19951923076923078 0.18028846153846154
0 0.5096153846153846 0.34975961538461536 0.2548076923076923 0.24519230769230768
0 0.23317307692307693 0.3016826923076923 0.30288461538461536 0.17307692307692307