0 0.18028846153846154 0.29086538461538464 0.2704326923076923 0.24759615384615385
0 0.6742788461538461 0.18028846153846154 0.24278846153846154 0.18509615384615385
0 0.7860576923076923 0.3762019230769231 0.18269230769230768 0.15264423076923078
0 0.8701923076923077 0.5817307692307693 0.2548076923076923 0.24759615384615385
0 0.6274038461538461 0.5264423076923077 0.18990384615384615 0.1778846153846154
0 0.20552884615384615 0.8942307692307693 0.21995192307692307 0.1778846153846154
0 0.15504807692307693 0.5108173076923077 0.21033653846153846 0.19230769230769232
0 0.4266826923076923 0.4411057692307692 0.25721153846153844 0.24278846153846154
0 0.421875 0.07692307692307693 0.1658653846153846 0.15384615384615385
0 0.10576923076923077 0.08052884615384616 0.20793269230769232 0.15985576923076922
0 0.6875 0.06129807692307692 0.2644230769230769 0.12259615384615384
0 0.8461538461538461 0.8257211538461539 0.30288461538461536 0.25721153846153844