0 0.40865384615384615 0.3245192307692308 0.11778846153846154 0.11057692307692307
0 0.15985576923076922 0.6105769230769231 0.21514423076923078 0.19471153846153846
0 0.6947115384615384 0.21754807692307693 0.15504807692307693 0.125
0 0.15985576923076922 0.06129807692307692 0.18509615384615385 0.12259615384615384
0 0.4230769230769231 0.18389423076923078 0.13942307692307693 0.1778846153846154
0 0.2692307692307692 0.33052884615384615 0.10216346153846154 0.09495192307692307
0 0.10576923076923077 0.33052884615384615 0.12740384615384615 0.125
0 0.44350961538461536 0.04567307692307692 0.17067307692307693 0.09134615384615384
0 0.8125 0.14423076923076922 0.12980769230769232 0.13701923076923078
0 0.9411057692307693 0.31971153846153844 0.10216346153846154 0.16466346153846154
0 0.8461538461538461 0.2860576923076923 0.14302884615384615 0.1622596153846154
0 0.6610576923076923 0.5600961538461539 0.11778846153846154 0.1201923076923077
0 0.8173076923076923 0.7944711538461539 0.09975961538461539 0.11057692307692307
0 0.9326923076923077 0.8137019230769231 0.12980769230769232 0.13701923076923078
0 0.9423076923076923 0.7055288461538461 0.11057692307692307 0.1201923076923077
0 0.6117788461538461 0.7992788461538461 0.12259615384615384 0.12740384615384615
0 0.3485576923076923 0.7536057692307693 0.18269230769230768 0.1622596153846154
0 0.1141826923076923 0.8822115384615384 0.22716346153846154 0.17548076923076922