0 0.26322115384615385 0.24519230769230768 0.09254807692307693 0.09975961538461539
0 0.14543269230769232 0.40865384615384615 0.11057692307692307 0.10697115384615384
0 0.25961538461538464 0.33774038461538464 0.1045673076923077 0.1045673076923077
0 0.22235576923076922 0.44591346153846156 0.09014423076923077 0.10216346153846154
0 0.30408653846153844 0.44591346153846156 0.09254807692307693 0.10216346153846154
0 0.43509615384615385 0.3894230769230769 0.11057692307692307 0.125
0 0.37740384615384615 0.5144230769230769 0.09975961538461539 0.09975961538461539
0 0.3449519230769231 0.6105769230769231 0.08052884615384616 0.08533653846153846
0 0.8641826923076923 0.3641826923076923 0.1622596153846154 0.1622596153846154
0 0.8269230769230769 0.49038461538461536 0.09975961538461539 0.09495192307692307
0 0.7524038461538461 0.6045673076923077 0.2247596153846154 0.21514423076923078
0 0.9206730769230769 0.6802884615384616 0.15264423076923078 0.16947115384615385
0 0.08413461538461539 0.7283653846153846 0.0829326923076923 0.08774038461538461
0 0.1045673076923077 0.5733173076923077 0.07451923076923077 0.07692307692307693
0 0.12259615384615384 0.20552884615384615 0.11057692307692307 0.1045673076923077
0 0.5048076923076923 0.05048076923076923 0.15985576923076922 0.09975961538461539
0 0.8918269230769231 0.036057692307692304 0.14302884615384615 0.07211538461538461
0 0.7427884615384616 0.4182692307692308 0.14543269230769232 0.11778846153846154
0 0.0733173076923077 0.07451923076923077 0.11298076923076923 0.12980769230769232
0 0.040865384615384616 0.8028846153846154 0.08173076923076923 0.11538461538461539
0 0.6213942307692307 0.7704326923076923 0.09735576923076923 0.1045673076923077
0 0.3581730769230769 0.21634615384615385 0.09254807692307693 0.10216346153846154
0 0.35216346153846156 0.09615384615384616 0.18509615384615385 0.14302884615384615
0 0.6634615384615384 0.2620192307692308 0.11778846153846154 0.11538461538461539