0 0.8353365384615384 0.5264423076923077 0.3245192307692308 0.37259615384615385
0 0.25600961538461536 0.7079326923076923 0.20192307692307693 0.23557692307692307
0 0.3894230769230769 0.0889423076923077 0.2548076923076923 0.1778846153846154
0 0.8870192307692307 0.13822115384615385 0.21634615384615385 0.2764423076923077
0 0.09254807692307693 0.6706730769230769 0.18509615384615385 0.16706730769230768
0 0.3329326923076923 0.3641826923076923 0.44471153846153844 0.3076923076923077
0 0.12980769230769232 0.12379807692307693 0.19471153846153846 0.22716346153846154
0 0.5817307692307693 0.5120192307692307 0.1971153846153846 0.17548076923076922
0 0.5528846153846154 0.9266826923076923 0.17548076923076922 0.14302884615384615
0 0.7872596153846154 0.8846153846153846 0.33052884615384615 0.2247596153846154
0 0.38822115384615385 0.9399038461538461 0.14302884615384615 0.11538461538461539
0 0.1310096153846154 0.8870192307692307 0.2620192307692308 0.21995192307692307