0 0.5372596153846154 0.6923076923076923 0.1201923076923077 0.125
0 0.38461538461538464 0.7235576923076923 0.1346153846153846 0.13221153846153846
0 0.6201923076923077 0.7560096153846154 0.1201923076923077 0.11298076923076923
0 0.7800480769230769 0.7427884615384616 0.125 0.12980769230769232
0 0.42427884615384615 0.9435096153846154 0.14302884615384615 0.10697115384615384
0 0.07091346153846154 0.4266826923076923 0.13221153846153846 0.15264423076923078
0 0.6502403846153846 0.9134615384615384 0.09975961538461539 0.09735576923076923
0 0.6610576923076923 0.18028846153846154 0.1622596153846154 0.16466346153846154
0 0.16466346153846154 0.1141826923076923 0.09975961538461539 0.10216346153846154
0 0.2608173076923077 0.13701923076923078 0.11298076923076923 0.1045673076923077
0 0.41225961538461536 0.11658653846153846 0.125 0.11778846153846154
0 0.9411057692307693 0.11177884615384616 0.11298076923076923 0.14302884615384615
0 0.0625 0.05048076923076923 0.125 0.09975961538461539
0 0.1502403846153846 0.8125 0.21033653846153846 0.18509615384615385