0 0.9134615384615384 0.2824519230769231 0.16706730769230768 0.2247596153846154
0 0.9122596153846154 0.7079326923076923 0.16947115384615385 0.2704326923076923
0 0.4411057692307692 0.7596153846153846 0.20793269230769232 0.19951923076923078
0 0.46634615384615385 0.9302884615384616 0.13221153846153846 0.1346153846153846
0 0.09735576923076923 0.3942307692307692 0.19471153846153846 0.28725961538461536
0 0.04927884615384615 0.14423076923076922 0.09735576923076923 0.1778846153846154
0 0.13701923076923078 0.07451923076923077 0.12980769230769232 0.14903846153846154
0 0.26802884615384615 0.10216346153846154 0.13942307692307693 0.13942307692307693
0 0.4254807692307692 0.12259615384615384 0.15985576923076922 0.15985576923076922
0 0.5360576923076923 0.22716346153846154 0.1971153846153846 0.21033653846153846
0 0.7920673076923077 0.4230769230769231 0.1346153846153846 0.15985576923076922
0 0.5456730769230769 0.3954326923076923 0.11778846153846154 0.125
0 0.3076923076923077 0.3004807692307692 0.22956730769230768 0.23557692307692307
0 0.6225961538461539 0.06610576923076923 0.18990384615384615 0.13221153846153846
0 0.19951923076923078 0.9411057692307693 0.18990384615384615 0.11298076923076923