0 0.8966346153846154 0.30649038461538464 0.20192307692307693 0.23197115384615385
0 0.6802884615384616 0.5649038461538461 0.25961538461538464 0.2247596153846154
0 0.31850961538461536 0.7716346153846154 0.1875 0.18269230769230768
0 0.19471153846153846 0.6322115384615384 0.18990384615384615 0.21033653846153846
0 0.11538461538461539 0.41346153846153844 0.22956730769230768 0.27283653846153844
0 0.47716346153846156 0.15625 0.17548076923076922 0.15264423076923078
0 0.9074519230769231 0.0985576923076923 0.18028846153846154 0.1875
0 0.8088942307692307 0.7379807692307693 0.20793269230769232 0.18509615384615385
0 0.6466346153846154 0.7860576923076923 0.23197115384615385 0.1971153846153846
0 0.4675480769230769 0.7860576923076923 0.12980769230769232 0.20793269230769232
0 0.08653846153846154 0.8882211538461539 0.17307692307692307 0.21754807692307693
0 0.19591346153846154 0.051682692307692304 0.15264423076923078 0.10216346153846154
0 0.3629807692307692 0.055288461538461536 0.17548076923076922 0.11057692307692307