0 0.24519230769230768 0.25721153846153844 0.19951923076923078 0.17548076923076922
0 0.8305288461538461 0.16466346153846154 0.27524038461538464 0.31490384615384615
0 0.5865384615384616 0.36177884615384615 0.27283653846153844 0.22716346153846154
0 0.15384615384615385 0.6682692307692307 0.2824519230769231 0.3473557692307692
0 0.13701923076923078 0.4567307692307692 0.21033653846153846 0.2127403846153846
0 0.7307692307692307 0.7884615384615384 0.24278846153846154 0.2776442307692308
0 0.5120192307692307 0.9206730769230769 0.2644230769230769 0.15264423076923078
0 0.2956730769230769 0.5048076923076923 0.17307692307692307 0.15985576923076922
0 0.8365384615384616 0.5504807692307693 0.21754807692307693 0.19951923076923078
0 0.7043269230769231 0.5108173076923077 0.1875 0.1971153846153846
0 0.32091346153846156 0.11658653846153846 0.23197115384615385 0.22235576923076922