0 0.3317307692307692 0.38341346153846156 0.13221153846153846 0.11298076923076923
0 0.7740384615384616 0.4266826923076923 0.17307692307692307 0.15745192307692307
0 0.49038461538461536 0.6826923076923077 0.16466346153846154 0.11538461538461539
0 0.42908653846153844 0.8137019230769231 0.15745192307692307 0.15745192307692307
0 0.12620192307692307 0.7247596153846154 0.19230769230769232 0.21995192307692307
0 0.13341346153846154 0.4675480769230769 0.2668269230769231 0.19951923076923078
0 0.8389423076923077 0.1658653846153846 0.12259615384615384 0.18269230769230768
0 0.6802884615384616 0.1622596153846154 0.1045673076923077 0.1201923076923077
0 0.25841346153846156 0.16826923076923078 0.11778846153846154 0.10697115384615384
0 0.5144230769230769 0.5528846153846154 0.15985576923076922 0.1346153846153846
0 0.7632211538461539 0.5697115384615384 0.14302884615384615 0.11057692307692307
0 0.5372596153846154 0.8810096153846154 0.13942307692307693 0.1622596153846154
0 0.31971153846153844 0.9483173076923077 0.19471153846153846 0.09735576923076923
0 0.08653846153846154 0.9146634615384616 0.17307692307692307 0.1502403846153846
0 0.8713942307692307 0.32211538461538464 0.12740384615384615 0.09975961538461539
0 0.9507211538461539 0.53125 0.09254807692307693 0.11778846153846154
0 0.9387019230769231 0.8966346153846154 0.11778846153846154 0.08774038461538461
0 0.4831730769230769 0.96875 0.14783653846153846 0.057692307692307696