0 0.6069711538461539 0.19471153846153846 0.25961538461538464 0.18990384615384615
0 0.6694711538461539 0.4891826923076923 0.13942307692307693 0.12259615384615384
0 0.8930288461538461 0.5733173076923077 0.21033653846153846 0.2127403846153846
0 0.8954326923076923 0.7716346153846154 0.20552884615384615 0.14302884615384615
0 0.5336538461538461 0.5480769230769231 0.1778846153846154 0.14543269230769232
0 0.5144230769230769 0.7860576923076923 0.15504807692307693 0.13701923076923078
0 0.24158653846153846 0.6887019230769231 0.14302884615384615 0.10216346153846154
0 0.40865384615384615 0.8858173076923077 0.12740384615384615 0.11778846153846154
0 0.20432692307692307 0.1875 0.15745192307692307 0.16466346153846154
0 0.8858173076923077 0.057692307692307696 0.22235576923076922 0.11538461538461539
0 0.9399038461538461 0.32572115384615385 0.11538461538461539 0.12740384615384615
0 0.8942307692307693 0.9290865384615384 0.15745192307692307 0.13701923076923078
0 0.9543269230769231 0.8882211538461539 0.08774038461538461 0.13221153846153846
0 0.3125 0.53125 0.23557692307692307 0.10697115384615384