0 0.8485576923076923 0.35216346153846156 0.09254807692307693 0.09014423076923077
0 0.5805288461538461 0.53125 0.11538461538461539 0.11778846153846154
0 0.2283653846153846 0.4098557692307692 0.08774038461538461 0.1201923076923077
0 0.15985576923076922 0.33413461538461536 0.08533653846153846 0.08774038461538461
0 0.33774038461538464 0.15264423076923078 0.09014423076923077 0.1045673076923077
0 0.34975961538461536 0.24519230769230768 0.09014423076923077 0.09014423076923077
0 0.4326923076923077 0.18269230769230768 0.09975961538461539 0.1045673076923077
0 0.5961538461538461 0.16706730769230768 0.10697115384615384 0.08533653846153846
0 0.6274038461538461 0.4326923076923077 0.1045673076923077 0.08533653846153846
0 0.4795673076923077 0.47475961538461536 0.1045673076923077 0.11057692307692307
0 0.8617788461538461 0.8329326923076923 0.0829326923076923 0.08052884615384616
0 0.9026442307692307 0.6466346153846154 0.1346153846153846 0.09254807692307693
0 0.12139423076923077 0.5685096153846154 0.07692307692307693 0.11778846153846154
0 0.13822115384615385 0.7908653846153846 0.08774038461538461 0.11778846153846154
0 0.8413461538461539 0.16826923076923078 0.11778846153846154 0.09254807692307693
0 0.35336538461538464 0.9266826923076923 0.1971153846153846 0.12740384615384615