0 0.4423076923076923 0.5661057692307693 0.1045673076923077 0.12740384615384615
0 0.39783653846153844 0.7560096153846154 0.06009615384615385 0.057692307692307696
0 0.054086538461538464 0.8737980769230769 0.09254807692307693 0.07692307692307693
0 0.036057692307692304 0.7103365384615384 0.0625 0.08052884615384616
0 0.055288461538461536 0.6081730769230769 0.09975961538461539 0.08774038461538461
0 0.06850961538461539 0.5120192307692307 0.0625 0.06971153846153846
0 0.12980769230769232 0.40024038461538464 0.09975961538461539 0.09014423076923077
0 0.5264423076923077 0.2283653846153846 0.09254807692307693 0.08774038461538461
0 0.7175480769230769 0.5516826923076923 0.08052884615384616 0.0829326923076923
0 0.90625 0.6959134615384616 0.10216346153846154 0.0829326923076923
0 0.7956730769230769 0.8810096153846154 0.07211538461538461 0.07692307692307693