0 0.53125 0.27403846153846156 0.13221153846153846 0.13701923076923078
0 0.1971153846153846 0.5240384615384616 0.12980769230769232 0.12259615384615384
0 0.33052884615384615 0.6225961538461539 0.11538461538461539 0.11057692307692307
0 0.5829326923076923 0.45913461538461536 0.07451923076923077 0.07211538461538461
0 0.6875 0.3942307692307692 0.14543269230769232 0.13221153846153846
0 0.33533653846153844 0.40024038461538464 0.125 0.1346153846153846
0 0.5216346153846154 0.7548076923076923 0.15745192307692307 0.19471153846153846
0 0.6694711538461539 0.5901442307692307 0.1502403846153846 0.2247596153846154
0 0.8353365384615384 0.4362980769230769 0.1502403846153846 0.11298076923076923
0 0.8257211538461539 0.3161057692307692 0.22716346153846154 0.16706730769230768
0 0.7463942307692307 0.8737980769230769 0.14783653846153846 0.1971153846153846