0 0.3004807692307692 0.09735576923076923 0.09975961538461539 0.1045673076923077
0 0.7632211538461539 0.17067307692307693 0.15264423076923078 0.1622596153846154
0 0.7067307692307693 0.5024038461538461 0.14302884615384615 0.12980769230769232
0 0.6069711538461539 0.5372596153846154 0.15985576923076922 0.15985576923076922
0 0.21634615384615385 0.5504807692307693 0.15745192307692307 0.1346153846153846
0 0.17307692307692307 0.7103365384615384 0.12980769230769232 0.1346153846153846
0 0.27283653846153844 0.7019230769230769 0.1045673076923077 0.1346153846153846
0 0.5276442307692307 0.6418269230769231 0.18509615384615385 0.18269230769230768
0 0.7307692307692307 0.6358173076923077 0.14302884615384615 0.13701923076923078
0 0.9026442307692307 0.6935096153846154 0.18990384615384615 0.1875
0 0.21153846153846154 0.16947115384615385 0.15745192307692307 0.12980769230769232
0 0.49158653846153844 0.08413461538461539 0.11778846153846154 0.15745192307692307
0 0.6009615384615384 0.19110576923076922 0.1622596153846154 0.11298076923076923
0 0.9038461538461539 0.08653846153846154 0.1875 0.17307692307692307
0 0.4735576923076923 0.28725961538461536 0.14783653846153846 0.19471153846153846
0 0.8581730769230769 0.5432692307692307 0.11298076923076923 0.10697115384615384
0 0.6754807692307693 0.7572115384615384 0.13942307692307693 0.1502403846153846
0 0.5288461538461539 0.8786057692307693 0.11298076923076923 0.08774038461538461
0 0.49759615384615385 0.9447115384615384 0.1045673076923077 0.09975961538461539
0 0.0889423076923077 0.8966346153846154 0.09254807692307693 0.10216346153846154
0 0.0673076923076923 0.7211538461538461 0.09975961538461539 0.10697115384615384