0 0.8653846153846154 0.2764423076923077 0.15504807692307693 0.1875
0 0.8882211538461539 0.7584134615384616 0.10697115384615384 0.12259615384615384
0 0.6814903846153846 0.71875 0.19230769230769232 0.24278846153846154
0 0.3389423076923077 0.6514423076923077 0.23197115384615385 0.33774038461538464
0 0.11538461538461539 0.6442307692307693 0.21995192307692307 0.2776442307692308
0 0.08653846153846154 0.4206730769230769 0.17307692307692307 0.18269230769230768
0 0.5 0.05889423076923077 0.18028846153846154 0.10697115384615384
0 0.18629807692307693 0.11298076923076923 0.24759615384615385 0.17548076923076922
0 0.7259615384615384 0.12860576923076922 0.13701923076923078 0.15264423076923078
0 0.6622596153846154 0.29447115384615385 0.13942307692307693 0.12980769230769232
0 0.3485576923076923 0.38822115384615385 0.25721153846153844 0.18269230769230768
0 0.18990384615384615 0.2536057692307692 0.1346153846153846 0.13701923076923078
0 0.2247596153846154 0.8918269230769231 0.15985576923076922 0.14302884615384615
0 0.9375 0.5444711538461539 0.1201923076923077 0.18509615384615385