0 0.3942307692307692 0.29086538461538464 0.11298076923076923 0.11778846153846154
0 0.8834134615384616 0.5108173076923077 0.20793269230769232 0.2127403846153846
0 0.5048076923076923 0.7632211538461539 0.16466346153846154 0.15264423076923078
0 0.5877403846153846 0.8521634615384616 0.06971153846153846 0.06971153846153846
0 0.25240384615384615 0.8185096153846154 0.12980769230769232 0.11778846153846154
0 0.1622596153846154 0.5336538461538461 0.16947115384615385 0.1778846153846154
0 0.4795673076923077 0.38221153846153844 0.1201923076923077 0.11538461538461539
0 0.4254807692307692 0.5336538461538461 0.1045673076923077 0.10216346153846154
0 0.7764423076923077 0.38341346153846156 0.13701923076923078 0.16706730769230768
0 0.9242788461538461 0.21153846153846154 0.14783653846153846 0.2620192307692308
0 0.5132211538461539 0.20072115384615385 0.14783653846153846 0.13701923076923078
0 0.28125 0.1658653846153846 0.1971153846153846 0.1622596153846154
0 0.03125 0.3701923076923077 0.0625 0.09014423076923077