0 0.47716346153846156 0.3870192307692308 0.1346153846153846 0.1045673076923077
0 0.3858173076923077 0.2932692307692308 0.11778846153846154 0.13221153846153846
0 0.42427884615384615 0.5444711538461539 0.11778846153846154 0.125
0 0.5012019230769231 0.7824519230769231 0.17307692307692307 0.11538461538461539
0 0.6766826923076923 0.4723557692307692 0.11298076923076923 0.11057692307692307
0 0.7776442307692307 0.3762019230769231 0.15504807692307693 0.15264423076923078
0 0.8882211538461539 0.5372596153846154 0.21754807692307693 0.19471153846153846
0 0.05889423076923077 0.12740384615384615 0.11778846153846154 0.14543269230769232
0 0.1935096153846154 0.5480769230769231 0.26802884615384615 0.19471153846153846
0 0.2536057692307692 0.8317307692307693 0.14302884615384615 0.12740384615384615
0 0.11177884615384616 0.9158653846153846 0.20793269230769232 0.13701923076923078
0 0.5120192307692307 0.21153846153846154 0.1346153846153846 0.14302884615384615
0 0.24879807692307693 0.15745192307692307 0.13221153846153846 0.125
0 0.9038461538461539 0.22596153846153846 0.1875 0.2980769230769231