0 0.35697115384615385 0.3713942307692308 0.25961538461538464 0.21754807692307693
0 0.08413461538461539 0.40625 0.16706730769230768 0.20192307692307693
0 0.11538461538461539 0.6225961538461539 0.2247596153846154 0.21033653846153846
0 0.8557692307692307 0.25961538461538464 0.1622596153846154 0.18509615384615385
0 0.6706730769230769 0.2668269230769231 0.13221153846153846 0.15745192307692307
0 0.6802884615384616 0.7283653846153846 0.2247596153846154 0.1778846153846154
0 0.34134615384615385 0.6334134615384616 0.22716346153846154 0.33774038461538464
0 0.46153846153846156 0.17548076923076922 0.1778846153846154 0.18028846153846154
0 0.8786057692307693 0.7463942307692307 0.10697115384615384 0.14783653846153846
0 0.6105769230769231 0.9326923076923077 0.3798076923076923 0.12980769230769232
0 0.2824519230769231 0.9555288461538461 0.23557692307692307 0.08533653846153846
0 0.08533653846153846 0.8966346153846154 0.16947115384615385 0.20192307692307693
0 0.47716346153846156 0.054086538461538464 0.21995192307692307 0.10216346153846154
0 0.18870192307692307 0.0985576923076923 0.25721153846153844 0.14783653846153846
0 0.1875 0.24759615384615385 0.1502403846153846 0.13942307692307693
0 0.9242788461538461 0.5036057692307693 0.14783653846153846 0.25240384615384615