0 0.22115384615384615 0.4182692307692308 0.13221153846153846 0.12740384615384615
0 0.06971153846153846 0.7259615384615384 0.13942307692307693 0.1875
0 0.28365384615384615 0.27283653846153844 0.12740384615384615 0.14543269230769232
0 0.6454326923076923 0.6394230769230769 0.09495192307692307 0.1346153846153846
0 0.6117788461538461 0.5228365384615384 0.12740384615384615 0.11057692307692307
0 0.31971153846153844 0.6274038461538461 0.11538461538461539 0.09975961538461539
0 0.5336538461538461 0.0733173076923077 0.09735576923076923 0.08774038461538461
0 0.7728365384615384 0.2091346153846154 0.08533653846153846 0.0829326923076923
0 0.4230769230769231 0.5264423076923077 0.22956730769230768 0.19230769230769232
0 0.25600961538461536 0.7836538461538461 0.15264423076923078 0.10697115384615384
0 0.23076923076923078 0.9194711538461539 0.22716346153846154 0.1502403846153846
0 0.04326923076923077 0.36538461538461536 0.08653846153846154 0.18269230769230768
0 0.9182692307692307 0.36538461538461536 0.15745192307692307 0.23557692307692307
0 0.9399038461538461 0.8317307692307693 0.11538461538461539 0.13701923076923078
0 0.7319711538461539 0.9302884615384616 0.15504807692307693 0.1346153846153846