0 0.40024038461538464 0.12379807692307693 0.15504807692307693 0.1622596153846154
0 0.06490384615384616 0.4651442307692308 0.12980769230769232 0.20552884615384615
0 0.5372596153846154 0.6778846153846154 0.11538461538461539 0.12980769230769232
0 0.6237980769230769 0.8701923076923077 0.4579326923076923 0.2548076923076923
0 0.7475961538461539 0.17427884615384615 0.16466346153846154 0.16706730769230768
0 0.7752403846153846 0.052884615384615384 0.16466346153846154 0.1045673076923077
0 0.9002403846153846 0.038461538461538464 0.08533653846153846 0.07692307692307693
0 0.9290865384615384 0.11778846153846154 0.10216346153846154 0.11057692307692307
0 0.9399038461538461 0.27283653846153844 0.11538461538461539 0.15985576923076922
0 0.8665865384615384 0.37259615384615385 0.09735576923076923 0.1045673076923077
0 0.9290865384615384 0.47475961538461536 0.13701923076923078 0.1502403846153846
0 0.9050480769230769 0.7644230769230769 0.18509615384615385 0.2548076923076923