0 0.2439903846153846 0.6129807692307693 0.12259615384615384 0.12980769230769232
0 0.40865384615384615 0.5805288461538461 0.12740384615384615 0.12980769230769232
0 0.33774038461538464 0.8990384615384616 0.16466346153846154 0.15264423076923078
0 0.625 0.8990384615384616 0.15985576923076922 0.14302884615384615
0 0.8846153846153846 0.8762019230769231 0.11538461538461539 0.11778846153846154
0 0.9254807692307693 0.6959134615384616 0.14543269230769232 0.2127403846153846
0 0.9074519230769231 0.2668269230769231 0.1346153846153846 0.24759615384615385
0 0.5384615384615384 0.4266826923076923 0.17307692307692307 0.1622596153846154
0 0.28966346153846156 0.3762019230769231 0.2800480769230769 0.3629807692307692
0 0.09615384615384616 0.2608173076923077 0.14302884615384615 0.13701923076923078
0 0.06129807692307692 0.5024038461538461 0.12259615384615384 0.18990384615384615