0 0.34615384615384615 0.14783653846153846 0.18269230769230768 0.17548076923076922
0 0.5360576923076923 0.13942307692307693 0.1622596153846154 0.15985576923076922
0 0.7475961538461539 0.056490384615384616 0.13942307692307693 0.09254807692307693
0 0.22716346153846154 0.5096153846153846 0.18509615384615385 0.17548076923076922
0 0.3088942307692308 0.9206730769230769 0.20793269230769232 0.15264423076923078
0 0.3713942307692308 0.7331730769230769 0.23197115384615385 0.24278846153846154
0 0.15985576923076922 0.9495192307692307 0.07451923076923077 0.08533653846153846
0 0.8846153846153846 0.8930288461538461 0.2247596153846154 0.21033653846153846
0 0.7151442307692307 0.5084134615384616 0.18028846153846154 0.17307692307692307
0 0.3894230769230769 0.38461538461538464 0.18990384615384615 0.19951923076923078
0 0.16105769230769232 0.12980769230769232 0.2127403846153846 0.2403846153846154
0 0.9206730769230769 0.6911057692307693 0.15264423076923078 0.20793269230769232