0 0.20673076923076922 0.23918269230769232 0.1778846153846154 0.16706730769230768
0 0.2512019230769231 0.4110576923076923 0.17307692307692307 0.16706730769230768
0 0.39663461538461536 0.3894230769230769 0.09735576923076923 0.1502403846153846
0 0.13701923076923078 0.47596153846153844 0.1502403846153846 0.16706730769230768
0 0.038461538461538464 0.40024038461538464 0.07692307692307693 0.1346153846153846
0 0.3581730769230769 0.6237980769230769 0.1875 0.1778846153846154
0 0.23798076923076922 0.9615384615384616 0.1346153846153846 0.07211538461538461
0 0.15264423076923078 0.7800480769230769 0.20552884615384615 0.19951923076923078
0 0.5745192307692307 0.5973557692307693 0.2548076923076923 0.21995192307692307
0 0.5324519230769231 0.8317307692307693 0.25961538461538464 0.19230769230769232
0 0.8233173076923077 0.8269230769230769 0.22716346153846154 0.24519230769230768
0 0.8978365384615384 0.5384615384615384 0.125 0.10697115384615384
0 0.9278846153846154 0.6466346153846154 0.09975961538461539 0.10216346153846154