0 0.2512019230769231 0.4411057692307692 0.14783653846153846 0.14783653846153846
0 0.0733173076923077 0.5216346153846154 0.0829326923076923 0.0829326923076923
0 0.1935096153846154 0.5384615384615384 0.07211538461538461 0.0673076923076923
0 0.3389423076923077 0.5132211538461539 0.10697115384615384 0.11778846153846154
0 0.625 0.5168269230769231 0.1502403846153846 0.15745192307692307
0 0.6358173076923077 0.6310096153846154 0.0829326923076923 0.07692307692307693
0 0.5853365384615384 0.7259615384615384 0.1346153846153846 0.13221153846153846
0 0.18028846153846154 0.17668269230769232 0.16466346153846154 0.1875
0 0.6538461538461539 0.20432692307692307 0.19230769230769232 0.1875
0 0.04567307692307692 0.2091346153846154 0.09134615384615384 0.1778846153846154
0 0.1310096153846154 0.055288461538461536 0.25721153846153844 0.11057692307692307
0 0.41466346153846156 0.09014423076923077 0.25 0.16947115384615385
0 0.9134615384615384 0.4567307692307692 0.0829326923076923 0.10216346153846154
0 0.9423076923076923 0.6153846153846154 0.07451923076923077 0.09014423076923077