0 0.29927884615384615 0.14783653846153846 0.15264423076923078 0.17548076923076922
0 0.4338942307692308 0.19831730769230768 0.14783653846153846 0.24759615384615385
0 0.3641826923076923 0.3389423076923077 0.15745192307692307 0.13221153846153846
0 0.1875 0.29927884615384615 0.18028846153846154 0.1875
0 0.15625 0.42788461538461536 0.15264423076923078 0.11057692307692307
0 0.2247596153846154 0.5348557692307693 0.11538461538461539 0.1201923076923077
0 0.25721153846153844 0.7019230769230769 0.16947115384615385 0.17548076923076922
0 0.4014423076923077 0.7548076923076923 0.11298076923076923 0.125
0 0.45072115384615385 0.8569711538461539 0.10697115384615384 0.11538461538461539
0 0.3293269230769231 0.8713942307692307 0.14783653846153846 0.16706730769230768
0 0.12259615384615384 0.90625 0.2403846153846154 0.18269230769230768
0 0.12740384615384615 0.5192307692307693 0.09014423076923077 0.07211538461538461
0 0.021634615384615384 0.43149038461538464 0.042067307692307696 0.13701923076923078