0 0.5060096153846154 0.06971153846153846 0.17307692307692307 0.13942307692307693
0 0.6802884615384616 0.07692307692307693 0.13942307692307693 0.14423076923076922
0 0.8016826923076923 0.09134615384615384 0.14783653846153846 0.1814903846153846
0 0.4579326923076923 0.20552884615384615 0.1201923076923077 0.13701923076923078
0 0.13942307692307693 0.25721153846153844 0.09495192307692307 0.109375
0 0.21754807692307693 0.06370192307692307 0.13942307692307693 0.12740384615384615
0 0.23798076923076922 0.2403846153846154 0.08533653846153846 0.08173076923076923
0 0.34975961538461536 0.26322115384615385 0.11057692307692307 0.11778846153846154
0 0.3557692307692308 0.8112980769230769 0.12259615384615384 0.08173076923076923
0 0.41466346153846156 0.9350961538461539 0.1346153846153846 0.1141826923076923
0 0.9002403846153846 0.5540865384615384 0.19471153846153846 0.2247596153846154
0 0.9290865384615384 0.8112980769230769 0.13701923076923078 0.2668269230769231
0 0.8389423076923077 0.2536057692307692 0.09735576923076923 0.08173076923076923
0 0.09134615384615384 0.5685096153846154 0.18269230769230768 0.2692307692307692