0 0.5360576923076923 0.054086538461538464 0.12259615384615384 0.10216346153846154
0 0.5901442307692307 0.22716346153846154 0.08533653846153846 0.09014423076923077
0 0.7091346153846154 0.25841346153846156 0.14783653846153846 0.15745192307692307
0 0.8822115384615384 0.35336538461538464 0.16466346153846154 0.16706730769230768
0 0.2956730769230769 0.3954326923076923 0.10697115384615384 0.1045673076923077
0 0.30408653846153844 0.09495192307692307 0.16706730769230768 0.18990384615384615
0 0.8076923076923077 0.1622596153846154 0.1502403846153846 0.16466346153846154
0 0.2668269230769231 0.6442307692307693 0.16706730769230768 0.18269230769230768
0 0.5168269230769231 0.6165865384615384 0.14783653846153846 0.15264423076923078
0 0.4543269230769231 0.25240384615384615 0.20793269230769232 0.21033653846153846
0 0.11298076923076923 0.9579326923076923 0.1201923076923077 0.08052884615384616
0 0.7427884615384616 0.7692307692307693 0.07451923076923077 0.10697115384615384
0 0.20192307692307693 0.8665865384615384 0.1045673076923077 0.11298076923076923
0 0.06610576923076923 0.5817307692307693 0.0673076923076923 0.07211538461538461
0 0.6610576923076923 0.4074519230769231 0.23197115384615385 0.16466346153846154
0 0.8894230769230769 0.0733173076923077 0.125 0.14302884615384615
0 0.9663461538461539 0.40865384615384615 0.0625 0.18269230769230768
0 0.9326923076923077 0.9074519230769231 0.12980769230769232 0.18028846153846154
0 0.47475961538461536 0.9242788461538461 0.08533653846153846 0.10697115384615384