0 0.5348557692307693 0.5216346153846154 0.15985576923076922 0.1778846153846154
0 0.7704326923076923 0.9110576923076923 0.16947115384615385 0.16706730769230768
0 0.6983173076923077 0.25 0.11298076923076923 0.09495192307692307
0 0.3713942307692308 0.2247596153846154 0.11298076923076923 0.09495192307692307
0 0.4182692307692308 0.11298076923076923 0.11298076923076923 0.1045673076923077
0 0.17427884615384615 0.1622596153846154 0.11778846153846154 0.11538461538461539
0 0.15504807692307693 0.6682692307692307 0.11057692307692307 0.11298076923076923
0 0.46634615384615385 0.8978365384615384 0.08774038461538461 0.09495192307692307
0 0.26322115384615385 0.6694711538461539 0.11778846153846154 0.1502403846153846
0 0.37740384615384615 0.46274038461538464 0.14543269230769232 0.125
0 0.5673076923076923 0.2644230769230769 0.1201923076923077 0.1502403846153846
0 0.14423076923076922 0.3894230769230769 0.13221153846153846 0.18509615384615385