0 0.5973557692307693 0.3629807692307692 0.12980769230769232 0.12980769230769232
0 0.9182692307692307 0.35336538461538464 0.15745192307692307 0.20793269230769232
0 0.10697115384615384 0.10096153846153846 0.19471153846153846 0.17307692307692307
0 0.030048076923076924 0.3329326923076923 0.06009615384615385 0.15504807692307693
0 0.0625 0.9254807692307693 0.1201923076923077 0.13942307692307693
0 0.4266826923076923 0.49158653846153844 0.15745192307692307 0.24278846153846154
0 0.7992788461538461 0.18990384615384615 0.13701923076923078 0.1201923076923077
0 0.44471153846153844 0.23677884615384615 0.21033653846153846 0.17307692307692307
0 0.13701923076923078 0.4411057692307692 0.16947115384615385 0.15745192307692307
0 0.0829326923076923 0.6009615384615384 0.15985576923076922 0.16706730769230768
0 0.4831730769230769 0.04807692307692308 0.15745192307692307 0.09495192307692307
0 0.6069711538461539 0.5721153846153846 0.19951923076923078 0.28966346153846156
0 0.6802884615384616 0.7680288461538461 0.1502403846153846 0.14543269230769232
0 0.8341346153846154 0.8545673076923077 0.12740384615384615 0.12980769230769232
0 0.26322115384615385 0.9098557692307693 0.2620192307692308 0.17548076923076922
0 0.7163461538461539 0.9423076923076923 0.13221153846153846 0.09495192307692307
0 0.3581730769230769 0.7055288461538461 0.1622596153846154 0.21514423076923078