0 0.05889423076923077 0.4579326923076923 0.11778846153846154 0.21514423076923078
0 0.5168269230769231 0.6778846153846154 0.14302884615384615 0.1346153846153846
0 0.625 0.8737980769230769 0.4855769230769231 0.23197115384615385
0 0.8894230769230769 0.7584134615384616 0.21514423076923078 0.2620192307692308
0 0.8365384615384616 0.5733173076923077 0.12259615384615384 0.10216346153846154
0 0.40625 0.1310096153846154 0.1622596153846154 0.14783653846153846
0 0.7415865384615384 0.1778846153846154 0.1622596153846154 0.13942307692307693
0 0.7824519230769231 0.051682692307692304 0.15504807692307693 0.10216346153846154
0 0.9026442307692307 0.039663461538461536 0.09375 0.07932692307692307
0 0.9350961538461539 0.1201923076923077 0.09495192307692307 0.08533653846153846
0 0.9182692307692307 0.26322115384615385 0.15745192307692307 0.19230769230769232
0 0.9134615384615384 0.47596153846153844 0.16706730769230768 0.14783653846153846
0 0.8425480769230769 0.3918269230769231 0.12980769230769232 0.11778846153846154