0 0.5817307692307693 0.3918269230769231 0.24278846153846154 0.32211538461538464
0 0.3737980769230769 0.6899038461538461 0.1971153846153846 0.3545673076923077
0 0.3557692307692308 0.1502403846153846 0.24759615384615385 0.20552884615384615
0 0.5649038461538461 0.1466346153846154 0.15985576923076922 0.15745192307692307
0 0.8846153846153846 0.4807692307692308 0.20552884615384615 0.20793269230769232
0 0.8954326923076923 0.8846153846153846 0.20552884615384615 0.20552884615384615
0 0.31490384615384615 0.9375 0.2247596153846154 0.1201923076923077
0 0.15144230769230768 0.9591346153846154 0.08774038461538461 0.07211538461538461
0 0.06129807692307692 0.3329326923076923 0.12259615384615384 0.125
0 0.21033653846153846 0.6478365384615384 0.125 0.1201923076923077
0 0.7524038461538461 0.055288461538461536 0.12980769230769232 0.11057692307692307
0 0.1658653846153846 0.12379807692307693 0.2127403846153846 0.21754807692307693