0 0.4987980769230769 0.17548076923076922 0.09735576923076923 0.08052884615384616
0 0.5060096153846154 0.2644230769230769 0.09254807692307693 0.09495192307692307
0 0.5072115384615384 0.3545673076923077 0.06009615384615385 0.055288461538461536
0 0.23076923076923078 0.44591346153846156 0.0829326923076923 0.04807692307692308
0 0.13341346153846154 0.48677884615384615 0.0673076923076923 0.07211538461538461
0 0.12379807692307693 0.5793269230769231 0.057692307692307696 0.052884615384615384
0 0.8389423076923077 0.5769230769230769 0.07692307692307693 0.055288461538461536
0 0.5673076923076923 0.8209134615384616 0.06490384615384616 0.07692307692307693
0 0.9675480769230769 0.7451923076923077 0.06009615384615385 0.06490384615384616
0 0.8858173076923077 0.15865384615384615 0.04807692307692308 0.04807692307692308
0 0.6899038461538461 0.2644230769230769 0.08052884615384616 0.07451923076923077
0 0.35096153846153844 0.4579326923076923 0.07692307692307693 0.06971153846153846
0 0.07932692307692307 0.8064903846153846 0.04807692307692308 0.042067307692307696
0 0.19471153846153846 0.8353365384615384 0.04447115384615385 0.05048076923076923
0 0.042067307692307696 0.1502403846153846 0.05048076923076923 0.05048076923076923
0 0.19471153846153846 0.20432692307692307 0.055288461538461536 0.0625