0 0.44591346153846156 0.2860576923076923 0.052884615384615384 0.052884615384615384
0 0.5072115384615384 0.8269230769230769 0.04447115384615385 0.04447115384615385
0 0.30649038461538464 0.8617788461538461 0.057692307692307696 0.052884615384615384
0 0.6382211538461539 0.3798076923076923 0.042067307692307696 0.05048076923076923
0 0.21754807692307693 0.8449519230769231 0.055288461538461536 0.055288461538461536
0 0.7379807692307693 0.19471153846153846 0.055288461538461536 0.055288461538461536
0 0.26322115384615385 0.26322115384615385 0.037259615384615384 0.042067307692307696
0 0.06490384615384616 0.10576923076923077 0.04447115384615385 0.042067307692307696
0 0.026442307692307692 0.4855769230769231 0.04807692307692308 0.055288461538461536
0 0.7992788461538461 0.49399038461538464 0.0625 0.0625
0 0.90625 0.2920673076923077 0.052884615384615384 0.055288461538461536
0 0.8317307692307693 0.5841346153846154 0.07692307692307693 0.0829326923076923