0 0.3545673076923077 0.41466346153846156 0.07451923076923077 0.07451923076923077
0 0.5024038461538461 0.7163461538461539 0.05048076923076923 0.052884615384615384
0 0.6887019230769231 0.6790865384615384 0.0625 0.057692307692307696
0 0.8978365384615384 0.5384615384615384 0.05048076923076923 0.04807692307692308
0 0.7764423076923077 0.16466346153846154 0.057692307692307696 0.05048076923076923
0 0.10817307692307693 0.8425480769230769 0.04807692307692308 0.05048076923076923
0 0.15745192307692307 0.9158653846153846 0.05048076923076923 0.04807692307692308
0 0.0829326923076923 0.7319711538461539 0.055288461538461536 0.055288461538461536
0 0.07091346153846154 0.5096153846153846 0.052884615384615384 0.05048076923076923
0 0.23317307692307693 0.14783653846153846 0.052884615384615384 0.05048076923076923
0 0.4423076923076923 0.27403846153846156 0.04447115384615385 0.042067307692307696