0 0.13221153846153846 0.2620192307692308 0.055288461538461536 0.06490384615384616
0 0.5913461538461539 0.5024038461538461 0.0673076923076923 0.06971153846153846
0 0.5841346153846154 0.4387019230769231 0.0673076923076923 0.0673076923076923
0 0.1346153846153846 0.18028846153846154 0.08052884615384616 0.07451923076923077
0 0.13942307692307693 0.11538461538461539 0.07451923076923077 0.07451923076923077
0 0.12620192307692307 0.8810096153846154 0.07692307692307693 0.09254807692307693
0 0.9579326923076923 0.4735576923076923 0.07451923076923077 0.08774038461538461
0 0.90625 0.75 0.052884615384615384 0.055288461538461536
0 0.8990384615384616 0.8557692307692307 0.09254807692307693 0.09735576923076923
0 0.0889423076923077 0.054086538461538464 0.07692307692307693 0.0625
0 0.5600961538461539 0.03485576923076923 0.07451923076923077 0.06971153846153846