0 0.3942307692307692 0.28125 0.057692307692307696 0.0673076923076923
0 0.5480769230769231 0.7463942307692307 0.06971153846153846 0.0625
0 0.5084134615384616 0.5637019230769231 0.07211538461538461 0.0829326923076923
0 0.5901442307692307 0.6478365384615384 0.06971153846153846 0.08533653846153846
0 0.7524038461538461 0.8509615384615384 0.05048076923076923 0.04807692307692308
0 0.8064903846153846 0.8557692307692307 0.057692307692307696 0.0673076923076923
0 0.6322115384615384 0.3786057692307692 0.055288461538461536 0.07692307692307693
0 0.41466346153846156 0.36899038461538464 0.055288461538461536 0.0673076923076923
0 0.6189903846153846 0.20673076923076922 0.04807692307692308 0.057692307692307696
0 0.8197115384615384 0.5913461538461539 0.039663461538461536 0.037259615384615384
0 0.24879807692307693 0.4699519230769231 0.04807692307692308 0.05048076923076923
0 0.42427884615384615 0.8305288461538461 0.07211538461538461 0.06971153846153846
0 0.10697115384615384 0.8677884615384616 0.05048076923076923 0.06490384615384616