0 0.47596153846153844 0.5336538461538461 0.0625 0.0625
0 0.5649038461538461 0.3076923076923077 0.07451923076923077 0.07451923076923077
0 0.9110576923076923 0.10336538461538461 0.04807692307692308 0.04807692307692308
0 0.8786057692307693 0.8353365384615384 0.0673076923076923 0.06971153846153846
0 0.18389423076923078 0.7872596153846154 0.04807692307692308 0.05048076923076923
0 0.15384615384615385 0.8954326923076923 0.04807692307692308 0.05048076923076923
0 0.12740384615384615 0.6334134615384616 0.04447115384615385 0.042067307692307696
0 0.1658653846153846 0.18629807692307693 0.0625 0.0625
0 0.8401442307692307 0.36658653846153844 0.06009615384615385 0.057692307692307696
0 0.8064903846153846 0.6225961538461539 0.057692307692307696 0.06490384615384616
0 0.7884615384615384 0.8233173076923077 0.052884615384615384 0.04807692307692308
0 0.5769230769230769 0.9543269230769231 0.05048076923076923 0.052884615384615384
0 0.4675480769230769 0.7584134615384616 0.055288461538461536 0.057692307692307696
0 0.2668269230769231 0.7644230769230769 0.037259615384615384 0.039663461538461536
0 0.12980769230769232 0.7283653846153846 0.05048076923076923 0.04807692307692308
0 0.07572115384615384 0.8521634615384616 0.04807692307692308 0.04447115384615385
0 0.15865384615384615 0.4891826923076923 0.04807692307692308 0.057692307692307696
0 0.5588942307692307 0.12379807692307693 0.052884615384615384 0.04807692307692308
0 0.04326923076923077 0.11899038461538461 0.04807692307692308 0.04807692307692308