0 0.5997596153846154 0.5877403846153846 0.06490384615384616 0.06009615384615385
0 0.4651442307692308 0.7079326923076923 0.06490384615384616 0.06009615384615385
0 0.3954326923076923 0.7608173076923077 0.055288461538461536 0.052884615384615384
0 0.2956730769230769 0.8413461538461539 0.057692307692307696 0.057692307692307696
0 0.35216346153846156 0.9699519230769231 0.07451923076923077 0.055288461538461536
0 0.5348557692307693 0.23798076923076922 0.08533653846153846 0.06490384615384616
0 0.8605769230769231 0.12139423076923077 0.09014423076923077 0.09254807692307693
0 0.8245192307692307 0.27884615384615385 0.07451923076923077 0.08774038461538461
0 0.6526442307692307 0.8894230769230769 0.06490384615384616 0.07451923076923077
0 0.41586538461538464 0.5817307692307693 0.0625 0.0625
0 0.18990384615384615 0.03245192307692308 0.07451923076923077 0.06009615384615385
0 0.8870192307692307 0.7487980769230769 0.055288461538461536 0.0673076923076923
0 0.9507211538461539 0.5769230769230769 0.0625 0.06009615384615385
0 0.5961538461538461 0.4879807692307692 0.07211538461538461 0.07451923076923077
0 0.5817307692307693 0.10336538461538461 0.07211538461538461 0.07211538461538461