0 0.11177884615384616 0.46033653846153844 0.057692307692307696 0.06009615384615385
0 0.3894230769230769 0.43028846153846156 0.08533653846153846 0.07451923076923077
0 0.2692307692307692 0.8233173076923077 0.08774038461538461 0.07692307692307693
0 0.08774038461538461 0.8569711538461539 0.055288461538461536 0.06009615384615385
0 0.47596153846153844 0.09134615384615384 0.07692307692307693 0.0625
0 0.5300480769230769 0.13341346153846154 0.09495192307692307 0.07211538461538461
0 0.6225961538461539 0.12139423076923077 0.07451923076923077 0.0625
0 0.6442307692307693 0.33533653846153844 0.052884615384615384 0.06009615384615385
0 0.8834134615384616 0.4230769230769231 0.0673076923076923 0.08052884615384616
0 0.7740384615384616 0.08653846153846154 0.07692307692307693 0.07211538461538461
0 0.1658653846153846 0.06129807692307692 0.057692307692307696 0.0625
0 0.09975961538461539 0.17067307692307693 0.06971153846153846 0.0625
0 0.7896634615384616 0.2848557692307692 0.07451923076923077 0.08052884615384616