0 0.3858173076923077 0.31850961538461536 0.0625 0.057692307692307696
0 0.38221153846153844 0.5348557692307693 0.06009615384615385 0.06009615384615385
0 0.8918269230769231 0.8269230769230769 0.10697115384615384 0.09975961538461539
0 0.8725961538461539 0.5925480769230769 0.09975961538461539 0.11538461538461539
0 0.43028846153846156 0.6778846153846154 0.05048076923076923 0.05048076923076923
0 0.18509615384615385 0.9026442307692307 0.07451923076923077 0.06971153846153846
0 0.039663461538461536 0.5877403846153846 0.07451923076923077 0.06009615384615385
0 0.09254807692307693 0.31850961538461536 0.055288461538461536 0.057692307692307696
0 0.10096153846153846 0.2644230769230769 0.052884615384615384 0.05048076923076923
0 0.4855769230769231 0.055288461538461536 0.06009615384615385 0.04447115384615385
0 0.7019230769230769 0.030048076923076924 0.06009615384615385 0.06009615384615385
0 0.5649038461538461 0.26322115384615385 0.06490384615384616 0.052884615384615384
0 0.5060096153846154 0.4206730769230769 0.07211538461538461 0.0829326923076923
0 0.17908653846153846 0.5733173076923077 0.0673076923076923 0.0625
0 0.12740384615384615 0.6514423076923077 0.06971153846153846 0.0673076923076923
0 0.03125 0.40384615384615385 0.0625 0.07211538461538461
0 0.06009615384615385 0.21875 0.055288461538461536 0.057692307692307696
0 0.7692307692307693 0.8329326923076923 0.07211538461538461 0.06971153846153846
0 0.054086538461538464 0.8894230769230769 0.07692307692307693 0.06971153846153846