0 0.5985576923076923 0.2620192307692308 0.0829326923076923 0.08533653846153846
0 0.3954326923076923 0.5300480769230769 0.08052884615384616 0.06490384615384616
0 0.4879807692307692 0.7151442307692307 0.06490384615384616 0.06009615384615385
0 0.7211538461538461 0.4230769230769231 0.0625 0.06009615384615385
0 0.9278846153846154 0.15745192307692307 0.11538461538461539 0.1045673076923077
0 0.13221153846153846 0.4326923076923077 0.06490384615384616 0.06490384615384616
0 0.0625 0.17307692307692307 0.06490384615384616 0.06009615384615385
0 0.4387019230769231 0.1622596153846154 0.0673076923076923 0.06971153846153846
0 0.5757211538461539 0.39783653846153844 0.08774038461538461 0.09495192307692307
0 0.46634615384615385 0.6153846153846154 0.09254807692307693 0.09495192307692307
0 0.6754807692307693 0.3329326923076923 0.055288461538461536 0.05048076923076923
0 0.8209134615384616 0.17067307692307693 0.07692307692307693 0.0829326923076923
0 0.8413461538461539 0.40625 0.09254807692307693 0.08774038461538461