0 0.35096153846153844 0.27524038461538464 0.07211538461538461 0.06009615384615385
0 0.2764423076923077 0.31971153846153844 0.057692307692307696 0.039663461538461536
0 0.28365384615384615 0.16346153846153846 0.07211538461538461 0.0829326923076923
0 0.1201923076923077 0.14543269230769232 0.07451923076923077 0.06490384615384616
0 0.15865384615384615 0.46875 0.0625 0.04807692307692308
0 0.2860576923076923 0.6141826923076923 0.12259615384615384 0.12259615384615384
0 0.8413461538461539 0.5769230769230769 0.0625 0.06009615384615385
0 0.5901442307692307 0.41225961538461536 0.055288461538461536 0.04447115384615385
0 0.7620192307692307 0.6454326923076923 0.04447115384615385 0.039663461538461536
0 0.28966346153846156 0.8954326923076923 0.06490384615384616 0.06009615384615385
0 0.036057692307692304 0.9362980769230769 0.07211538461538461 0.07211538461538461
0 0.8461538461538461 0.3473557692307692 0.057692307692307696 0.039663461538461536
0 0.8954326923076923 0.24879807692307693 0.055288461538461536 0.042067307692307696
0 0.7403846153846154 0.07451923076923077 0.055288461538461536 0.05048076923076923
0 0.2824519230769231 0.7980769230769231 0.055288461538461536 0.05048076923076923
0 0.46274038461538464 0.7908653846153846 0.06009615384615385 0.0673076923076923
0 0.9338942307692307 0.7848557692307693 0.057692307692307696 0.055288461538461536
0 0.8377403846153846 0.7463942307692307 0.06971153846153846 0.052884615384615384
0 0.8016826923076923 0.45552884615384615 0.0625 0.04447115384615385
0 0.35216346153846156 0.36778846153846156 0.05048076923076923 0.04447115384615385
0 0.5877403846153846 0.18990384615384615 0.1045673076923077 0.1045673076923077
0 0.13581730769230768 0.7319711538461539 0.07692307692307693 0.06971153846153846