0 0.3954326923076923 0.8653846153846154 0.09975961538461539 0.09014423076923077
0 0.48197115384615385 0.5973557692307693 0.11538461538461539 0.1045673076923077
0 0.22355769230769232 0.4050480769230769 0.10216346153846154 0.08533653846153846
0 0.6141826923076923 0.5 0.07211538461538461 0.08052884615384616
0 0.7295673076923077 0.17067307692307693 0.08533653846153846 0.07692307692307693
0 0.4483173076923077 0.34615384615384615 0.09254807692307693 0.08774038461538461
0 0.7800480769230769 0.5588942307692307 0.08533653846153846 0.0829326923076923
0 0.8521634615384616 0.7668269230769231 0.1045673076923077 0.10697115384615384
0 0.8401442307692307 0.12139423076923077 0.08052884615384616 0.08774038461538461
0 0.9266826923076923 0.2644230769230769 0.07692307692307693 0.08052884615384616
0 0.5661057692307693 0.13341346153846154 0.10216346153846154 0.09254807692307693
0 0.22716346153846154 0.0829326923076923 0.07451923076923077 0.07451923076923077
0 0.6009615384615384 0.8004807692307693 0.10216346153846154 0.08052884615384616
0 0.8581730769230769 0.5096153846153846 0.0673076923076923 0.06971153846153846
0 0.2512019230769231 0.2403846153846154 0.0829326923076923 0.06971153846153846
0 0.08774038461538461 0.33533653846153844 0.09495192307692307 0.09014423076923077
0 0.13341346153846154 0.9567307692307693 0.08774038461538461 0.052884615384615384
0 0.4423076923076923 0.24158653846153846 0.07451923076923077 0.07211538461538461
0 0.11057692307692307 0.10697115384615384 0.06971153846153846 0.07451923076923077
0 0.04807692307692308 0.18509615384615385 0.08533653846153846 0.08052884615384616
0 0.5120192307692307 0.21875 0.06971153846153846 0.057692307692307696
0 0.5985576923076923 0.5745192307692307 0.08774038461538461 0.09014423076923077
0 0.8629807692307693 0.04326923076923077 0.08052884615384616 0.0673076923076923
0 0.31971153846153844 0.5973557692307693 0.09495192307692307 0.08533653846153846
0 0.3557692307692308 0.3870192307692308 0.07692307692307693 0.07451923076923077