0 0.24759615384615385 0.33533653846153844 0.06490384615384616 0.06490384615384616
0 0.40024038461538464 0.40625 0.08052884615384616 0.07211538461538461
0 0.7283653846153846 0.5216346153846154 0.0673076923076923 0.052884615384615384
0 0.8641826923076923 0.6466346153846154 0.052884615384615384 0.052884615384615384
0 0.8882211538461539 0.5961538461538461 0.0673076923076923 0.057692307692307696
0 0.1778846153846154 0.5673076923076923 0.055288461538461536 0.06009615384615385
0 0.4963942307692308 0.8762019230769231 0.07211538461538461 0.07211538461538461
0 0.9555288461538461 0.8545673076923077 0.05048076923076923 0.05048076923076923
0 0.35697115384615385 0.23197115384615385 0.06009615384615385 0.055288461538461536
0 0.44711538461538464 0.038461538461538464 0.06490384615384616 0.057692307692307696
0 0.8858173076923077 0.24158653846153846 0.057692307692307696 0.057692307692307696
0 0.06009615384615385 0.1935096153846154 0.05048076923076923 0.052884615384615384