0 0.32211538461538464 0.3125 0.06490384615384616 0.06971153846153846
0 0.13221153846153846 0.24278846153846154 0.06971153846153846 0.06971153846153846
0 0.23076923076923078 0.43990384615384615 0.04807692307692308 0.04447115384615385
0 0.14302884615384615 0.49278846153846156 0.05048076923076923 0.05048076923076923
0 0.22716346153846154 0.5276442307692307 0.04447115384615385 0.055288461538461536
0 0.8473557692307693 0.5637019230769231 0.06009615384615385 0.04807692307692308
0 0.5745192307692307 0.8185096153846154 0.05048076923076923 0.057692307692307696
0 0.3858173076923077 0.7860576923076923 0.037259615384615384 0.042067307692307696
0 0.13221153846153846 0.7211538461538461 0.055288461538461536 0.057692307692307696
0 0.07692307692307693 0.7980769230769231 0.03485576923076923 0.039663461538461536
0 0.6971153846153846 0.7451923076923077 0.055288461538461536 0.055288461538461536
0 0.5132211538461539 0.3473557692307692 0.04807692307692308 0.04447115384615385
0 0.4987980769230769 0.17307692307692307 0.07211538461538461 0.08052884615384616
0 0.2956730769230769 0.09014423076923077 0.057692307692307696 0.05048076923076923
0 0.9194711538461539 0.037259615384615384 0.06971153846153846 0.06009615384615385
0 0.11177884615384616 0.13822115384615385 0.057692307692307696 0.052884615384615384
0 0.04326923076923077 0.026442307692307692 0.04807692307692308 0.052884615384615384
0 0.030048076923076924 0.6274038461538461 0.04447115384615385 0.05048076923076923
0 0.7704326923076923 0.4543269230769231 0.05048076923076923 0.04807692307692308
0 0.8064903846153846 0.2283653846153846 0.042067307692307696 0.04807692307692308
0 0.4170673076923077 0.2403846153846154 0.03485576923076923 0.039663461538461536
0 0.6370192307692307 0.014423076923076924 0.057692307692307696 0.028846153846153848