0 0.7271634615384616 0.3786057692307692 0.07451923076923077 0.0625
0 0.5961538461538461 0.6971153846153846 0.0625 0.06490384615384616
0 0.5480769230769231 0.8786057692307693 0.06971153846153846 0.0625
0 0.39903846153846156 0.6574519230769231 0.0625 0.05048076923076923
0 0.25721153846153844 0.6670673076923077 0.08052884615384616 0.06971153846153846
0 0.24278846153846154 0.4807692307692308 0.055288461538461536 0.052884615384615384
0 0.21153846153846154 0.3317307692307692 0.0673076923076923 0.0625
0 0.7259615384615384 0.21153846153846154 0.0625 0.052884615384615384
0 0.8822115384615384 0.7560096153846154 0.06490384615384616 0.057692307692307696
0 0.2824519230769231 0.7896634615384616 0.055288461538461536 0.06490384615384616
0 0.13581730769230768 0.7271634615384616 0.04807692307692308 0.055288461538461536
0 0.11057692307692307 0.42788461538461536 0.04447115384615385 0.04447115384615385
0 0.13942307692307693 0.45552884615384615 0.06009615384615385 0.055288461538461536
0 0.06850961538461539 0.30408653846153844 0.0625 0.057692307692307696
0 0.8052884615384616 0.18269230769230768 0.06009615384615385 0.06971153846153846
0 0.6466346153846154 0.5949519230769231 0.07211538461538461 0.06009615384615385
0 0.9026442307692307 0.8701923076923077 0.08533653846153846 0.11057692307692307
0 0.7896634615384616 0.7644230769230769 0.055288461538461536 0.05048076923076923
0 0.28365384615384615 0.8677884615384616 0.0625 0.06009615384615385
0 0.125 0.9411057692307693 0.06490384615384616 0.057692307692307696