0 0.3233173076923077 0.5324519230769231 0.0625 0.06971153846153846
0 0.40384615384615385 0.5564903846153846 0.0829326923076923 0.0673076923076923
0 0.7475961538461539 0.33774038461538464 0.07451923076923077 0.08533653846153846
0 0.5348557692307693 0.7367788461538461 0.055288461538461536 0.052884615384615384
0 0.13701923076923078 0.6778846153846154 0.08052884615384616 0.07451923076923077
0 0.030048076923076924 0.24879807692307693 0.06009615384615385 0.07692307692307693
0 0.5348557692307693 0.4519230769230769 0.06490384615384616 0.06490384615384616
0 0.8774038461538461 0.36538461538461536 0.06490384615384616 0.07451923076923077
0 0.45913461538461536 0.07572115384615384 0.07692307692307693 0.057692307692307696
0 0.20552884615384615 0.4098557692307692 0.06490384615384616 0.08052884615384616
0 0.5745192307692307 0.9603365384615384 0.06009615384615385 0.05048076923076923
0 0.2848557692307692 0.8197115384615384 0.09014423076923077 0.11538461538461539