0 0.2932692307692308 0.3701923076923077 0.10216346153846154 0.11538461538461539
0 0.21634615384615385 0.49158653846153844 0.11298076923076923 0.10216346153846154
0 0.10697115384615384 0.20793269230769232 0.1502403846153846 0.12980769230769232
0 0.23317307692307693 0.20552884615384615 0.10697115384615384 0.12980769230769232
0 0.6923076923076923 0.5048076923076923 0.18990384615384615 0.15985576923076922
0 0.34375 0.6334134615384616 0.15264423076923078 0.10216346153846154
0 0.1971153846153846 0.6105769230769231 0.1045673076923077 0.09495192307692307
0 0.14903846153846154 0.3473557692307692 0.12259615384615384 0.11538461538461539
0 0.7175480769230769 0.19591346153846154 0.11057692307692307 0.11778846153846154
0 0.8894230769230769 0.6742788461538461 0.1201923076923077 0.11778846153846154
0 0.6670673076923077 0.9242788461538461 0.09975961538461539 0.10216346153846154
0 0.19591346153846154 0.8762019230769231 0.1971153846153846 0.13221153846153846
0 0.7992788461538461 0.0625 0.22716346153846154 0.09975961538461539
0 0.9471153846153846 0.3269230769230769 0.09975961538461539 0.09975961538461539