0 0.37740384615384615 0.22355769230769232 0.08052884615384616 0.07692307692307693
0 0.2956730769230769 0.5793269230769231 0.0829326923076923 0.10216346153846154
0 0.20673076923076922 0.2692307692307692 0.09254807692307693 0.07692307692307693
0 0.5444711538461539 0.16105769230769232 0.055288461538461536 0.04807692307692308
0 0.5456730769230769 0.6983173076923077 0.08774038461538461 0.07211538461538461
0 0.27283653846153844 0.7355769230769231 0.06490384615384616 0.055288461538461536
0 0.3701923076923077 0.9302884615384616 0.055288461538461536 0.05048076923076923
0 0.08533653846153846 0.36899038461538464 0.09014423076923077 0.0673076923076923
0 0.6983173076923077 0.25 0.0625 0.08052884615384616
0 0.8401442307692307 0.21033653846153846 0.06490384615384616 0.06490384615384616
0 0.8052884615384616 0.7752403846153846 0.06009615384615385 0.06009615384615385
0 0.8966346153846154 0.7776442307692307 0.057692307692307696 0.04447115384615385