0 0.3701923076923077 0.43509615384615385 0.05048076923076923 0.055288461538461536
0 0.6069711538461539 0.4987980769230769 0.06971153846153846 0.057692307692307696
0 0.6382211538461539 0.3161057692307692 0.057692307692307696 0.0673076923076923
0 0.7524038461538461 0.375 0.05048076923076923 0.05048076923076923
0 0.9098557692307693 0.21153846153846154 0.04447115384615385 0.04807692307692308
0 0.20072115384615385 0.43990384615384615 0.057692307692307696 0.04447115384615385
0 0.20432692307692307 0.9519230769230769 0.057692307692307696 0.05048076923076923
0 0.24639423076923078 0.8798076923076923 0.03245192307692308 0.039663461538461536
0 0.43149038461538464 0.6526442307692307 0.057692307692307696 0.055288461538461536
0 0.4050480769230769 0.8173076923076923 0.04447115384615385 0.04447115384615385
0 0.3545673076923077 0.8834134615384616 0.04447115384615385 0.04807692307692308
0 0.7115384615384616 0.9675480769230769 0.052884615384615384 0.055288461538461536
0 0.4338942307692308 0.42908653846153844 0.03245192307692308 0.03245192307692308
0 0.7560096153846154 0.4639423076923077 0.07692307692307693 0.0673076923076923
0 0.6754807692307693 0.7692307692307693 0.05048076923076923 0.04807692307692308
0 0.4987980769230769 0.5697115384615384 0.052884615384615384 0.04447115384615385
0 0.4987980769230769 0.8245192307692307 0.0673076923076923 0.055288461538461536
0 0.5576923076923077 0.9194711538461539 0.055288461538461536 0.05048076923076923
0 0.5540865384615384 0.6358173076923077 0.04807692307692308 0.04807692307692308