0 0.45552884615384615 0.2980769230769231 0.055288461538461536 0.05048076923076923
0 0.8004807692307693 0.5024038461538461 0.06009615384615385 0.06490384615384616
0 0.7992788461538461 0.6334134615384616 0.0625 0.057692307692307696
0 0.8966346153846154 0.6105769230769231 0.057692307692307696 0.05048076923076923
0 0.19110576923076922 0.7223557692307693 0.07692307692307693 0.055288461538461536
0 0.22355769230769232 0.8533653846153846 0.0625 0.0625
0 0.22355769230769232 0.2439903846153846 0.052884615384615384 0.04807692307692308
0 0.27283653846153844 0.2764423076923077 0.04447115384615385 0.04807692307692308
0 0.13942307692307693 0.24519230769230768 0.06490384615384616 0.055288461538461536
0 0.5973557692307693 0.28365384615384615 0.06009615384615385 0.057692307692307696
0 0.5528846153846154 0.3425480769230769 0.05048076923076923 0.05048076923076923
0 0.7487980769230769 0.21033653846153846 0.0673076923076923 0.07451923076923077
0 0.7055288461538461 0.10697115384615384 0.06490384615384616 0.055288461538461536
0 0.8028846153846154 0.027644230769230768 0.06490384615384616 0.04447115384615385
0 0.5096153846153846 0.8377403846153846 0.05048076923076923 0.04447115384615385