0 0.026442307692307692 0.5673076923076923 0.052884615384615384 0.03485576923076923
0 0.4675480769230769 0.36177884615384615 0.055288461538461536 0.04807692307692308
0 0.19951923076923078 0.7019230769230769 0.03485576923076923 0.03485576923076923
0 0.2403846153846154 0.6802884615384616 0.030048076923076924 0.03485576923076923
0 0.3737980769230769 0.9026442307692307 0.037259615384615384 0.03485576923076923
0 0.7139423076923077 0.6959134615384616 0.03245192307692308 0.03245192307692308
0 0.6983173076923077 0.5949519230769231 0.03245192307692308 0.03485576923076923
0 0.5865384615384616 0.5961538461538461 0.037259615384615384 0.03245192307692308
0 0.6971153846153846 0.2127403846153846 0.03485576923076923 0.03485576923076923
0 0.5360576923076923 0.040865384615384616 0.04807692307692308 0.042067307692307696
0 0.8028846153846154 0.06129807692307692 0.030048076923076924 0.027644230769230768
0 0.2800480769230769 0.43028846153846156 0.03485576923076923 0.03485576923076923
0 0.9603365384615384 0.7103365384615384 0.03485576923076923 0.03485576923076923
0 0.8569711538461539 0.7884615384615384 0.03485576923076923 0.03245192307692308
0 0.7307692307692307 0.8930288461538461 0.03245192307692308 0.03485576923076923