0 0.7055288461538461 0.3870192307692308 0.07451923076923077 0.06971153846153846
0 0.6298076923076923 0.5757211538461539 0.11057692307692307 0.09735576923076923
0 0.43028846153846156 0.7728365384615384 0.09495192307692307 0.08052884615384616
0 0.33774038461538464 0.8413461538461539 0.11057692307692307 0.09735576923076923
0 0.5625 0.2764423076923077 0.06009615384615385 0.052884615384615384
0 0.3449519230769231 0.3269230769230769 0.09975961538461539 0.09014423076923077
0 0.1814903846153846 0.8858173076923077 0.0625 0.0625
0 0.6682692307692307 0.0889423076923077 0.0625 0.052884615384615384
0 0.8810096153846154 0.7932692307692307 0.07211538461538461 0.07211538461538461
0 0.22355769230769232 0.13942307692307693 0.07211538461538461 0.055288461538461536
0 0.06610576923076923 0.8545673076923077 0.057692307692307696 0.06009615384615385