0 0.5973557692307693 0.25240384615384615 0.09975961538461539 0.07451923076923077
0 0.5697115384615384 0.19110576923076922 0.08052884615384616 0.07211538461538461
0 0.5745192307692307 0.3858173076923077 0.09495192307692307 0.10697115384615384
0 0.7608173076923077 0.5985576923076923 0.07692307692307693 0.07211538461538461
0 0.8846153846153846 0.6574519230769231 0.08533653846153846 0.06971153846153846
0 0.6778846153846154 0.8533653846153846 0.08533653846153846 0.0673076923076923
0 0.4891826923076923 0.7019230769230769 0.08774038461538461 0.07451923076923077
0 0.8689903846153846 0.8653846153846154 0.0829326923076923 0.06009615384615385
0 0.8257211538461539 0.3918269230769231 0.08774038461538461 0.07211538461538461
0 0.23798076923076922 0.29447115384615385 0.1201923076923077 0.08533653846153846
0 0.5649038461538461 0.1201923076923077 0.09495192307692307 0.06009615384615385
0 0.42788461538461536 0.16346153846153846 0.08052884615384616 0.07692307692307693
0 0.8197115384615384 0.16706730769230768 0.09975961538461539 0.09014423076923077