0 0.16826923076923078 0.5096153846153846 0.0625 0.08533653846153846
0 0.5360576923076923 0.6814903846153846 0.0625 0.0625
0 0.4026442307692308 0.8173076923076923 0.05048076923076923 0.04447115384615385
0 0.8185096153846154 0.48677884615384615 0.052884615384615384 0.0625
0 0.4375 0.4411057692307692 0.08052884615384616 0.07692307692307693
0 0.71875 0.03365384615384615 0.057692307692307696 0.057692307692307696
0 0.8100961538461539 0.07211538461538461 0.09495192307692307 0.09495192307692307
0 0.13581730769230768 0.04326923076923077 0.04807692307692308 0.04807692307692308
0 0.19230769230769232 0.03125 0.06009615384615385 0.057692307692307696
0 0.4543269230769231 0.9014423076923077 0.0673076923076923 0.07692307692307693
0 0.8365384615384616 0.8990384615384616 0.057692307692307696 0.052884615384615384
0 0.2824519230769231 0.5444711538461539 0.09975961538461539 0.08533653846153846
0 0.7235576923076923 0.36177884615384615 0.0625 0.0673076923076923
0 0.8016826923076923 0.3245192307692308 0.0625 0.06009615384615385
0 0.7259615384615384 0.1622596153846154 0.052884615384615384 0.05048076923076923
0 0.43149038461538464 0.06610576923076923 0.057692307692307696 0.04807692307692308