0 0.53125 0.25 0.0829326923076923 0.06490384615384616
0 0.8485576923076923 0.1466346153846154 0.0673076923076923 0.07211538461538461
0 0.5805288461538461 0.1201923076923077 0.06971153846153846 0.06490384615384616
0 0.18269230769230768 0.04927884615384615 0.06009615384615385 0.052884615384615384
0 0.24639423076923078 0.125 0.07211538461538461 0.06009615384615385
0 0.10817307692307693 0.41947115384615385 0.07211538461538461 0.06009615384615385
0 0.29447115384615385 0.8569711538461539 0.06490384615384616 0.06009615384615385
0 0.4579326923076923 0.7259615384615384 0.07451923076923077 0.0673076923076923
0 0.6442307692307693 0.90625 0.0673076923076923 0.0673076923076923
0 0.7175480769230769 0.7512019230769231 0.06009615384615385 0.0673076923076923
0 0.5853365384615384 0.4951923076923077 0.06971153846153846 0.06490384615384616
0 0.8161057692307693 0.37740384615384615 0.07211538461538461 0.06490384615384616
0 0.8149038461538461 0.6298076923076923 0.055288461538461536 0.06009615384615385
0 0.8774038461538461 0.7788461538461539 0.055288461538461536 0.057692307692307696
0 0.9423076923076923 0.5997596153846154 0.06009615384615385 0.06009615384615385
0 0.1045673076923077 0.2956730769230769 0.05048076923076923 0.057692307692307696