0 0.28125 0.15865384615384615 0.09254807692307693 0.07211538461538461
0 0.12860576923076922 0.13822115384615385 0.10216346153846154 0.07692307692307693
0 0.027644230769230768 0.13822115384615385 0.055288461538461536 0.052884615384615384
0 0.2860576923076923 0.6201923076923077 0.13701923076923078 0.125
0 0.7680288461538461 0.6394230769230769 0.04447115384615385 0.055288461538461536
0 0.8425480769230769 0.5733173076923077 0.07451923076923077 0.07692307692307693
0 0.59375 0.34615384615384615 0.08774038461538461 0.07692307692307693
0 0.03365384615384615 0.7235576923076923 0.0673076923076923 0.0625
0 0.03365384615384615 0.9290865384615384 0.0673076923076923 0.0673076923076923
0 0.4230769230769231 0.8100961538461539 0.055288461538461536 0.07451923076923077
0 0.8413461538461539 0.7271634615384616 0.07211538461538461 0.06971153846153846
0 0.5384615384615384 0.7524038461538461 0.09735576923076923 0.09014423076923077
0 0.8221153846153846 0.9639423076923077 0.055288461538461536 0.0673076923076923
0 0.29927884615384615 0.8858173076923077 0.09254807692307693 0.0625
0 0.7487980769230769 0.24278846153846154 0.09735576923076923 0.09495192307692307
0 0.8822115384615384 0.1466346153846154 0.09014423076923077 0.07692307692307693
0 0.5324519230769231 0.04326923076923077 0.09495192307692307 0.07692307692307693
0 0.5913461538461539 0.1935096153846154 0.14302884615384615 0.15264423076923078
0 0.2247596153846154 0.9146634615384616 0.09495192307692307 0.09495192307692307
0 0.03365384615384615 0.036057692307692304 0.0673076923076923 0.07211538461538461
0 0.9314903846153846 0.08774038461538461 0.07211538461538461 0.06971153846153846
0 0.8978365384615384 0.24158653846153846 0.06009615384615385 0.04807692307692308
0 0.8581730769230769 0.35336538461538464 0.10216346153846154 0.10216346153846154
0 0.13701923076923078 0.7235576923076923 0.06009615384615385 0.0829326923076923