0 0.3317307692307692 0.3161057692307692 0.11778846153846154 0.0829326923076923
0 0.8617788461538461 0.3786057692307692 0.12259615384615384 0.07692307692307693
0 0.6262019230769231 0.04927884615384615 0.0673076923076923 0.07211538461538461
0 0.21153846153846154 0.9447115384615384 0.13221153846153846 0.09975961538461539
0 0.21394230769230768 0.8365384615384616 0.0625 0.052884615384615384
0 0.15625 0.32211538461538464 0.0673076923076923 0.08052884615384616
0 0.8605769230769231 0.3798076923076923 0.125 0.08052884615384616
0 0.8930288461538461 0.5168269230769231 0.06009615384615385 0.052884615384615384
0 0.7704326923076923 0.2824519230769231 0.09014423076923077 0.06490384615384616
0 0.7151442307692307 0.13581730769230768 0.08052884615384616 0.07211538461538461
0 0.32211538461538464 0.07091346153846154 0.06009615384615385 0.057692307692307696
0 0.8954326923076923 0.9519230769230769 0.08052884615384616 0.06009615384615385
0 0.4651442307692308 0.6502403846153846 0.09495192307692307 0.08052884615384616
0 0.4338942307692308 0.33413461538461536 0.0673076923076923 0.0625
0 0.8713942307692307 0.3004807692307692 0.07692307692307693 0.06490384615384616
0 0.3713942307692308 0.49399038461538464 0.057692307692307696 0.052884615384615384
0 0.04326923076923077 0.5240384615384616 0.0673076923076923 0.04807692307692308