0 0.4254807692307692 0.44711538461538464 0.06009615384615385 0.06009615384615385
0 0.6887019230769231 0.22235576923076922 0.0625 0.06490384615384616
0 0.17067307692307693 0.7524038461538461 0.0673076923076923 0.08052884615384616
0 0.7391826923076923 0.6358173076923077 0.0673076923076923 0.0625
0 0.9651442307692307 0.5396634615384616 0.06490384615384616 0.06490384615384616
0 0.46875 0.3762019230769231 0.0625 0.057692307692307696
0 0.18028846153846154 0.08052884615384616 0.05048076923076923 0.055288461538461536
0 0.06850961538461539 0.29447115384615385 0.052884615384615384 0.055288461538461536
0 0.8810096153846154 0.11177884615384616 0.0625 0.0673076923076923
0 0.7295673076923077 0.7920673076923077 0.06009615384615385 0.055288461538461536
0 0.19110576923076922 0.26802884615384615 0.0625 0.06971153846153846