0 0.5456730769230769 0.3245192307692308 0.057692307692307696 0.055288461538461536
0 0.4795673076923077 0.5372596153846154 0.06490384615384616 0.055288461538461536
0 0.27163461538461536 0.7788461538461539 0.052884615384615384 0.052884615384615384
0 0.12860576923076922 0.7439903846153846 0.0673076923076923 0.052884615384615384
0 0.3954326923076923 0.9038461538461539 0.07451923076923077 0.07211538461538461
0 0.7992788461538461 0.6394230769230769 0.0673076923076923 0.06971153846153846
0 0.875 0.8425480769230769 0.06971153846153846 0.06971153846153846
0 0.1658653846153846 0.19831730769230768 0.0673076923076923 0.07211538461538461
0 0.042067307692307696 0.13341346153846154 0.05048076923076923 0.057692307692307696
0 0.8269230769230769 0.38100961538461536 0.06490384615384616 0.0625
0 0.23197115384615385 0.8894230769230769 0.055288461538461536 0.05048076923076923
0 0.07572115384615384 0.8677884615384616 0.0625 0.055288461538461536
0 0.19110576923076922 0.03485576923076923 0.0829326923076923 0.06490384615384616
0 0.9110576923076923 0.12259615384615384 0.052884615384615384 0.06490384615384616
0 0.45913461538461536 0.7776442307692307 0.04807692307692308 0.05048076923076923