0 0.3894230769230769 0.44711538461538464 0.09014423076923077 0.08533653846153846
0 0.41225961538461536 0.1502403846153846 0.06009615384615385 0.06971153846153846
0 0.1622596153846154 0.08413461538461539 0.08052884615384616 0.0625
0 0.08533653846153846 0.18509615384615385 0.06490384615384616 0.06971153846153846
0 0.4014423076923077 0.6370192307692307 0.0829326923076923 0.06971153846153846
0 0.2704326923076923 0.8293269230769231 0.06971153846153846 0.07692307692307693
0 0.8762019230769231 0.4375 0.057692307692307696 0.06009615384615385
0 0.6862980769230769 0.0829326923076923 0.0625 0.06009615384615385
0 0.6141826923076923 0.14302884615384615 0.0625 0.06971153846153846
0 0.5252403846153846 0.15745192307692307 0.07451923076923077 0.06971153846153846
0 0.7704326923076923 0.09735576923076923 0.08052884615384616 0.06971153846153846
0 0.6213942307692307 0.7391826923076923 0.057692307692307696 0.0625
0 0.4050480769230769 0.96875 0.05048076923076923 0.04807692307692308