0 0.3076923076923077 0.4230769230769231 0.1201923076923077 0.1201923076923077
0 0.16706730769230768 0.07692307692307693 0.11057692307692307 0.09014423076923077
0 0.12379807692307693 0.1502403846153846 0.10697115384615384 0.09975961538461539
0 0.07932692307692307 0.06610576923076923 0.0625 0.0673076923076923
0 0.3293269230769231 0.24519230769230768 0.09735576923076923 0.09975961538461539
0 0.3016826923076923 0.12980769230769232 0.08774038461538461 0.08052884615384616
0 0.48197115384615385 0.2127403846153846 0.09014423076923077 0.09014423076923077
0 0.6454326923076923 0.28125 0.11057692307692307 0.12259615384615384
0 0.3401442307692308 0.08173076923076923 0.06971153846153846 0.0673076923076923
0 0.7548076923076923 0.22355769230769232 0.08533653846153846 0.09735576923076923
0 0.9483173076923077 0.24879807692307693 0.09735576923076923 0.12740384615384615
0 0.9266826923076923 0.4795673076923077 0.14302884615384615 0.16947115384615385
0 0.5504807692307693 0.7127403846153846 0.09014423076923077 0.09975961538461539
0 0.4254807692307692 0.7512019230769231 0.11538461538461539 0.11778846153846154
0 0.45072115384615385 0.6646634615384616 0.057692307692307696 0.06971153846153846
0 0.22716346153846154 0.6730769230769231 0.09975961538461539 0.1346153846153846
0 0.09495192307692307 0.6177884615384616 0.11538461538461539 0.1201923076923077
0 0.02283653846153846 0.5612980769230769 0.04447115384615385 0.11298076923076923
0 0.0733173076923077 0.7391826923076923 0.0673076923076923 0.07692307692307693
0 0.07091346153846154 0.8293269230769231 0.11778846153846154 0.10216346153846154
0 0.056490384615384616 0.9242788461538461 0.10216346153846154 0.08774038461538461
0 0.16466346153846154 0.9375 0.1045673076923077 0.09975961538461539
0 0.2776442307692308 0.9326923076923077 0.11538461538461539 0.11538461538461539
0 0.7307692307692307 0.8665865384615384 0.39302884615384615 0.2620192307692308
0 0.8617788461538461 0.3473557692307692 0.14302884615384615 0.11057692307692307
0 0.6153846153846154 0.16105769230769232 0.09975961538461539 0.09254807692307693
0 0.6971153846153846 0.1045673076923077 0.1045673076923077 0.09975961538461539
0 0.6081730769230769 0.07211538461538461 0.0829326923076923 0.08533653846153846
0 0.5348557692307693 0.042067307692307696 0.09375 0.08413461538461539
0 0.4338942307692308 0.1310096153846154 0.08774038461538461 0.09254807692307693
0 0.9254807692307693 0.037259615384615384 0.14543269230769232 0.06971153846153846