0 0.12980769230769232 0.28725961538461536 0.15504807692307693 0.1346153846153846
0 0.5168269230769231 0.5841346153846154 0.14783653846153846 0.14783653846153846
0 0.7572115384615384 0.15745192307692307 0.2247596153846154 0.18028846153846154
0 0.9555288461538461 0.4951923076923077 0.08533653846153846 0.16466346153846154
0 0.9471153846153846 0.8822115384615384 0.09975961538461539 0.1045673076923077
0 0.875 0.4495192307692308 0.08533653846153846 0.09495192307692307
0 0.06971153846153846 0.8137019230769231 0.13942307692307693 0.21754807692307693
0 0.29447115384615385 0.9447115384615384 0.11538461538461539 0.09014423076923077
0 0.5961538461538461 0.025240384615384616 0.15264423076923078 0.05048076923076923
0 0.20793269230769232 0.027644230769230768 0.13942307692307693 0.055288461538461536
0 0.8954326923076923 0.030048076923076924 0.16947115384615385 0.055288461538461536
0 0.20192307692307693 0.5757211538461539 0.08533653846153846 0.08774038461538461
0 0.5889423076923077 0.2091346153846154 0.14302884615384615 0.14302884615384615