0 0.8173076923076923 0.3076923076923077 0.19951923076923078 0.21033653846153846
0 0.9242788461538461 0.12259615384615384 0.14783653846153846 0.14543269230769232
0 0.8665865384615384 0.7572115384615384 0.23798076923076922 0.2403846153846154
0 0.08653846153846154 0.8557692307692307 0.17307692307692307 0.22235576923076922
0 0.71875 0.9206730769230769 0.1778846153846154 0.15264423076923078
0 0.24639423076923078 0.3161057692307692 0.1622596153846154 0.1778846153846154
0 0.0829326923076923 0.28725961538461536 0.16466346153846154 0.18990384615384615
0 0.5192307692307693 0.2920673076923077 0.1622596153846154 0.13942307692307693
0 0.5504807692307693 0.4411057692307692 0.16466346153846154 0.15745192307692307
0 0.25961538461538464 0.7103365384615384 0.17548076923076922 0.18990384615384615
0 0.8725961538461539 0.9338942307692307 0.1502403846153846 0.12740384615384615