0 0.3016826923076923 0.25841346153846156 0.15745192307692307 0.20793269230769232
0 0.6394230769230769 0.8341346153846154 0.21033653846153846 0.1875
0 0.43509615384615385 0.8798076923076923 0.16466346153846154 0.16947115384615385
0 0.7043269230769231 0.5168269230769231 0.2127403846153846 0.22716346153846154
0 0.8762019230769231 0.6754807692307693 0.13221153846153846 0.15504807692307693
0 0.06490384615384616 0.7223557692307693 0.12980769230769232 0.2800480769230769
0 0.052884615384615384 0.33653846153846156 0.1045673076923077 0.17307692307692307
0 0.7908653846153846 0.16947115384615385 0.17307692307692307 0.18509615384615385
0 0.8521634615384616 0.33653846153846156 0.16947115384615385 0.16706730769230768
0 0.9447115384615384 0.5132211538461539 0.1045673076923077 0.16706730769230768
0 0.6814903846153846 0.06370192307692307 0.13701923076923078 0.11778846153846154
0 0.5072115384615384 0.17427884615384615 0.1201923076923077 0.15745192307692307