0 0.31009615384615385 0.3389423076923077 0.15504807692307693 0.14302884615384615
0 0.19110576923076922 0.42788461538461536 0.19230769230769232 0.18509615384615385
0 0.5721153846153846 0.8617788461538461 0.16947115384615385 0.15264423076923078
0 0.4326923076923077 0.9387019230769231 0.25961538461538464 0.11778846153846154
0 0.9254807692307693 0.40625 0.14543269230769232 0.15264423076923078
0 0.5528846153846154 0.25 0.22956730769230768 0.17548076923076922
0 0.06129807692307692 0.10576923076923077 0.12259615384615384 0.21153846153846154
0 0.6310096153846154 0.5240384615384616 0.19230769230769232 0.18269230769230768
0 0.25841346153846156 0.037259615384615384 0.14302884615384615 0.07451923076923077
0 0.9002403846153846 0.18269230769230768 0.09014423076923077 0.07451923076923077
0 0.7992788461538461 0.25600961538461536 0.1778846153846154 0.16706730769230768
0 0.1935096153846154 0.8966346153846154 0.09735576923076923 0.11298076923076923
0 0.49399038461538464 0.5240384615384616 0.12740384615384615 0.1622596153846154
0 0.06490384615384616 0.5504807692307693 0.12980769230769232 0.18028846153846154