0 0.09495192307692307 0.3329326923076923 0.18028846153846154 0.19471153846153846
0 0.7223557692307693 0.6502403846153846 0.21033653846153846 0.21514423076923078
0 0.49278846153846156 0.6658653846153846 0.13942307692307693 0.1875
0 0.15625 0.7644230769230769 0.20192307692307693 0.22956730769230768
0 0.8557692307692307 0.8617788461538461 0.22716346153846154 0.2127403846153846
0 0.5673076923076923 0.9194711538461539 0.19951923076923078 0.15504807692307693
0 0.06610576923076923 0.9615384615384616 0.10697115384615384 0.07211538461538461
0 0.036057692307692304 0.8882211538461539 0.07211538461538461 0.14302884615384615
0 0.5661057692307693 0.09495192307692307 0.14302884615384615 0.16466346153846154
0 0.6814903846153846 0.33653846153846156 0.17307692307692307 0.20192307692307693
0 0.3173076923076923 0.18389423076923078 0.2704326923076923 0.3076923076923077
0 0.040865384615384616 0.14903846153846154 0.08173076923076923 0.1201923076923077
0 0.5072115384615384 0.28725961538461536 0.1346153846153846 0.1502403846153846
0 0.8894230769230769 0.5516826923076923 0.21514423076923078 0.24759615384615385
0 0.9495192307692307 0.2548076923076923 0.09495192307692307 0.17548076923076922
0 0.7836538461538461 0.1201923076923077 0.28725961538461536 0.21995192307692307
0 0.9098557692307693 0.04447115384615385 0.12259615384615384 0.0889423076923077
0 0.2548076923076923 0.5144230769230769 0.18990384615384615 0.18990384615384615
0 0.5528846153846154 0.4375 0.15985576923076922 0.1346153846153846