0 0.1622596153846154 0.32091346153846156 0.18509615384615385 0.23197115384615385
0 0.09254807692307693 0.6141826923076923 0.18509615384615385 0.22716346153846154
0 0.25721153846153844 0.6971153846153846 0.13942307692307693 0.125
0 0.8918269230769231 0.7836538461538461 0.2127403846153846 0.20793269230769232
0 0.6802884615384616 0.5492788461538461 0.22956730769230768 0.13221153846153846
0 0.6225961538461539 0.6923076923076923 0.18509615384615385 0.19951923076923078
0 0.47596153846153844 0.14543269230769232 0.24278846153846154 0.18509615384615385
0 0.1778846153846154 0.11658653846153846 0.17548076923076922 0.1875
0 0.04567307692307692 0.17668269230769232 0.09134615384615384 0.19951923076923078
0 0.6538461538461539 0.08533653846153846 0.17307692307692307 0.16466346153846154
0 0.9014423076923077 0.11899038461538461 0.14302884615384615 0.13221153846153846
0 0.7115384615384616 0.27884615384615385 0.2127403846153846 0.21754807692307693
0 0.5192307692307693 0.8149038461538461 0.11778846153846154 0.125
0 0.40625 0.8365384615384616 0.13221153846153846 0.17307692307692307
0 0.10576923076923077 0.8185096153846154 0.21153846153846154 0.2283653846153846
0 0.23798076923076922 0.9543269230769231 0.18028846153846154 0.08774038461538461
0 0.9495192307692307 0.9639423076923077 0.09495192307692307 0.0673076923076923
0 0.38221153846153844 0.6430288461538461 0.15504807692307693 0.2403846153846154
0 0.5300480769230769 0.38341346153846156 0.19471153846153846 0.2127403846153846
0 0.33653846153846156 0.37259615384615385 0.15745192307692307 0.18990384615384615
0 0.9411057692307693 0.5661057692307693 0.11298076923076923 0.1971153846153846