0 0.46153846153846156 0.4519230769230769 0.14302884615384615 0.1502403846153846
0 0.45913461538461536 0.7728365384615384 0.19230769230769232 0.2247596153846154
0 0.8978365384615384 0.3485576923076923 0.19951923076923078 0.2824519230769231
0 0.9326923076923077 0.9459134615384616 0.12980769230769232 0.10216346153846154
0 0.41466346153846156 0.16826923076923078 0.18990384615384615 0.20793269230769232
0 0.5552884615384616 0.040865384615384616 0.22115384615384615 0.08173076923076923
0 0.15504807692307693 0.71875 0.23557692307692307 0.3076923076923077
0 0.30288461538461536 0.78125 0.14543269230769232 0.25721153846153844
0 0.5649038461538461 0.9459134615384616 0.12980769230769232 0.10216346153846154
0 0.8040865384615384 0.14543269230769232 0.3076923076923077 0.18990384615384615
0 0.3425480769230769 0.07451923076923077 0.18509615384615385 0.14903846153846154
0 0.9375 0.7872596153846154 0.1201923076923077 0.19471153846153846