0 0.41466346153846156 0.3401442307692308 0.22956730769230768 0.16947115384615385
0 0.34134615384615385 0.8822115384615384 0.20192307692307693 0.12980769230769232
0 0.1201923076923077 0.9230769230769231 0.125 0.1502403846153846
0 0.38822115384615385 0.4831730769230769 0.32211538461538464 0.20192307692307693
0 0.8966346153846154 0.5 0.20192307692307693 0.2247596153846154
0 0.9014423076923077 0.7692307692307693 0.19230769230769232 0.2920673076923077
0 0.8100961538461539 0.9230769230769231 0.3245192307692308 0.1502403846153846
0 0.5492788461538461 0.9134615384615384 0.22235576923076922 0.16706730769230768
0 0.16346153846153846 0.7776442307692307 0.22716346153846154 0.1346153846153846
0 0.3389423076923077 0.17067307692307693 0.20793269230769232 0.1971153846153846
0 0.5961538461538461 0.16466346153846154 0.28725961538461536 0.18990384615384615
0 0.8858173076923077 0.09975961538461539 0.22235576923076922 0.18990384615384615
0 0.7524038461538461 0.375 0.27524038461538464 0.18028846153846154
0 0.17668269230769232 0.6237980769230769 0.14783653846153846 0.1622596153846154