0 0.8245192307692307 0.32091346153846156 0.2247596153846154 0.20192307692307693
0 0.5408653846153846 0.3701923076923077 0.1622596153846154 0.1502403846153846
0 0.26322115384615385 0.6370192307692307 0.14302884615384615 0.1346153846153846
0 0.11057692307692307 0.6286057692307693 0.18509615384615385 0.2620192307692308
0 0.8185096153846154 0.7932692307692307 0.2920673076923077 0.18269230769230768
0 0.6538461538461539 0.5588942307692307 0.20192307692307693 0.28725961538461536
0 0.7163461538461539 0.06009615384615385 0.14302884615384615 0.1201923076923077
0 0.13942307692307693 0.16466346153846154 0.27884615384615385 0.25240384615384615
0 0.8473557692307693 0.9302884615384616 0.3004807692307692 0.1346153846153846
0 0.13341346153846154 0.8569711538461539 0.16706730769230768 0.19471153846153846
0 0.65625 0.1971153846153846 0.3076923076923077 0.20552884615384615