0 0.5444711538461539 0.5084134615384616 0.06009615384615385 0.052884615384615384
0 0.6935096153846154 0.3016826923076923 0.052884615384615384 0.0673076923076923
0 0.6971153846153846 0.08052884615384616 0.05048076923076923 0.055288461538461536
0 0.3701923076923077 0.26322115384615385 0.05048076923076923 0.04807692307692308
0 0.20673076923076922 0.8076923076923077 0.0625 0.06009615384615385
0 0.8100961538461539 0.5372596153846154 0.05048076923076923 0.039663461538461536
0 0.040865384615384616 0.2439903846153846 0.04807692307692308 0.042067307692307696
0 0.8725961538461539 0.16706730769230768 0.055288461538461536 0.055288461538461536
0 0.8605769230769231 0.4387019230769231 0.05048076923076923 0.052884615384615384
0 0.7271634615384616 0.9314903846153846 0.055288461538461536 0.057692307692307696
0 0.8774038461538461 0.8641826923076923 0.04447115384615385 0.057692307692307696
0 0.6346153846153846 0.7127403846153846 0.05048076923076923 0.055288461538461536
0 0.4387019230769231 0.9495192307692307 0.057692307692307696 0.05048076923076923
0 0.9567307692307693 0.28365384615384615 0.057692307692307696 0.052884615384615384