0 0.5372596153846154 0.25841346153846156 0.055288461538461536 0.04807692307692308
0 0.6081730769230769 0.35096153846153844 0.042067307692307696 0.042067307692307696
0 0.6490384615384616 0.3641826923076923 0.03245192307692308 0.04807692307692308
0 0.7379807692307693 0.3401442307692308 0.039663461538461536 0.04447115384615385
0 0.8689903846153846 0.2403846153846154 0.057692307692307696 0.055288461538461536
0 0.8978365384615384 0.5420673076923077 0.039663461538461536 0.039663461538461536
0 0.8641826923076923 0.7560096153846154 0.057692307692307696 0.0673076923076923
0 0.47596153846153844 0.7908653846153846 0.0673076923076923 0.04807692307692308
0 0.19471153846153846 0.8040865384615384 0.06490384615384616 0.0673076923076923
0 0.12860576923076922 0.7920673076923077 0.04807692307692308 0.055288461538461536
0 0.10216346153846154 0.5252403846153846 0.05048076923076923 0.05048076923076923
0 0.2644230769230769 0.2644230769230769 0.04447115384615385 0.05048076923076923
0 0.2764423076923077 0.9699519230769231 0.0625 0.055288461538461536