0 0.47475961538461536 0.23677884615384615 0.05048076923076923 0.0673076923076923
0 0.6514423076923077 0.21394230769230768 0.0625 0.07211538461538461
0 0.7163461538461539 0.3473557692307692 0.057692307692307696 0.06009615384615385
0 0.28966346153846156 0.06009615384615385 0.055288461538461536 0.05048076923076923
0 0.34134615384615385 0.1045673076923077 0.052884615384615384 0.055288461538461536
0 0.3425480769230769 0.18629807692307693 0.05048076923076923 0.042067307692307696
0 0.5384615384615384 0.06129807692307692 0.057692307692307696 0.052884615384615384
0 0.5997596153846154 0.09975961538461539 0.04447115384615385 0.04447115384615385
0 0.6322115384615384 0.5096153846153846 0.06490384615384616 0.06009615384615385
0 0.9254807692307693 0.49038461538461536 0.05048076923076923 0.055288461538461536
0 0.7512019230769231 0.06370192307692307 0.042067307692307696 0.042067307692307696
0 0.8221153846153846 0.36899038461538464 0.05048076923076923 0.052884615384615384
0 0.5853365384615384 0.38341346153846156 0.05048076923076923 0.052884615384615384