0 0.5324519230769231 0.19591346153846154 0.055288461538461536 0.04807692307692308
0 0.5252403846153846 0.2536057692307692 0.039663461538461536 0.042067307692307696
0 0.8557692307692307 0.23076923076923078 0.0625 0.052884615384615384
0 0.5889423076923077 0.34615384615384615 0.042067307692307696 0.04807692307692308
0 0.6298076923076923 0.3641826923076923 0.039663461538461536 0.042067307692307696
0 0.8497596153846154 0.7596153846153846 0.055288461538461536 0.055288461538461536
0 0.4735576923076923 0.7920673076923077 0.0625 0.06009615384615385
0 0.18269230769230768 0.7956730769230769 0.055288461538461536 0.0625
0 0.11298076923076923 0.7908653846153846 0.05048076923076923 0.057692307692307696
0 0.2548076923076923 0.9711538461538461 0.06009615384615385 0.052884615384615384
0 0.08413461538461539 0.5240384615384616 0.052884615384615384 0.052884615384615384
0 0.24158653846153846 0.25721153846153844 0.052884615384615384 0.055288461538461536