3 0.43028846153846156 0.25721153846153844 0.03365384615384615 0.5132211538461539
3 0.33052884615384615 0.27283653846153844 0.03365384615384615 0.5336538461538461
3 0.6466346153846154 0.28966346153846156 0.039663461538461536 0.46033653846153844
3 0.22716346153846154 0.3137019230769231 0.052884615384615384 0.6129807692307693
3 0.9399038461538461 0.3233173076923077 0.026442307692307692 0.5
3 0.5264423076923077 0.3233173076923077 0.052884615384615384 0.6334134615384616
3 0.4699519230769231 0.33653846153846156 0.046875 0.6598557692307693
3 0.7608173076923077 0.3473557692307692 0.055288461538461536 0.6947115384615384
3 0.84375 0.34975961538461536 0.046875 0.6995192307692307
3 0.13942307692307693 0.3701923076923077 0.08052884615384616 0.7403846153846154
3 0.7103365384615384 0.39663461538461536 0.0733173076923077 0.7800480769230769