0 0.5564903846153846 0.7668269230769231 0.6730769230769231 0.453125
3 0.0829326923076923 0.3401442307692308 0.046875 0.3870192307692308
3 0.9302884615384616 0.34375 0.12620192307692307 0.6862980769230769
3 0.7163461538461539 0.3473557692307692 0.10096153846153846 0.6947115384615384
3 0.6033653846153846 0.34975961538461536 0.13942307692307693 0.6862980769230769
3 0.13942307692307693 0.40024038461538464 0.039663461538461536 0.2403846153846154
3 0.4567307692307692 0.4338942307692308 0.03365384615384615 0.2668269230769231
3 0.8100961538461539 0.43990384615384615 0.046875 0.43990384615384615
3 0.8605769230769231 0.453125 0.039663461538461536 0.4266826923076923
3 0.34615384615384615 0.453125 0.039663461538461536 0.18629807692307693
3 0.41947115384615385 0.46274038461538464 0.039663461538461536 0.20673076923076922