3 0.3737980769230769 0.6730769230769231 0.039663461538461536 0.3329326923076923
3 0.9567307692307693 0.31971153846153844 0.0733173076923077 0.453125
3 0.9338942307692307 0.35697115384615385 0.08052884615384616 0.46033653846153844
3 0.5997596153846154 0.44350961538461536 0.08052884615384616 0.8737980769230769
3 0.7127403846153846 0.4567307692307692 0.1201923076923077 0.9134615384615384
3 0.3137019230769231 0.48677884615384615 0.06610576923076923 0.7331730769230769
3 0.2536057692307692 0.4963942307692308 0.09375 0.7271634615384616
3 0.8870192307692307 0.4963942307692308 0.2127403846153846 0.9927884615384616
3 0.046875 0.5036057692307693 0.09375 0.6069711538461539
3 0.43990384615384615 0.5432692307692307 0.039663461538461536 0.6201923076923077
3 0.49278846153846156 0.6069711538461539 0.039663461538461536 0.49278846153846156
3 0.13341346153846154 0.6189903846153846 0.06610576923076923 0.40625