3 0.39302884615384615 0.22355769230769232 0.052884615384615384 0.36658653846153844
3 0.8197115384615384 0.3605769230769231 0.06610576923076923 0.7067307692307693
3 0.6394230769230769 0.3894230769230769 0.039663461538461536 0.7536057692307693
3 0.030048076923076924 0.4098557692307692 0.06009615384615385 0.8197115384615384
3 0.28966346153846156 0.4338942307692308 0.12620192307692307 0.8665865384615384
3 0.9603365384615384 0.44350961538461536 0.039663461538461536 0.6069711538461539
3 0.5733173076923077 0.46274038461538464 0.06610576923076923 0.7271634615384616
3 0.9831730769230769 0.4831730769230769 0.020432692307692308 0.59375
3 0.9134615384615384 0.4831730769230769 0.039663461538461536 0.41947115384615385
3 0.7367788461538461 0.4963942307692308 0.08653846153846154 0.9927884615384616
3 0.09615384615384616 0.4963942307692308 0.0733173076923077 0.5
3 0.8762019230769231 0.5036057692307693 0.03365384615384615 0.41947115384615385
3 0.5048076923076923 0.5132211538461539 0.026442307692307692 0.3870192307692308
3 0.43990384615384615 0.5600961538461539 0.039663461538461536 0.31971153846153844